
c
1
0.0694444444444444444452
0.037133487654320987653
0.0379930591278006401452
0.0576491904126697213324
0.11609906402551541102
0.291591399230750511479
0.877666969510016916494
3.07945303017316699334
12.3415733323452387078
55.6227853659170827783
278.465080777602567164
1533.16943201279561593
9207.20659972641469793
59892.5135658790686328
419524.875116551068601
3148257.41786682637894
25198919.8716023676752
214288036.963680319517
1929375549.18249305268
18335766937.8905676603
183418303528.832563385
1926471158970.44656384
21196999388647.6490536
243826826879716.041809
2926599219297925.04639
36590307012643128.043
475768102036306763.281
6424049357901937699.5
89952074270583789504
1.30451329931760981786e+21
1.95706217865816150364e+22
3.03387108659433829958e+23
4.85483217943616736146e+24
8.01146468760959366369e+25
1.36210795452632158901e+27
2.38395167272710566699e+28
4.29156044928580354536e+29
7.94017110757663235806e+30
1.50877389525272924774e+32
2.94237103565519229846e+33
5.88524044038823947523e+34
1.20657159914930450596e+36
2.53399521796792403993e+37
5.44848965474498364312e+38
1.19875180567437086135e+40
2.69737253375249059292e+41
6.20435537558193292805e+42
1.45811327534762781886e+44
3.49967850954113040868e+45
8.57469841483542799688e+46
2.14379136158487599851e+48
5.46695426896472237639e+49
1.42147974193120733491e+51
3.7671041195824539663e+52
1.01716567673321689422e+54
2.79733174763300484427e+55
7.83286969889722265449e+56
2.23246164854513011938e+58
6.47440154698244809726e+59
1.91002339156291226414e+61
5.73028761815316790647e+62
1.74780190686577258666e+64
5.41837857022424618222e+65
1.7068480427908873765e+67
5.46209609249096684009e+68
1.77523870160935895014e+70
5.85847171600549578799e+71
1.96264785402560748518e+73
6.67320023265788123183e+74
2.30232028265022952e+76
8.05834617709687630832e+77
2.86079061611569796393e+79
1.02991183632425510756e+81
3.75927485346907208317e+82
1.39096650388405175478e+84
5.21625148811269810488e+85
1.98222260959797781066e+87
7.63173352688540527974e+88
2.97644316175048813418e+90
1.17572088607166634205e+92
4.70298434340241225061e+93
1.90474848787492312007e+95
7.80962816679386776575e+96
3.24106025294437901392e+98
1.36127178548707173803e+100
5.78551501013735843003e+101
2.48781763503443239783e+103
1.08222030363924446388e+105
4.76185377892026297231e+106
2.11906167431842844406e+108
9.53593924548866048325e+109
4.33892433691507518346e+111
1.99593759435621023584e+113
9.28125726777487317427e+114
4.36225876130205424388e+116
2.07210446730974675957e+118
9.94624978962654029551e+119
4.82400162876386656324e+121
2.36379463648955810981e+123
1.17009476030286244263e+125
5.85055425357428902933e+126
2.95456973025990140557e+128
1.50685048267075265648e+130
7.76038060344152033081e+131
4.03544923905813184678e+133
2.11863728819707489584e+135
1.12289151298645512734e+137
6.00754179686391523429e+138
3.24411084465537294137e+140
1.76806089083493491582e+142
9.7244455140122393156e+143
5.39712755569788664671e+145
3.02242459937884318014e+147
1.70768831010493929894e+149
9.7339264888729187977e+150
5.59706600412928027651e+152
3.24633150334704885459e+154
1.899123034516305991e+156
1.12049367301538218344e+158
6.66700219782537904874e+159
4.00023958202280907167e+161
2.42016771715785016419e+163
1.4763159714664983905e+165
9.07942590350482231617e+166
5.62929450142800930799e+168
3.51834008904562215552e+170
2.21657349461628923241e+172
1.40753619476219553005e+174
9.00830741823702869124e+175
5.81040640606319459713e+177
3.77679496550175324275e+179
2.47382057190578169511e+181
1.63273449423189646466e+183
1.08577690018211243314e+185
7.27476108394135608782e+186
4.91050087811202862019e+188
3.33916548813847321606e+190
2.28734516274385646075e+192
1.57827958987700767978e+194
1.09691214373232726739e+196
7.67843903056205388715e+197
5.41333706759784502493e+199
3.84349560653889303402e+201
2.74811789405149746289e+203
1.97865804520124508518e+205
1.43453649419615573777e+207
1.0472184176740695206e+209
7.69710450740524027489e+210
5.69589320938231723827e+212
4.24346681086579570824e+214
3.1826196237251877736e+216
2.40289235638959884703e+218
1.82620909723026174474e+220
1.39705819445103312722e+222
1.07574106894859681129e+224
8.33704117168553503135e+225
6.50292899042379237195e+227
5.10482783927324673476e+229
4.03283628874493931137e+231
3.20612235318195221006e+233
2.56491171157572559936e+235
2.06476492281036400964e+237
1.67246838419130116135e+239
1.36306881504504404874e+241
1.11772216515854826198e+243
9.22125462135007296973e+244
7.65367968092440849353e+246
6.39085417080601190297e+248
5.36834376438340603654e+250
4.53627241041281953805e+252
3.8558499710098082887e+254
3.29676729308310108053e+256
2.83523310570309298504e+258
2.45248795201868670041e+260
2.13367425035130512079e+262
1.86697338791096817744e+264
1.64294390627293539054e+266
1.45401176678900986974e+268
1.29407611339413835673e+270
1.15820311406535180087e+272
1.04238724634786690209e+274
9.43364435307633755086e+275
8.58465215988914945532e+277
7.8549891261029191681e+279
7.22661948170960343475e+281
6.68465000168757235601e+283
6.2167493257301734547e+285
5.81268358331851939581e+287
5.46394392591634870576e+289
5.16344698054623430865e+291
4.90529340495907873825e+293
4.68457294368255271649e+295
4.49720688176766167053e+297
4.33982073915494073022e+299
4.20964157218235503051e+301
4.10441544799107627704e+303
4.02234160750082606675e+305
3.96202059092762169518e+307
3.92241421116501956325e+309
3.90281575960298323152e+311

d
-1
-0.097222222222222222226
-0.0438850308641975308642
-0.0424628307898948331041
-0.0626621634920323057941
-0.12410589602727509454
-0.308253764901079112129
-0.920479992412944570963
-3.21049358464862090792
-12.8072930807356250736
-57.5083035139142720246
-287.033237109221107675
-1576.35730333709971773
-9446.35482309593196248
-61335.706663852058238
-428952.400400069070145
-3214536.52140086482927
-25697908.3839113254508
-218293420.832160325488
-1963523788.99103275267
-18643931088.1072158571
-186352996385.293884397
-1955882932389.84269464
-21506444635197.2497692
-247236992290621.16127
-2965882430295212.63086
-37062440006354652.2734
-481678264794521754.125
-6500984080751062702
-90991982643654122328
-1.31908886690775070963e+21
-1.97821960761662811464e+22
-3.06563937022359838654e+23
-4.90411981577562083715e+24
-8.09039537418702808395e+25
-1.37514248040695624531e+27
-2.4061279673571252547e+28
-4.33039810041056194836e+29
-8.01012856226893748927e+30
-1.52172474413901876915e+32
-2.96699338741799725466e+33
-5.93328321949344959328e+34
-1.21618571547718741037e+36
-2.55371502511164329333e+37
-5.48992303614988846157e+38
-1.20766445850466358143e+40
-2.71698978854341779724e+41
-6.24851448857539864278e+42
-1.46827434346851721133e+44
-3.52356710004994358573e+45
-8.63205425707512985618e+46
-2.15784900985756371004e+48
-5.50211153114455981936e+49
-1.43044806837872283858e+51
-3.79042984168513169984e+52
-1.02334905470727900303e+54
-2.81403223567857502246e+55
-7.87881028364148788984e+56
-2.24532886265778216615e+58
-6.51108370872172542358e+59
-1.92066419040170286173e+61
-5.76168645441702088148e+62
-1.75722401957124844961e+64
-5.44712328412464006147e+65
-1.715761087400761462e+67
-5.49017884875056049962e+68
-1.78422725199725443847e+70
-5.8876910263097626001e+71
-1.97229231522475051958e+73
-6.70551597228334312631e+74
-2.31330987827147166567e+76
-8.09626780616556749062e+77
-2.87406574658491233968e+79
-1.03462539163924025677e+81
-3.77624674897006112218e+82
-1.39716234577217670692e+84
-5.23918006608242425071e+85
-1.99082227384786057776e+87
-7.66441761051232350389e+88
-2.98902854509827032509e+90
-1.18062995031413676518e+92
-4.72237809327211291939e+93
-1.91250713752003482317e+95
-7.84105524191175053311e+96
-3.25394717243918767794e+98
-1.3666205940744472655e+100
-5.8079830295942025403e+101
-2.49736779870059144742e+103
-1.08632740156576911076e+105
-4.77972189816574238343e+106
-2.12692461188547270542e+108
-9.57093351794916932953e+109
-4.35467360855542028395e+111
-2.00310433616718406065e+113
-9.31422798631048551207e+114
-4.37759183251928466317e+116
-2.07931178719604153074e+118
-9.98048817100219103627e+119
-4.84043775015658842566e+121
-2.37176696241363756376e+123
-1.17400158754928268452e+125
-5.86989492879271643108e+126
-2.9642409896060876622e+128
-1.51173492507811328091e+130
-7.78529354277841124719e+131
-4.04828055619345182095e+133
-2.12531016154572710024e+135
-1.12639507464943938674e+137
-6.0261122506409288828e+138
-3.25404686561909536984e+140
-1.77342678124718054535e+142
-9.75369196668596033569e+143
-5.4132143740457193937e+145
-3.03135347559561967396e+147
-1.71268886152545156621e+149
-9.76218171815847153764e+150
-5.61317266888936453635e+152
-3.25559350478313173286e+154
-1.90449537690531958651e+156
-1.12363671277138606056e+158
-6.68554740560792530479e+159
-4.01127472569735475195e+161
-2.42678924305978682666e+163
-1.48032225632800856251e+165
-9.10386581172421618526e+166
-5.64432599542381173634e+168
-3.52766019524176949887e+170
-2.22239891772960405299e+172
-1.41120643255818560967e+174
-9.03161481129844403084e+175
-5.82532400915963412141e+177
-3.7864173730571717224e+179
-2.48007549117735130741e+181
-1.63683169497024501286e+183
-1.08848120130336302457e+185
-7.2927456601686523945e+186
-4.9225511870153710219e+188
-3.34729987422407241986e+190
-2.29287683181941596838e+192
-1.58206897664742066336e+194
-1.0995269521798417543e+196
-7.69661285075273330487e+197
-5.42605936387892104103e+199
-3.85246525789604330941e+201
-2.75448664931001773501e+203
-1.98321191872299708765e+205
-1.43781543475431837947e+207
-1.04959575800931144916e+209
-7.71445987269814949734e+210
-5.70864996908978043463e+212
-4.25290722646282751164e+214
-3.18965303725828211103e+216
-2.40816764147497667122e+218
-1.83019210507591117052e+220
-1.40008540613998444486e+222
-1.0780569808300792587e+224
-8.35487441483352548113e+225
-6.51675030602511817928e+227
-5.11560889067614693929e+229
-4.04129974370557926824e+231
-3.21280873973707619788e+233
-2.57022759077070119645e+235
-2.06901778567918041344e+237
-1.67589206563283913704e+239
-1.3658420984937623479e+241
-1.11998247287373238385e+243
-9.23978980651861583018e+244
-7.66897174821896275678e+246
-6.40354702913929097315e+248
-5.37894266618870397542e+250
-4.54517579100244234363e+252
-3.86337358070933962184e+254
-3.30316257396202077234e+256
-2.84070125055497937464e+258
-2.45719070935716932114e+260
-2.13774226608124087899e+262
-1.87051267395440129257e+264
-1.64604087876355355337e+266
-1.45673718715787399321e+268
-1.29648818443494756152e+270
-1.16034992243247942234e+272
-1.0443086974932085922e+274
-9.45093792659251782156e+275
-8.60030330329824544375e+277
-7.86923208009403960184e+279
-7.23965215886327269237e+281
-6.69664040527804333798e+283
-6.22784076074485708291e+285
-5.82299890467312191495e+287
-5.47358901669466529624e+289
-5.17251361264552532607e+291
-4.91386160304634350482e+293
-4.69271294879755280839e+295
-4.50498079167564379946e+297
-4.34728388745959239078e+299
-4.2168436963434882297e+301
-4.1114016870514866197e+303
-4.02915336297500189413e+305
-3.96869627852817371162e+307
-3.92898992652321741667e+309
-3.90932587763401406236e+311



                                        1/                                       1	                                        1/                                       1
                                        1/                                       6	                                        2/                                      24
                                        4/                                     720	                                       10/                                    5040
                                       28/                                  362880	                                       80/                                 3628800
                                      280/                               479001600	                                      880/                              6227020800
                                     3640/                           1307674368000	                                    12320/                          20922789888000
                                    58240/                        6402373705728000	                                   209440/                      121645100408832000
                                  1106560/                    51090942171709440000	                                  4188800/                 1.12400072777760768e+21
                                 24344320/               6.2044840173323943936e+23	                                 96342400/               1.5511210043330985984e+25
                                608608000/              1.08888694504183521604e+28	                               2504902400/              3.04888344611713860494e+29
                              17041024000/               2.6525285981219105863e+32	                              72642169600/              8.22283865417792281751e+33
                             528271744000/              8.68331761881188649558e+36	                            2324549427200/              2.95232799039604140843e+38
F
1
0.166666666666666666671
0.0055555555555555555554
7.71604938271604938293e-05
5.84549195660306771413e-07
2.78356759838241319725e-09
9.09662613850461829133e-12
2.16586336631062340282e-14
3.9236655186786655847e-17
5.58926712062487975073e-20
6.42444496623549396612e-23
6.08375470287452080124e-26
4.82837674831311174686e-29

Fp
1
1
0.0499999999999999999973
0.000925925925925925925952
8.76823793490460157129e-06
5.01042167708834375494e-08
1.91029148908596984119e-10
5.19807207914549616664e-13
1.05938969004323970788e-15
1.67678013618746392524e-18
2.1200668388577130088e-21
2.19015169303482748847e-24
1.88306693184211358127e-27

G
1
0.0833333333333333333356
0.00198412698412698412696
2.20458553791887125215e-05
1.41319585764030208476e-07
5.88831607350125868627e-10
1.72172984605299961594e-12
3.72668797846969613851e-15
6.21114663078282689725e-18
8.21580242167040594874e-21
8.83419615233376983785e-24
7.87361510903188042579e-27
5.9111224542281384578e-30

Gp
1
0.583333333333333333369
0.0198412698412698412696
0.000286596119929453262791
2.26111337222448333562e-06
1.11878005396523915037e-08
3.78780566131659915511e-11
9.31671994617424034639e-14
1.73912105661919153125e-16
2.54689875071782584419e-19
3.00362669179348174486e-22
2.9132375903417957575e-25
2.36444898169125538315e-28

c
 1
 0.0694444444444444444444444444444444471
 0.0371334876543209876543209876543209876
 0.037993059127800640146319158664837679
 0.057649190412669721333130112279632168
 0.116099064025515411018109253896481456
 0.291591399230750511469093843698338833
 0.877666969510016916465506668433293675
 3.07945303017316699336248086268001127
 12.3415733323452387064233993833024529
 55.6227853659170827810332374983561958
 278.465080777602567205551498334573594
 1533.169432012795615968528330529591
 9207.20659972641469803322408750729846
 59892.5135658790686259958832755807077
 419524.87511655106866264708979608155
 3148257.41786682637898314591257562958
 25198919.8716023676755701638116858171
 214288036.963680319562082388401689385
 1929375549.18249305266532805405234501
 18335766937.8905676567534822359071795
 183418303528.832563365341546837365161
 1926471158970.44656357903239566492682
 21196999388647.6490549357181651030291
 243826826879716.041819998420120227443
 2926599219297925.04640059214816528695
 36590307012643128.0507509931772481271
 475768102036306763.240140357274331917
 6424049357901937699.48405786972449505
 89952074270583789520.9843869430724226
 1304513299317609817937.42403749617779
 19570621786581615032990.4318528492404
 303387108659433829918975.370871621708
 4854832179436167359995522.96965905838
 80114646876095936618357492.4041327536
 1362107954526321589052986810.33931303
 23839516727271056669517263368.4579391
 429156044928580354617131906667.093323
 7940171107576632357848623628433.81934
 150877389525272924757026001047843.109
 2942371035655192298256376857240313
 58852404403882394732570383311569920
 1.2065715991493045060301475046849856e+36
 2.53399521796792404026441281983599903e+37
 5.44848965474498364427686262780203958e+38
 1.19875180567437086136504985315700155e+40
 2.69737253375249059309270351167045845e+41
 6.2043553755819329283261454857533513e+42
 1.45811327534762781936220446324760688e+44
 3.49967850954113040986772639836784608e+45
 8.57469841483542799451063352688988237e+46
 2.1437913615848759995535095613728931e+48
 5.46695426896472237738703077967947648e+49
 1.42147974193120733492326672167342023e+51
 3.76710411958245396523890517492449005e+52
 1.0171656767332168945282069086585894e+54
 2.79733174763300484498413251653292849e+55
 7.8328696988972226552398040059067872e+56
 2.23246164854513011889199404355132123e+58
 6.47440154698244809927346963708550338e+59
 1.91002339156291226391645217106102327e+61
 5.73028761815316790653350000728268888e+62
 1.74780190686577258658127634518725025e+64
 5.41837857022424618381053044392805162e+65
 1.70684804279088737696047128396107719e+67
 5.4620960924909668378308756803938182e+68
 1.77523870160935895048145958429802762e+70
 5.85847171600549578855300417581868648e+71
 1.96264785402560748515982903987327621e+73
 6.67320023265788123129514577150310152e+74
 2.3023202826502295196503103620591615e+76
 8.05834617709687630679639635233637561e+77
 2.86079061611569796464870446661830447e+79
 1.02991183632425510762707859185308651e+81
 3.75927485346907208269503309511661081e+82
 1.39096650388405175459792793994402539e+84
 5.21625148811269810493910458545711732e+85
 1.98222260959797781142542521058865425e+87
 7.63173352688540527714061368338121149e+88
 2.9764431617504881337289773517585105e+90
 1.17572088607166634136577356242856794e+92
 4.70298434340241225043749117817469725e+93
 1.90474848787492312006751622298712597e+95
 7.80962816679386776777213675489505513e+96
 3.24106025294437901472801423457075882e+98
 1.36127178548707173830189937732882375e+100
 5.78551501013735843039759931580652263e+101
 2.48781763503443239900479910425877997e+103
 1.08222030363924446377225652448691416e+105
 4.76185377892026297240689970154114708e+106
 2.11906167431842844450326486486869272e+108
 9.53593924548866048106784385046107517e+109
 4.33892433691507518570713305102266808e+111
 1.99593759435621023562828080870527914e+113
 9.28125726777487317857898420912084933e+114
 4.36225876130205424534424669366844202e+116
 2.07210446730974675940776880164741291e+118
 9.94624978962654029758851932643003862e+119
 4.82400162876386656346519369672649368e+121
 2.36379463648955811123377168744604195e+123
 1.17009476030286244254760055314473154e+125
 5.85055425357428903221287540052516591e+126
 2.95456973025990140713509611917289283e+128
 1.50685048267075265656424378275308952e+130
 7.76038060344152032878559401241390497e+131
 4.03544923905813185086486328853203265e+133
 2.11863728819707489604793991976605989e+135
 1.12289151298645512763448427338930181e+137
 6.00754179686391523474312991126145641e+138
 3.24411084465537294181757674184871626e+140
 1.76806089083493491599854534436273882e+142
 9.72444551401223931870496226595104009e+143
 5.39712755569788664776988690087084881e+145
 3.0224245993788431813465629789351966e+147
 1.70768831010493929977063597395473909e+149
 9.73392648887291879971314260202353552e+150
 5.59706600412928027893706677311875328e+152
 3.24633150334704885618211540140729742e+154
 1.89912303451630599052317699967379477e+156
 1.12049367301538218418686375740440949e+158
 6.66700219782537905275120202228293811e+159
 4.00023958202280907409248401870735617e+161
 2.42016771715785016610711228307124819e+163
 1.47631597146649839045229257528571706e+165
 9.07942590350482232005346606586195784e+166
 5.62929450142800930966826036897921957e+168
 3.51834008904562215457280860947207218e+170
 2.2165734946162892322176726436120345e+172
 1.40753619476219553034685178186553482e+174
 9.0083074182370286872608907478122707e+175
 5.81040640606319459852198853282367881e+177
 3.77679496550175324473584959674109621e+179
 2.47382057190578169681526397665665027e+181
 1.63273449423189646387101081222902148e+183
 1.08577690018211243317811870241884695e+185
 7.27476108394135608585477278144816416e+186
 4.9105008781120286205953838761130399e+188
 3.33916548813847321721887459711066408e+190
 2.2873451627438564609266582600242104e+192
 1.57827958987700767994417500806108878e+194
 1.096912143732327267162788655280076e+196
 7.6784390305620538886219458622095134e+197
 5.41333706759784502812698817648966045e+199
 3.84349560653889303642814590497829118e+201
 2.74811789405149746246701759051002368e+203
 1.97865804520124508627827597463843526e+205
 1.43453649419615573761399455590879003e+207
 1.04721841767406952063762652276426544e+209
 7.69710450740524027799664492103932573e+210
 5.69589320938231724102828344517145284e+212
 4.24346681086579570714589074203905186e+214
 3.18261962372518777463695275985316241e+216
 2.40289235638959884764592234608296107e+218
 1.82620909723026174366827047250355998e+220
 1.39705819445103312650066986001533295e+222
 1.07574106894859681131737287406601714e+224
 8.33704117168553503649931736361607532e+225
 6.50292899042379237064496515206605792e+227
 5.10482783927324673578211798968282644e+229
 4.03283628874493931525256827700487119e+231
 3.206122353181952211091569786157574e+233
 2.56491171157572559716954245577986946e+235
 2.06476492281036400852325280834335891e+237
 1.67246838419130116236058547027963019e+239
 1.36306881504504404870075029761339264e+241
 1.1177221651585482623758976546082081e+243
 9.22125462135007297000035142936873516e+244
 7.6536796809244084945454430517762054e+246
 6.39085417080601189820542570816638176e+248
 5.36834376438340603497537402083652739e+250
 4.53627241041281953503636006465760017e+252
 3.85584997100980828777122053010542382e+254
 3.29676729308310108042540038148840221e+256
 2.8352331057030929852877150144977438e+258
 2.45248795201868669940743545958322982e+260
 2.13367425035130512168565697458129756e+262
 1.8669733879109681782281130695238442e+264
 1.64294390627293538890044692472567014e+266
 1.45401176678900987026689592026316602e+268
 1.29407611339413835704634504631509967e+270
 1.15820311406535180076927606315358377e+272
 1.042387246347866902121909419376833e+274
 9.43364435307633755314185327303965394e+275
 8.58465215988914946061452493419343729e+277
 7.85498912610291916418217488047591129e+279
 7.22661948170960343479821718949308474e+281
 6.68465000168757235581527293663561396e+283
 6.21674932573017345390714848077751532e+285
 5.81268358331851939783349524777638281e+287
 5.46394392591634870471377151723978533e+289
 5.16344698054623430793077400254714359e+291
 4.90529340495907873794693138580402878e+293
 4.68457294368255271455535660788796772e+295
 4.49720688176766166869879920654239387e+297
 4.33982073915494073130546916529567993e+299
 4.20964157218235502696150204713582586e+301
 4.10441544799107627584467453529291652e+303
 4.02234160750082606686851653765859686e+305
 3.96202059092762168942492645975555041e+307
 3.92241421116501956389614838767075678e+309
 3.90281575960298323350570895180319204e+311

d
-1
-0.0972222222222222222222222222222222356
-0.043885030864197530864197530864197528
-0.0424628307898948331047096479195244637
-0.0626621634920323057968805568256871339
-0.124105896027275094536599547268652587
-0.308253764901079112124470634766815348
-0.920479992412944570927238701039795836
-3.21049358464862090797365026109192646
-12.8072930807356250727035276619176409
-57.5083035139142720278479235152496259
-287.03323710922110773495308289871432
-1576.35730333709971782679673420648082
-9446.35482309593196291720393393606053
-61335.7066638520582314415672099320452
-428952.40040006907020562792327464519
-3214536.52140086482906700161599827448
-25697908.3839113254513240284416201894
-218293420.832160325535205423698917208
-1963523788.99103275271250200191167858
-18643931088.1072158526653054667627612
-186352996385.293884379187011586763004
-1955882932389.84269432069701239263561
-21506444635197.2497710661666054694949
-247236992290621.161286012384037992843
-2965882430295212.63091603633807354567
-37062440006354652.2836639092182448793
-481678264794521754.087843964196994417
-6500984080751062701.87308850289484763
-90991982643654122347.8165763875010015
-1319088866907750709757.95391501010158
-19782196076166281141455.1932782854492
-306563937022359838609226.421875513042
-4904119815775620835731518.12671143468
-80903953741870280821494019.4228926748
-1375142480406956245407560846.80189013
-24061279673571252545512772795.1412697
-433039810041056194930409118492.134888
-8010128562268937488754778902693.14844
-152172474413901876900863134104047.781
-2966993387417997254727141517133537.5
-59332832194934495914060753787582736
-1.2161857154771874104606666083079735e+36
-2.55371502511164329349604249158569533e+37
-5.48992303614988846286451937782334751e+38
-1.20766445850466358152389780745556654e+40
-2.71698978854341779740610499175533423e+41
-6.24851448857539864311850239312526105e+42
-1.46827434346851721183162749086605705e+44
-3.52356710004994358672689176627479368e+45
-8.63205425707512985400568793175202219e+46
-2.15784900985756371102599159128353516e+48
-5.5021115311445598203284264760118206e+49
-1.43044806837872283861363433505937233e+51
-3.79042984168513169876979622863919296e+52
-1.02334905470727900330953339442551091e+54
-2.81403223567857502316314226290028909e+55
-7.87881028364148789075440696195316193e+56
-2.24532886265778216568676057982539219e+58
-6.51108370872172542561496238290468509e+59
-1.92066419040170286148701736421456674e+61
-5.76168645441702088136382055526779959e+62
-1.75722401957124844958171449260065866e+64
-5.44712328412464006276973750198602506e+65
-1.71576108740076146247984711312014297e+67
-5.49017884875056049766548172502309245e+68
-1.78422725199725443883832773409194161e+70
-5.88769102630976260046598674028661008e+71
-1.97229231522475051948493876488493841e+73
-6.70551597228334312587768885029972624e+74
-2.31330987827147166532883212989715252e+76
-8.09626780616556748941661468811207594e+77
-2.87406574658491234035473093746108093e+79
-1.03462539163924025686106979822312343e+81
-3.77624674897006112144309193527515057e+82
-1.39716234577217670673422160560079174e+84
-5.23918006608242425045532042978879688e+85
-1.99082227384786057850319278200118626e+87
-7.66441761051232350102558419166121656e+88
-2.98902854509827032456926901075114677e+90
-1.18062995031413676450300017438025292e+92
-4.72237809327211291951146021396098499e+93
-1.9125071375200348232042474499646702e+95
-7.84105524191175053544928821064915997e+96
-3.2539471724391876788024794999169645e+98
-1.36662059407444726576084593676822989e+100
-5.80798302959420254080691038111062474e+101
-2.49736779870059144852113230619451409e+103
-1.08632740156576911069359336139198777e+105
-4.77972189816574238318516198935180844e+106
-2.12692461188547270589288736900549675e+108
-9.5709335179491693268699276811049688e+109
-4.35467360855542028619971792598100841e+111
-2.00310433616718406053179348665395139e+113
-9.31422798631048551669116532531666102e+114
-4.37759183251928466448429676992035239e+116
-2.0793117871960415307448393018270559e+118
-9.98048817100219103871619064941258645e+119
-4.84043775015658842569165091545469255e+121
-2.37176696241363756523456012484046373e+123
-1.17400158754928268442588970357259373e+125
-5.86989492879271643397225680680789382e+126
-2.96424098960608766378692949435840121e+128
-1.51173492507811328105877941900188404e+130
-7.78529354277841124476885434632213498e+131
-4.04828055619345182495346380773245256e+133
-2.12531016154572710044494130534012612e+135
-1.12639507464943938700307860809566457e+137
-6.02611225064092888307309321856056384e+138
-3.25404686561909537042957544549909527e+140
-1.77342678124718054548564259882210982e+142
-9.75369196668596033921234561111179488e+143
-5.41321437404571939485712948477806405e+145
-3.03135347559561967523532682820826967e+147
-1.71268886152545156711989113054025806e+149
-9.7621817181584715393349514339597428e+150
-5.61317266888936453873256912354499443e+152
-3.25559350478313173451644383336566358e+154
-1.90449537690531958597020154564175446e+156
-1.12363671277138606128135706387679209e+158
-6.6855474056079253088089244201196082e+159
-4.01127472569735475429687707806930764e+161
-2.42678924305978682866828085292917232e+163
-1.48032225632800856247522959719965374e+165
-9.10386581172421618901727081974045475e+166
-5.64432599542381173773145999613270242e+168
-3.52766019524176949802863061903358768e+170
-2.22239891772960405280168755200523309e+172
-1.41120643255818560995662192992776573e+174
-9.03161481129844402668459292309768451e+175
-5.82532400915963412252332868310050534e+177
-3.78641737305717172434027214348438549e+179
-2.48007549117735130919659207773542827e+181
-1.63683169497024501208649641025218091e+183
-1.08848120130336302454344402919946663e+185
-7.2927456601686523926183198093380234e+186
-4.92255118701537102211831733347773434e+188
-3.34729987422407242115850644752993495e+190
-2.29287683181941596869189806234591325e+192
-1.58206897664742066356949115453902644e+194
-1.09952695217984175409285489760493913e+196
-7.69661285075273330610980845596622305e+197
-5.42605936387892104464432539899609857e+199
-3.85246525789604331189238895259784348e+201
-2.75448664931001773468594463011723118e+203
-1.98321191872299708877834105168018078e+205
-1.43781543475431837929996940060801009e+207
-1.04959575800931144917482885312241366e+209
-7.71445987269814950072042540564144325e+210
-5.70864996908978043753674544616847718e+212
-4.25290722646282751072129873034169689e+214
-3.18965303725828211226045983777548985e+216
-2.40816764147497667168027124256173823e+218
-1.83019210507591116949960803078601048e+220
-1.40008540613998444421789774703595131e+222
-1.07805698083007925870449316012428622e+224
-8.35487441483352548577525173230830196e+225
-6.51675030602511817802146879744770703e+227
-5.11560889067614694008155224098099476e+229
-4.0412997437055792718428150100101283e+231
-3.21280873973707619901876805474184414e+233
-2.57022759077070119426212181838252229e+235
-2.0690177856791804122483264495551888e+237
-1.67589206563283913812795616725051986e+239
-1.36584209849376234788427166139287062e+241
-1.11998247287373238424116741730711258e+243
-9.23978980651861583024155816591018021e+244
-7.66897174821896275727180757335817679e+246
-6.4035470291392909685097065933861755e+248
-5.37894266618870397384008354506325324e+250
-4.54517579100244234079698098725751695e+252
-3.86337358070933962101565217992026399e+254
-3.30316257396202077214300542587538252e+256
-2.8407012505549793748446826422981252e+258
-2.4571907093571693201157910405220279e+260
-2.13774226608124087978229311752616167e+262
-1.87051267395440129325792939761772832e+264
-1.64604087876355355174474559941883839e+266
-1.45673718715787399373506254804247854e+268
-1.29648818443494756181250785162043992e+270
-1.16034992243247942227209214482764052e+272
-1.04430869749320859226406962107153677e+274
-9.45093792659251782363340570800397951e+275
-8.60030330329824544869221777819379055e+277
-7.86923208009403959784342995732174269e+279
-7.23965215886327269257062154871669682e+281
-6.69664040527804333761942589257576763e+283
-6.22784076074485708183561796959246251e+285
-5.82299890467312191672938432541218797e+287
-5.47358901669466529554292204065944929e+289
-5.17251361264552532515277711756478574e+291
-4.913861603046343504301423842373119e+293
-4.69271294879755280615319389130740839e+295
-4.50498079167564379777174440828231175e+297
-4.34728388745959239206437796867538008e+299
-4.21684369634348822632328391547994157e+301
-4.11140168705148661844185696003384084e+303
-4.02915336297500189424678667574099946e+305
-3.96869627852817370575083198032801119e+307
-3.92898992652321741731424754674480675e+309
-3.90932587763401406458745325364106197e+311



                                        1/                                       1	                                        1/                                       1
                                        1/                                       6	                                        2/                                      24
                                        4/                                     720	                                       10/                                    5040
                                       28/                                  362880	                                       80/                                 3628800
                                      280/                               479001600	                                      880/                              6227020800
                                     3640/                           1307674368000	                                    12320/                          20922789888000
                                    58240/                        6402373705728000	                                   209440/                      121645100408832000
                                  1106560/                    51090942171709440000	                                  4188800/                  1124000727777607680000
                                 24344320/                620448401733239439360000	                                 96342400/              15511210043330985984000000
                                608608000/           10888869450418352160768000000	                               2504902400/          304888344611713860501504000000
                              17041024000/       265252859812191058636308480000000	                              72642169600/      8222838654177922817725562880000000
                             528271744000/     8.68331761881188649551819440128e+36	                            2324549427200/   2.9523279903960414084761860964352e+38
F
 1
 0.166666666666666666666666666666666659
 0.00555555555555555555555555555555555574
 7.71604938271604938271604938271604912e-05
 5.84549195660306771417882528993640087e-07
 2.78356759838241319722801204282685752e-09
 9.09662613850461829159481059747339155e-12
 2.16586336631062340276066918987461686e-14
 3.92366551867866558471135722803372616e-17
 5.58926712062487975030107867241271502e-20
 6.42444496623549396586330881886519055e-23
 6.08375470287452080100692122998597518e-26
 4.82837674831311174683088986506823439e-29

Fp
 1
 1
 0.0500000000000000000000000000000000024
 0.000925925925925925925925925925925925894
 8.7682379349046015712682379349046014e-06
 5.01042167708834375501042167708834369e-08
 1.91029148908596984123491022546941229e-10
 5.19807207914549616662560605569908003e-13
 1.05938969004323970787206645156910604e-15
 1.67678013618746392509032360172381449e-18
 2.12006683885771300873489191022551287e-21
 2.19015169303482748836249164279495106e-24
 1.88306693184211358126404704737661143e-27

G
 1
 0.0833333333333333333333333333333333293
 0.00198412698412698412698412698412698403
 2.20458553791887125220458553791887122e-05
 1.4131958576403020847465291909736355e-07
 5.88831607350125868644387162905681399e-10
 1.7217298460529996159192607102505305e-12
 3.72668797846969613835337816071543371e-15
 6.21114663078282689725563026785905655e-18
 8.21580242167040594875083368764425454e-21
 8.83419615233376983736648783617661744e-24
 7.87361510903188042546032783972960544e-27
 5.91112245422813845755279867847568008e-30

Gp
 1
 0.583333333333333333333333333333333269
 0.0198412698412698412698412698412698403
 0.000286596119929453262786596119929453273
 2.2611133722244833355944467055578168e-06
 1.11878005396523915042433560952079468e-08
 3.78780566131659915502237356255116718e-11
 9.31671994617424034588344540178858434e-14
 1.73912105661919153123157647500053591e-16
 2.54689875071782584411275844316971873e-19
 3.00362669179348174470460586430004985e-22
 2.91323759034179575742032130069995405e-25
 2.36444898169125538302111947139027208e-28
