                                             inf
         1.6449340668482264364724151666460251892
         2.4041138063191885707994763230228999815
         6.4939394022668291490960221792470074167
         24.886266123440878231952771674968820033
         122.08116743813389676574215157491046335
         726.01147971498443532465423589185366691
         5060.5498752376394704685736020836084249
         40400.978398747634885327823655450854279
         363240.91142238262680714352556574776489
         3630593.3116066287129906188428320541055
         39926622.987731086702327073240472014898
         479060379.88983145242687676449906363472
         6227402193.4109717641928534089474159101
         87180957830.172067845191220310364357566
         1307694352218.9138208900999074851101703
         20922949679481.510906631655688111514379
         355688785859223.71597561239671618244809
           6402385922818921.40073564945332397553
         121645216453639396.66987669627404138424
         2432903168507861321.7372568182431974971
         51090954354370285677.650274860473480854
         1124000861780891230602.1529490019443127
         25852018279876877767780.261785042410616
          620448420224775561076991.5204946357634
          15511210274472132898983174.65714050201
         403291464131414079739957411.08882373781
         10888869490983028015891074275.710606992
         304888345179617100178310144224.16476844
         8841762001974277450239018887067.8590233
         265252859935709476294786544695545.12504
         8222838656092456072219067689326435.5987
         263130836964326038568700734396424595.51
         8683317619317322623777934136810114124.8
     2.9523279904819655207731742551529263816e+38
     1.0333147966536512091762081841406431354e+40
     3.7199332679260782597263218144656884107e+41
     1.3763753091276417298557030711497088998e+43
     5.2302261746755248448805548317868491865e+44
     2.0397882081215995125998316157358476369e+46
     8.1591528324826876968158659241126765456e+47
     3.3452526613171413332404690085486207354e+49
      1.405006117753039629249929675772483614e+51
     6.0415263063377269847520379087368696742e+52
     2.6582715747885243206668113464973394843e+54
     1.1962222086548189449597808756809114628e+56
     5.5026221598121280483325452519279416715e+57
     2.5862324151116909945729536986576769998e+59
     1.2413915592536094722406207462376651446e+61
     6.0828186403426810113507774083359074473e+62
     3.0414093201713391550183240542952737414e+64
     1.5511187532873826246417940220443418366e+66
     8.0658175170943887526516960920737956713e+67
     4.2748832840600258016017063043366963455e+69
     2.3084369733924138687929244089696858317e+71
     1.2696403353658276102163092536319901839e+73
     7.1099858780486345678758941452239320779e+74
     4.0526919504877216896286599262302263799e+76
     2.3505613312828785759070488337811289898e+78
     1.3868311854568983585822745045510225303e+80
     8.3209871127413901478849941052320346749e+81
     5.0758021387722479891092072629722446404e+83
     3.1469973260387937529065103692675592815e+85
     1.9826083154044400642236241204999415425e+87
     1.2688693218588416410687266652357271083e+89
     8.2476505920824706668349468154087277846e+90
     5.4434493907744306400741786503240645746e+92
     3.6471110918188685288373428026888282973e+94
     2.4800355424368305996051917621987859255e+96
     1.7112245242814131137261328523649449979e+98
    1.1978571669969891796077856844121856063e+100
    8.5047858856786231752134774008628887652e+101
    6.1234458376886086861530553835743735472e+103
    4.4701154615126843408914937840671718887e+105
    3.3078854415193864122596178412111225069e+107
    2.4809140811395398091946805462838726224e+109
    1.8854947016660502549879447380184448755e+111
    1.4518309202828586963407126445686427019e+113
    1.1324281178206297831457539893183729652e+115
    8.9461821307829752868514491155067314728e+116
    7.1569457046263802294811563323620191973e+118
    5.7971260207473679858797354303956723276e+120
    4.7536433370128417484213825614092503875e+122
    3.9455239697206586511897473219908694394e+124
    3.3142401345653532669993876648012308085e+126
     2.817104114380550276949479478670828891e+128
    2.4227095383672732381765523360005194089e+130
    2.1077572983795277172136005255099207405e+132
    1.8548264225739843911479684594520965477e+134
    1.6507955160908461081216919275788639292e+136
    1.4857159644817614973095227342209016371e+138
    1.3520015276784029625516656878679859556e+140
    1.2438414054641307255475324327129511935e+142
    1.1567725070816415747592051623646425231e+144
    1.0873661566567430802736528525953149909e+146
    1.0329978488239059262599702099525109754e+148
    9.9167793487094968920957140154815216878e+149
    9.6192759682482119853328425949867229542e+151
    9.4268904488832477456261857430721154844e+153
    9.3326215443944152681699238856340321893e+155
    9.3326215443944152681699238856303511192e+157
    9.4259477598383594208516231244847956899e+159
    9.6144667150351266092686555869735435441e+161
    9.9029007164861804075467152545822615998e+163
    1.0299016745145627623848583864765298173e+166
     1.081396758240290900504101305800342979e+168
    1.1462805637347083545343473841483564932e+170
    1.2265202031961379393517517010387376682e+172
    1.3246418194518289744998918371218346407e+174
    1.4438595832024935822048821024627986461e+176
    1.5882455415227429404253703127090778989e+178
    1.7629525510902446638721610471070761283e+180
    1.9745068572210740235368203727599250735e+182
    2.2311927486598136465966070212187152257e+184
     2.543559733472187557120132004189335296e+186
    2.9250936934930156906881518048177355552e+188
    3.3931086844518982011982560935885732237e+190
    3.9699371608087208954019596294986306597e+192
    4.6845258497542906565743123628083841715e+194
    5.5745857612076058813234317117419771598e+196
    6.6895029134491270575881180540903725893e+198
