                                            -1.5
                                             inf
        0.64493406684822643647241516664602518922
        0.20205690315959428539973816151144999077
       0.082323233711138191516003696541167902776
        0.03692775514336992633136548645703416806
       0.017343061984449139714517929790920527899
       0.008349277381922826839797549849796759597
      0.0040773561979443393786852385086524652604
      0.0020083928260822144178527692324120604852
     0.00099457512781808533714595890031901700422
     0.00049418860411946455870228252646993646688
      0.0002460865533080482986379980477396709626
     0.00012271334757848914675183652635739571164
     6.1248135058704829258545105135333746164e-05
     3.0588236307020493551728510645062588377e-05
     1.5282259408651871732571487636722021212e-05
     7.6371976378997622736002935630292119109e-06
     3.8172932649998398564616446219397300454e-06
     1.9082127165539389256569577951013558758e-06
     9.5396203387279611315203868344934847862e-07
     4.7693298678780646311671960437304454095e-07
     2.3845050272773299000364818675299449743e-07
     1.1921992596531107306778871888232807839e-07
     5.9608189051259479612440207935798512195e-08
     2.9803503514652280186063705069365283985e-08
     1.4901554828365041234658506630700197561e-08
     7.4507117898354294919810041706066659794e-09
     3.7253340247884570548192040184025732134e-09
     1.8626597235130490064039099454153936898e-09
     9.3132743241966818287176473502060249501e-10
     4.6566290650337840729892332511935813175e-10
     2.3283118336765054920014559759365526632e-10
     1.1641550172700519775929738354651694138e-10
     5.8207720879027008892436859890925960009e-11
     2.9103850444970996869294252276719538149e-11
     1.4551921891041984235929632244456069024e-11
        7.2759598350574810145208690114033031e-12
      3.637979547378651190237236358108591043e-12
        1.8189896503070659475848321010501618e-12
     9.0949478402638892825331184062799462064e-13
     4.5474737830421540267991120272360776736e-13
     2.2737368458246525152268215590718609721e-13
     1.1368684076802278493491048455335908671e-13
     5.6843419876275856092771829250961041532e-14
     2.8421709768893018554550739412224218222e-14
     1.4210854828031606769834307161128075192e-14
     7.1054273952108527128773552485308272304e-15
      3.552713691337113673298471207924475864e-15
     1.7763568435791203274733515038285152284e-15
      8.881784210930815903096116743331217165e-16
     4.4408921031438133641977863098428304247e-16
     2.2204460507980419839992912672244066464e-16
     1.1102230251410661337205673425744800155e-16
     5.5511151248454812437236421446710957407e-17
     2.7755575621361241725814493483526300374e-17
     1.3877787809725232762837005808061285846e-17
     6.9388939045441536974435258840646350116e-18
     3.4694469521659226247434375648094081355e-18
     1.7347234760475765720486988360320862845e-18
     8.6736173801199337283411489740059188284e-19
     4.3368086900206504874771314995429704286e-19
     2.1684043449972197850268713594983510746e-19
     1.0842021724942414063251831476090594702e-19
      5.421010862456645411096365160146767753e-20
     2.7105054312234688322342481125775885952e-20
     1.3552527156101164580519389794179573268e-20
     6.7762635780451890957294993485017571416e-21
     3.3881317890207968173342631170734416633e-21
     1.6940658945097991651569693728109085291e-21
     8.4703294725469983670092120920066267701e-22
     4.2351647362728333541169415318016121934e-22
        2.1175823681361947143376767474621139e-22
     1.0587911840680233597994541107324303181e-22
     5.2939559203398702390571855788573551478e-23
     2.6469779601698531287976229348749967545e-23
      1.323488980084898940281567143681061112e-23
     6.6174449004244036005956469911234379827e-24
     3.3087224502121694742031758826552498511e-24
     1.6543612251060729821580797184525452382e-24
     8.2718061255303355234316280350750269725e-25
     4.1359030627651383743570434603498142678e-25
     2.0679515313825691871785217301749071339e-25
      1.033975765691284593589260865087453567e-25
     5.1698788284564229679463043254372678348e-26
     2.5849394142282114839731521627186339174e-26
     1.2924697071141057419865760813593169587e-26
     6.4623485355705287099328804067965847935e-27
     3.2311742677852643549664402033982923967e-27
     1.6155871338926321774832201016991461984e-27
     8.0779356694631608874161005084957309919e-28
     4.0389678347315804437080502542478654959e-28
      2.019483917365790221854025127123932748e-28
      1.009741958682895110927012563561966374e-28
     5.0487097934144755546350628178098318699e-29
      2.524354896707237777317531408904915935e-29
     1.2621774483536188886587657044524579675e-29
     6.3108872417680944432938285222622898374e-30
     3.1554436208840472216469142611311449187e-30
     1.5777218104420236108234571305655724593e-30
     7.8886090522101180541172856528278622967e-31
     3.9443045261050590270586428264139311484e-31
     1.9721522630525295135293214132069655742e-31
     9.8607613152626475676466070660348278709e-32
     4.9303806576313237838233035330174139355e-32
     2.4651903288156618919116517665087069677e-32
     1.2325951644078309459558258832543534839e-32
     6.1629758220391547297791294162717674193e-33
     3.0814879110195773648895647081358837097e-33
     1.5407439555097886824447823540679418548e-33
     7.7037197775489434122239117703397092742e-34
     3.8518598887744717061119558851698546371e-34
     1.9259299443872358530559779425849273185e-34
     9.6296497219361792652798897129246365927e-35
     4.8148248609680896326399448564623182963e-35
     2.4074124304840448163199724282311591482e-35
     1.2037062152420224081599862141155795741e-35
     6.0185310762101120407999310705778978704e-36
     3.0092655381050560203999655352889489352e-36
     1.5046327690525280101999827676444744676e-36
      7.523163845262640050999913838222372338e-37
