                                            -inf
                                               0
        0.69314718055994530941723212145817656807
         1.0986122886681096913952452369225257046
         1.3862943611198906188344642429163531361
         1.6094379124341003746007593332261876395
         1.7917594692280550008124773583807022727
         1.9459101490553133051053527434431797296
         2.0794415416798359282516963643745297042
         2.1972245773362193827904904738450514093
         2.3025850929940456840179914546843642076
         2.3978952727983705440619435779651292998
         2.4849066497880003102297094798388788408
         2.5649493574615367360534874415653186048
         2.6390573296152586145225848649013562977
         2.7080502011022100659960045701487133442
         2.7725887222397812376689284858327062723
         2.8332133440562160802495346178731265356
         2.8903717578961646922077225953032279774
         2.9444389791664404600090274318878535372
         2.9957322735539909934352235761425407757
         3.0445224377234229965005979803657054343
         3.0910424533583158534791756994233058679
         3.1354942159291496908067528318101961184
         3.1780538303479456196469416012970554089
          3.218875824868200749201518666452375279
         3.2580965380214820454707195630234951729
         3.2958368660043290741857357107675771139
         3.3322045101752039239398169863595328658
         3.3672958299864740271832720323619116055
         3.4011973816621553754132366916068899122
         3.4339872044851462459291643245423572105
         3.4657359027997265470861606072908828404
         3.4965075614664802354571888148876550045
         3.5263605246161613896667667393313031037
         3.5553480614894136797061120766693673692
         3.5835189384561100016249547167614045454
         3.6109179126442244443680956710314471639
         3.6375861597263857694262595533460301053
         3.6635616461296464274487326784878443095
         3.6888794541139363028524556976007173438
         3.7135720667043078038667633730374075884
         3.7376696182833683059178301018238820024
         3.7612001156935624234728425133458470356
          3.784189633918261162896407820881482436
         3.8066624897703197573912498070712390488
         3.8286413964890950002239849532683726865
         3.8501476017100585868209506697721737089
          3.871201010907890929064173722755231977
         3.8918202981106266102107054868863594593
         3.9120230054281460586187507879105518471
         3.9318256327243257716447798547956522402
          3.951243718581427354887951684481671741
         3.9702919135521218341444691390290577704
          3.988984046564274383602967832225753682
         4.0073331852324709186627029111913169393
         4.0253516907351492333570491078177094339
         4.0430512678345501514042726688103792419
         4.0604430105464193366005041538200881736
         4.0775374439057194506160503737196976241
         4.0943445622221006848304688130650664803
         4.1108738641733112487513891034256147463
         4.1271343850450915553463964460005337785
         4.1431347263915326878958432172882311389
         4.1588830833596718565033927287490594084
         4.1743872698956371106542467747915062443
         4.1896547420264255448744209363458315725
         4.2046926193909660596700719963637227506
         4.2195077051761066990839988607894796717
         4.2341065045972593822019980687327218231
         4.2484952420493589891233441981275439372
         4.2626798770413154213294545325130340968
         4.2766661190160553110421868382195811135
         4.2904594411483911290921088574385425709
          4.304065093204169753785327792489623732
         4.3174881135363104405967639033749009837
         4.3307333402863310788434916748042066734
         4.3438054218536838491672963214083090294
         4.3567088266895917368659647999460208775
         4.3694478524670214941729455414814109222
         4.3820266346738816122696878190588939118
         4.3944491546724387655809809476901028186
         4.4067192472642531132839954944955841565
          4.418840607796597923475472223291370453
         4.4308167988433136153350622232820585704
         4.4426512564903164548502939510993141751
         4.4543472962535077328900746348040236036
         4.4659081186545837185785172692844373101
          4.477336814478206472313639942339659004
         4.4886363697321398383178155406698492194
         4.4998096703302650668084819285294156169
         4.5108595065168500411588401850084983344
         4.5217885770490403096412170747265492546
         4.5325994931532559373244095614648829151
          4.543294782270003896238182791230350277
         4.5538768916005408346097867651140411768
          4.564348191467836238481405844213408545
         4.5747109785033828221167216217039617138
         4.5849674786705719196279376083445360273
         4.5951198501345899268524340518101807091
         4.6051701859880913680359829093687284152
