   0.000000000000000e+00   3.358087652680834e+00   4.611428985221530e-01   3.358087652680836e+00   4.611428985221526e-01   2.254190223843428e-15  -9.850304671557042e-01   1.723803317522482e-01
   1.745329251994330e-02   3.332217795159324e+00   5.220929377884596e-01   3.332217795159325e+00   5.220929377884596e-01   8.881784197001252e-16  -1.000000000000000e+00   0.000000000000000e+00
   3.490658503988659e-02   3.304558188418218e+00   5.816365537568666e-01   3.304558188418220e+00   5.816365537568666e-01   1.776356839400250e-15  -1.000000000000000e+00   0.000000000000000e+00
   5.235987755982988e-02   3.275184183040964e+00   6.397209080300902e-01   3.275184183040965e+00   6.397209080300901e-01   1.336885555457667e-15  -9.965457582448796e-01   8.304547985373997e-02
   6.981317007977318e-02   3.244172424148613e+00   6.962971544847693e-01   3.244172424148615e+00   6.962971544847694e-01   2.666847220714600e-15  -9.991330730923520e-01  -4.163054471218133e-02
   8.726646259971647e-02   3.211600642335005e+00   7.513204437416280e-01   3.211600642335006e+00   7.513204437416281e-01   1.336885555457667e-15  -9.965457582448796e-01  -8.304547985373997e-02
   1.047197551196598e-01   3.177547447466882e+00   8.047499168455954e-01   3.177547447466884e+00   8.047499168455953e-01   1.779822904821748e-15  -9.980525784828885e-01   6.237828615518053e-02
   1.221730476396031e-01   3.142092125894674e+00   8.565486884721542e-01   3.142092125894679e+00   8.565486884721396e-01   1.564784424160771e-14  -3.689428165893899e-01   9.294520956386553e-01
   1.396263401595464e-01   3.105314441593594e+00   9.066838200030324e-01   3.105314441593602e+00   9.066838200030196e-01   1.506348046819983e-14  -5.306612767332389e-01   8.475839836711455e-01
   1.570796326794897e-01   3.067294441727321e+00   9.551262828390072e-01   3.067294441727324e+00   9.551262828390078e-01   2.288783399261118e-15  -9.701425001453320e-01  -2.425356250363330e-01
   1.745329251994329e-01   3.028112267098069e+00   1.001850912340668e+00   3.028112267098071e+00   1.001850912340669e+00   1.897149936107019e-15  -9.363291775690444e-01  -3.511234415883916e-01
   1.919862177193762e-01   2.987847967917430e+00   1.046836352808465e+00   2.987847967917431e+00   1.046836352808465e+00   1.332267629550188e-15  -1.000000000000000e+00   0.000000000000000e+00
   2.094395102393195e-01   2.946581325302100e+00   1.090064993932397e+00   2.946581325302100e+00   1.090064993932397e+00   1.256073966947020e-15  -7.071067811865476e-01  -7.071067811865476e-01
   2.268928027592629e-01   2.904391678867683e+00   1.131522899157988e+00   2.904391678867684e+00   1.131522899157989e+00   1.256073966947020e-15  -7.071067811865476e-01  -7.071067811865476e-01
   2.443460952792061e-01   2.861357760762212e+00   1.171199726430002e+00   2.861357760762214e+00   1.171199726430004e+00   2.589462819655575e-15  -8.574929257125441e-01  -5.144957554275265e-01
   2.617993877991494e-01   2.817557536449204e+00   1.209088641787476e+00   2.817557536449206e+00   1.209088641787477e+00   2.220446049250313e-15  -8.000000000000000e-01  -6.000000000000000e-01
   2.792526803190927e-01   2.773068052517874e+00   1.245186226294065e+00   2.773068052517876e+00   1.245186226294066e+00   1.734223803652547e-15  -7.682212795973759e-01  -6.401843996644799e-01
   2.967059728390360e-01   2.727965291765826e+00   1.279492376795876e+00   2.727965291765828e+00   1.279492376795877e+00   1.734223803652547e-15  -7.682212795973759e-01  -6.401843996644799e-01
   3.141592653589793e-01   2.682324035767321e+00   1.312010201004904e+00   2.682324035767320e+00   1.312010201004905e+00   1.195746792056364e-15   3.713906763541037e-01  -9.284766908852592e-01
   3.316125578789226e-01   2.636217735107967e+00   1.342745907410482e+00   2.636217735107968e+00   1.342745907410483e+00   1.256073966947020e-15  -7.071067811865476e-01  -7.071067811865476e-01
   3.490658503988659e-01   2.589718387434984e+00   1.371708690522908e+00   2.589718387434984e+00   1.371708690522909e+00   1.404333387430680e-15   3.162277660168379e-01  -9.486832980505139e-01
   3.665191429188092e-01   2.542896423440428e+00   1.398910611953797e+00   2.542896423440419e+00   1.398910611953809e+00   1.546680540733192e-14   6.316729511622358e-01  -7.752349855172893e-01
   3.839724354387525e-01   2.495820600864108e+00   1.424366477835587e+00   2.495820600864095e+00   1.424366477835596e+00   1.601186416994688e-14   8.320502943378437e-01  -5.547001962252291e-01
   4.014257279586957e-01   2.448557906572225e+00   1.448093713079221e+00   2.448557906572226e+00   1.448093713079222e+00   1.884110950420530e-15  -7.071067811865475e-01  -7.071067811865475e-01
   4.188790204786391e-01   2.401173466738398e+00   1.470112232963366e+00   2.401173466738400e+00   1.470112232963368e+00   2.512147933894040e-15  -7.071067811865476e-01  -7.071067811865476e-01
   4.363323129985824e-01   2.353730465124751e+00   1.490444312541524e+00   2.353730465124751e+00   1.490444312541525e+00   1.332267629550188e-15   0.000000000000000e+00  -1.000000000000000e+00
   4.537856055185257e-01   2.306290069432869e+00   1.509114454344574e+00   2.306290069432868e+00   1.509114454344576e+00   1.601186416994689e-15   5.547001962252290e-01  -8.320502943378436e-01
   4.712388980384690e-01   2.258911365667670e+00   1.526149254845895e+00   2.258911365667670e+00   1.526149254845897e+00   1.776356839400250e-15   0.000000000000000e+00  -1.000000000000000e+00
   4.886921905584123e-01   2.211651300431214e+00   1.541577270144626e+00   2.211651300431214e+00   1.541577270144628e+00   2.442490654175344e-15   0.000000000000000e+00  -1.000000000000000e+00
   5.061454830783556e-01   2.164564631039115e+00   1.555428881309270e+00   2.164564631039116e+00   1.555428881309271e+00   1.404333387430680e-15  -3.162277660168379e-01  -9.486832980505139e-01
   5.235987755982988e-01   2.117703883328536e+00   1.567736159809720e+00   2.117703883328536e+00   1.567736159809722e+00   1.554312234475219e-15   0.000000000000000e+00  -1.000000000000000e+00
   5.410520681182421e-01   2.071119317004953e+00   1.578532733450003e+00   2.071119317004953e+00   1.578532733450005e+00   2.047150106608361e-15  -2.169304578186562e-01  -9.761870601839528e-01
   5.585053606381855e-01   2.024858898353800e+00   1.587853653197615e+00   2.024858898353799e+00   1.587853653197617e+00   2.047150106608361e-15   2.169304578186562e-01  -9.761870601839528e-01
   5.759586531581288e-01   1.978968280123991e+00   1.595735261287673e+00   1.978968280123991e+00   1.595735261287674e+00   1.332267629550188e-15   0.000000000000000e+00  -1.000000000000000e+00
   5.934119456780721e-01   1.933490788372223e+00   1.602215060961707e+00   1.933490788372223e+00   1.602215060961709e+00   1.998401444325282e-15   0.000000000000000e+00  -1.000000000000000e+00
   6.108652381980153e-01   1.888467416040480e+00   1.607331588181818e+00   1.888467416040494e+00   1.607331588181816e+00   1.463811269872784e-14  -9.859808854580931e-01   1.668583036929081e-01
   6.283185307179586e-01   1.843936823024238e+00   1.611124285641060e+00   1.843936823024238e+00   1.611124285641062e+00   1.691041330490230e-15   3.939192985791676e-01  -9.191450300180578e-01
   6.457718232379019e-01   1.799935342475201e+00   1.613633379370651e+00   1.799935342475200e+00   1.613633379370653e+00   2.186885739562628e-15   4.061384660534477e-01  -9.138115486202573e-01
   6.632251157578452e-01   1.756496993070474e+00   1.614899758223828e+00   1.756496993070473e+00   1.614899758223829e+00   1.421779191586669e-15   6.246950475544243e-01  -7.808688094430304e-01
   6.806784082777885e-01   1.713653496969503e+00   1.614964856495105e+00   1.713653496969501e+00   1.614964856495106e+00   2.360366527284141e-15   7.525766947068778e-01  -6.585046078685181e-01
   6.981317007977318e-01   1.671434303171058e+00   1.613870539912382e+00   1.671434303171056e+00   1.613870539912384e+00   2.220446049250313e-15   6.000000000000000e-01  -8.000000000000000e-01
   7.155849933176750e-01   1.629866615974993e+00   1.611658995217965e+00   1.629866615974991e+00   1.611658995217967e+00   2.094764613337708e-15   5.299989400031799e-01  -8.479983040050879e-01
   7.330382858376184e-01   1.588975428247339e+00   1.608372623533064e+00   1.588975428247337e+00   1.608372623533065e+00   1.884110950420530e-15   7.071067811865475e-01  -7.071067811865475e-01
   7.504915783575616e-01   1.548783559182716e+00   1.604053937679028e+00   1.548783559182715e+00   1.604053937679029e+00   1.790180836524724e-15   8.682431421244593e-01  -4.961389383568339e-01
   7.679448708775050e-01   1.509311696254589e+00   1.598745463607289e+00   1.509311696254588e+00   1.598745463607291e+00   2.360366527284141e-15   7.525766947068778e-01  -6.585046078685181e-01
   7.853981633974483e-01   1.470578441042139e+00   1.592489646069058e+00   1.470578441042138e+00   1.592489646069059e+00   2.094764613337708e-15   8.479983040050879e-01  -5.299989400031799e-01
   8.028514559173915e-01   1.432600358621759e+00   1.585328758635176e+00   1.432600358621757e+00   1.585328758635177e+00   1.601186416994689e-15   8.320502943378436e-01  -5.547001962252290e-01
   8.203047484373349e-01   1.395392030211913e+00   1.577304818156242e+00   1.395392030211911e+00   1.577304818156243e+00   1.910099915357094e-15   8.137334712067350e-01  -5.812381937190965e-01
   8.377580409572781e-01   1.358966108761952e+00   1.568459503733431e+00   1.358966108761950e+00   1.568459503733432e+00   2.286089127109703e-15   8.741572761215377e-01  -4.856429311786321e-01
   8.552113334772214e-01   1.323333377178462e+00   1.558834080251149e+00   1.323333377178445e+00   1.558834080251146e+00   1.720093437184317e-14   9.810740282764124e-01   1.936330318966603e-01
   8.726646259971648e-01   1.288502808886901e+00   1.548469326504123e+00   1.288502808886899e+00   1.548469326504124e+00   1.910099915357094e-15   8.137334712067350e-01  -5.812381937190965e-01
   8.901179185171080e-01   1.254481630431408e+00   1.537405467933524e+00   1.254481630431407e+00   1.537405467933525e+00   1.421779191586669e-15   7.808688094430304e-01  -6.246950475544243e-01
   9.075712110370514e-01   1.221275385821819e+00   1.525682113969566e+00   1.221275385821817e+00   1.525682113969567e+00   1.691041330490230e-15   9.191450300180578e-01  -3.939192985791676e-01
   9.250245035569946e-01   1.188888002343942e+00   1.513338199961521e+00   1.188888002343940e+00   1.513338199961521e+00   2.482534153247273e-15   9.838699100999074e-01  -1.788854381999832e-01
   9.424777960769379e-01   1.157321857557053e+00   1.500411933660492e+00   1.157321857557050e+00   1.500411933660493e+00   2.746540079113342e-15   9.701425001453320e-01  -2.425356250363330e-01
   9.599310885968813e-01   1.126577847211172e+00   1.486940746205451e+00   1.126577847211170e+00   1.486940746205451e+00   1.616509124176106e-15   9.615239476408232e-01  -2.747211278973781e-01
   9.773843811168246e-01   1.096655453826051e+00   1.472961247549155e+00   1.096655453826048e+00   1.472961247549156e+00   2.746540079113342e-15   9.701425001453320e-01  -2.425356250363330e-01
   9.948376736367678e-01   1.067552815683718e+00   1.458509186247515e+00   1.067552815683716e+00   1.458509186247515e+00   2.010699415441723e-15   9.938837346736188e-01   1.104315260748465e-01
   1.012290966156711e+00   1.039266795996958e+00   1.443619413523889e+00   1.039266795996957e+00   1.443619413523890e+00   1.790180836524724e-15   9.922778767136677e-01  -1.240347345892085e-01
   1.029744258676654e+00   1.011793052027063e+00   1.428325851508606e+00   1.011793052027062e+00   1.428325851508605e+00   1.831026719408895e-15   9.701425001453319e-01   2.425356250363330e-01
   1.047197551196598e+00   9.851261039355724e-01   1.412661465543773e+00   9.851261039355702e-01   1.412661465543773e+00   2.231520661837492e-15   9.950371902099892e-01  -9.950371902099892e-02
   1.064650843716541e+00   9.592594031664448e-01   1.396658240434188e+00   9.592594031664430e-01   1.396658240434189e+00   1.831026719408895e-15   9.701425001453319e-01  -2.425356250363330e-01
   1.082104136236484e+00   9.341854001670858e-01   1.380347160516733e+00   9.341854001670961e-01   1.380347160516740e+00   1.244242551312338e-14  -8.209052017854871e-01  -5.710644881985998e-01
   1.099557428756428e+00   9.098956112688059e-01   1.363758193413358e+00   9.098956112688040e-01   1.363758193413358e+00   1.887379141862766e-15   1.000000000000000e+00   0.000000000000000e+00
   1.117010721276371e+00   8.863806845596508e-01   1.346920277326138e+00   8.863806845596484e-01   1.346920277326137e+00   2.482534153247273e-15   9.838699100999074e-01   1.788854381999832e-01
   1.134464013796314e+00   8.636304645948548e-01   1.329861311727449e+00   8.636304645948519e-01   1.329861311727448e+00   2.962444526161419e-15   9.743911956946198e-01   2.248595066987584e-01
   1.151917306316258e+00   8.416340558026165e-01   1.312608151293537e+00   8.416340558026143e-01   1.312608151293536e+00   2.391493584112727e-15   9.284766908852592e-01   3.713906763541037e-01
   1.169370598836201e+00   8.203798844552077e-01   1.295186602926022e+00   8.203798844552055e-01   1.295186602926020e+00   2.710399819191012e-15   8.192319205190405e-01   5.734623443633283e-01
   1.186823891356144e+00   7.998557590876557e-01   1.277621425702868e+00   7.998557590876532e-01   1.277621425702866e+00   2.880167609092343e-15   8.865848461654546e-01   4.625660066950198e-01
   1.204277183876087e+00   7.800489292583390e-01   1.259936333598252e+00   7.800489292583371e-01   1.259936333598251e+00   2.085919684541963e-15   9.048187022009941e-01   4.257970363298796e-01
   1.221730476396031e+00   7.609461425576873e-01   1.242154000809387e+00   7.609461425576854e-01   1.242154000809386e+00   2.310224461364287e-15   8.169678632647616e-01   5.766831975986553e-01
   1.239183768915974e+00   7.425336997828280e-01   1.224296069527739e+00   7.425336997828261e-01   1.224296069527737e+00   2.310224461364287e-15   8.169678632647616e-01   5.766831975986553e-01
   1.256637061435917e+00   7.247975082073146e-01   1.206383159992223e+00   7.247975082073119e-01   1.206383159992222e+00   2.886579864025407e-15   9.230769230769231e-01   3.846153846153846e-01
   1.274090353955861e+00   7.077231328861343e-01   1.188434882662693e+00   7.077231328861323e-01   1.188434882662691e+00   2.531698018113677e-15   7.893522173763262e-01   6.139406135149204e-01
   1.291543646475804e+00   6.912958459467758e-01   1.170469852353500e+00   6.912958459467736e-01   1.170469852353498e+00   2.843558383173338e-15   7.808688094430304e-01   6.246950475544243e-01
   1.308996938995747e+00   6.755006738274225e-01   1.152505704168899e+00   6.755006738274106e-01   1.152505704168887e+00   1.719699269629347e-14   6.907827765752080e-01   7.230623455740495e-01
   1.326450231515690e+00   6.603224424331445e-01   1.134559111084624e+00   6.603224424331429e-01   1.134559111084622e+00   2.434909185329438e-15   6.839411288813297e-01   7.295372041400852e-01
   1.343903524035634e+00   6.457458201903613e-01   1.116645803023036e+00   6.457458201903598e-01   1.116645803023034e+00   2.360366527284141e-15   6.585046078685181e-01   7.525766947068778e-01
   1.361356816555577e+00   6.317553589887596e-01   1.098780587272810e+00   6.317553589887583e-01   1.098780587272808e+00   2.155663185615397e-15   5.665288228870652e-01   8.240419241993676e-01
   1.378810109075520e+00   6.183355330082595e-01   1.080977370108038e+00   6.183355330082583e-01   1.080977370108036e+00   2.931072891608563e-15   4.166547104932136e-01   9.090648228942843e-01
   1.396263401595464e+00   6.054707754366406e-01   1.063249179466002e+00   6.054707754366391e-01   1.063249179466000e+00   2.531698018113677e-15   6.139406135149204e-01   7.893522173763262e-01
   1.413716694115407e+00   5.931455130908115e-01   1.045608188547525e+00   5.931455130908108e-01   1.045608188547522e+00   2.989366980140908e-15   2.599734734478726e-01   9.656157585206697e-01
   1.431169986635350e+00   5.813441989616692e-01   1.028065740208779e+00   5.813441989616689e-01   1.028065740208778e+00   1.159106867033638e-15   2.873478855663454e-01   9.578262852211515e-01
   1.448623279155294e+00   5.700513427089514e-01   1.010632372018645e+00   5.700513427089502e-01   1.010632372018642e+00   3.339908118180928e-15   3.656523724229935e-01   9.307514934403471e-01
   1.466076571675237e+00   5.592515391383529e-01   9.933178418611469e-01   5.592515391383522e-01   9.933178418611449e-01   2.106500081146021e-15   3.162277660168379e-01   9.486832980505138e-01
   1.483529864195180e+00   5.489294946986095e-01   9.761311539680896e-01   5.489294946986090e-01   9.761311539680869e-01   2.721745200802431e-15   2.039542541120010e-01   9.789804197376051e-01
   1.500983156715123e+00   5.390700520411508e-01   9.590805852727591e-01   5.390700520411500e-01   9.590805852727575e-01   1.737773907273091e-15   4.472135954999579e-01   8.944271909999159e-01
   1.518436449235067e+00   5.296582126893556e-01   9.421737119813846e-01   5.296582126893553e-01   9.421737119813819e-01   2.685271254787086e-15   1.240347345892085e-01   9.922778767136677e-01
   1.535889741755010e+00   5.206791578683158e-01   9.254174362649329e-01   5.206791578683226e-01   9.254174362649435e-01   1.268766836229820e-14  -5.425254314756646e-01  -8.400393777687709e-01
   1.553343034274953e+00   5.121182675495225e-01   9.088180129797913e-01   5.121182675495223e-01   9.088180129797886e-01   2.673771110915334e-15   8.304547985373997e-02   9.965457582448796e-01
   1.570796326794897e+00   5.039611377678487e-01   8.923810763317531e-01   5.039611377678483e-01   8.923810763317511e-01   2.025966904339278e-15   1.643989873053573e-01   9.863939238321437e-01
   1.588249619314840e+00   4.961935962707468e-01   8.761116664036603e-01   4.961935962707469e-01   8.761116664036582e-01   2.110154030260182e-15  -2.630668208823282e-02   9.996539193528472e-01
   1.605702911834783e+00   4.888017165617353e-01   8.600142554729042e-01   4.888017165617352e-01   8.600142554729017e-01   2.554116267445248e-15   2.173399540921557e-02   9.997637888239163e-01
   1.623156204354726e+00   4.817718304019079e-01   8.440927740507174e-01   4.817718304019078e-01   8.440927740507153e-01   2.112343365827712e-15   5.255883312276367e-02   9.986178293325096e-01
   1.640609496874670e+00   4.750905388345784e-01   8.283506365808869e-01   4.750905388345784e-01   8.283506365808846e-01   2.332129105120374e-15   2.380277794628896e-02   9.997166737441362e-01
   1.658062789394613e+00   4.687447217990858e-01   8.127907667410172e-01   4.687447217990860e-01   8.127907667410147e-01   2.563148888826737e-15  -8.662961636484200e-02   9.962405881956830e-01
   1.675516081914556e+00   4.627215464004008e-01   7.974156222948799e-01   4.627215464004011e-01   7.974156222948775e-01   2.465095162570931e-15  -1.351132047333135e-01   9.908301680442989e-01
   1.692969374434500e+00   4.570084739014829e-01   7.822272194496447e-01   4.570084739014832e-01   7.822272194496421e-01   2.575143099812927e-15  -1.293391840677681e-01   9.916004111862218e-01
   1.710422666954443e+00   4.515932655052534e-01   7.672271566767920e-01   4.515932655052539e-01   7.672271566767891e-01   2.939471398482879e-15  -1.888473936501245e-01   9.820064469806473e-01
   1.727875959474386e+00   4.464639869927974e-01   7.524166379604320e-01   4.464639869927981e-01   7.524166379604296e-01   2.531698018113677e-15  -2.631174057921087e-01   9.647638212377321e-01
   1.745329251994330e+00   4.416090122837831e-01   7.377964954414004e-01   4.416090122837839e-01   7.377964954413979e-01   2.563148888826737e-15  -3.032036572769470e-01   9.529257800132619e-01
   1.762782544514273e+00   4.370170259843316e-01   7.233672114299889e-01   4.370170259843326e-01   7.233672114299868e-01   2.358407445584909e-15  -4.472135954999579e-01   8.944271909999159e-01
   1.780235837034216e+00   4.326770249864824e-01   7.091289397644253e-01   4.326770249864836e-01   7.091289397644228e-01   2.706417699560350e-15  -4.307295862149382e-01   9.024810377836801e-01
   1.797689129554159e+00   4.285783191822112e-01   6.950815264962437e-01   4.285783191822127e-01   6.950815264962419e-01   2.288783399261118e-15  -6.305926250944658e-01   7.761140001162656e-01
   1.815142422074103e+00   4.247105313535405e-01   6.812245298875363e-01   4.247105313535418e-01   6.812245298875342e-01   2.465720107482118e-15  -5.178026794057725e-01   8.555000790182329e-01
   1.832595714594046e+00   4.210635962987168e-01   6.675572397086468e-01   4.210635962987184e-01   6.675572397086447e-01   2.653525932920146e-15  -6.066733193501908e-01   7.949512460450776e-01
   1.850049007113989e+00   4.176277592527537e-01   6.540786958282442e-01   4.176277592527554e-01   6.540786958282426e-01   2.277987190955420e-15  -7.310552682428691e-01   6.823182503600111e-01
   1.867502299633933e+00   4.143935736587882e-01   6.407877060908922e-01   4.143935736587900e-01   6.407877060908911e-01   2.189702077805669e-15  -8.619342151577695e-01   5.070201265633938e-01
   1.884955592153876e+00   4.113518983448319e-01   6.276828634801170e-01   4.113518983448340e-01   6.276828634801154e-01   2.644219368755819e-15  -7.767557487195038e-01   6.298019584212192e-01
   1.902408884673819e+00   4.084938941584518e-01   6.147625625676931e-01   4.084938941584539e-01   6.147625625676920e-01   2.383749925625610e-15  -8.849182223819824e-01   4.657464328326223e-01
   1.919862177193763e+00   4.058110201098999e-01   6.020250152524238e-01   4.058110201099015e-01   6.020250152524228e-01   1.847779371410367e-15  -8.411784753765535e-01   5.407575913134987e-01
   1.937315469713706e+00   4.032950290720541e-01   5.894682657938513e-01   4.032950290720558e-01   5.894682657938497e-01   2.318878264318583e-15  -7.421026427511382e-01   6.702862579687701e-01
   1.954768762233649e+00   4.009379630834234e-01   5.770902051485531e-01   4.009379630834251e-01   5.770902051485521e-01   1.989902501546284e-15  -8.647889466100895e-01   5.021355173865036e-01
   1.972222054753592e+00   3.987321482982633e-01   5.648885846184576e-01   3.987321482982649e-01   5.648885846184566e-01   1.894711961311747e-15  -8.496401661981191e-01   5.273628617781428e-01
   1.989675347273536e+00   3.966701896256795e-01   5.528610288223461e-01   3.966701896256812e-01   5.528610288223451e-01   1.989902501546284e-15  -8.647889466100895e-01   5.021355173865036e-01
   2.007128639793479e+00   3.947449650974160e-01   5.410050480032154e-01   3.947449650974181e-01   5.410050480032144e-01   2.334110243043934e-15  -9.037378388935388e-01   4.280863447390447e-01
   2.024581932313422e+00   3.929496200018657e-01   5.293180496855031e-01   3.929496200018674e-01   5.293180496855021e-01   1.989902501546284e-15  -8.647889466100895e-01   5.021355173865036e-01
   2.042035224833366e+00   3.912775608196404e-01   5.177973496973162e-01   3.912775608196421e-01   5.177973496973154e-01   1.888195305854151e-15  -9.113705996586747e-01   4.115867224264983e-01
   2.059488517353309e+00   3.897224489940032e-01   5.064401825738557e-01   3.897224489940048e-01   5.064401825738553e-01   1.669954059090464e-15  -9.639926182060737e-01   2.659289981258134e-01
   2.076941809873252e+00   3.882781945672953e-01   4.952437113590203e-01   3.882781945672971e-01   4.952437113590197e-01   1.949224100581341e-15  -9.397934234884370e-01   3.417430630867044e-01
   2.094395102393195e+00   3.869389497125190e-01   4.842050368229461e-01   3.869389497125211e-01   4.842050368229452e-01   2.310891289047784e-15  -9.128182518949205e-01   4.083660600582539e-01
   2.111848394913139e+00   3.856991021872196e-01   4.733212061137574e-01   3.856991021872218e-01   4.733212061137567e-01   2.265099859133720e-15  -9.557790087219501e-01   2.940858488375231e-01
   2.129301687433082e+00   3.845532687348815e-01   4.625892208622981e-01   3.845532687348838e-01   4.625892208622977e-01   2.308890228240370e-15  -9.857364255104072e-01   1.682964628920207e-01
   2.146754979953025e+00   3.834962884572003e-01   4.520060447589186e-01   3.834962884572022e-01   4.520060447589184e-01   1.900395703982448e-15  -9.931506043228762e-01   1.168412475673972e-01
   2.164208272472969e+00   3.825232161787717e-01   4.415686106216448e-01   3.825232161787743e-01   4.415686106216447e-01   2.554116267445248e-15  -9.997637888239163e-01   2.173399540921557e-02
   2.181661564992912e+00   3.816293158240044e-01   4.312738269751600e-01   3.816293158240068e-01   4.312738269751599e-01   2.389560022079227e-15  -9.989200860780658e-01   4.646139935246818e-02
   2.199114857512855e+00   3.808100538243979e-01   4.211185841600789e-01   3.808100538244004e-01   4.211185841600789e-01   2.498001805406602e-15  -1.000000000000000e+00   0.000000000000000e+00
   2.216568150032799e+00   3.800610925727335e-01   4.110997599919563e-01   3.800610925727359e-01   4.110997599919566e-01   2.465095162570931e-15  -9.908301680442989e-01  -1.351132047333135e-01
   2.234021442552742e+00   3.793782839392004e-01   4.012142249893200e-01   3.793782839392022e-01   4.012142249893205e-01   1.898773513585258e-15  -9.647638212377322e-01  -2.631174057921088e-01
   2.251474735072685e+00   3.787576628630108e-01   3.914588471898613e-01   3.787576628630133e-01   3.914588471898623e-01   2.670311409948155e-15  -9.354720936668214e-01  -3.534005687185770e-01
   2.268928027592628e+00   3.781954410317325e-01   3.818304965736415e-01   3.781954410317344e-01   3.818304965736421e-01   2.020636405220133e-15  -9.615239476408232e-01  -2.747211278973780e-01
   2.286381320112572e+00   3.776880006591957e-01   3.723260491118641e-01   3.776880006591978e-01   3.723260491118651e-01   2.334110243043934e-15  -9.037378388935388e-01  -4.280863447390447e-01
   2.303834612632515e+00   3.772318883716705e-01   3.629423904594338e-01   3.772318883716727e-01   3.629423904594348e-01   2.458210282605903e-15  -9.032775043542898e-01  -4.290568145682876e-01
   2.321287905152458e+00   3.768238092107991e-01   3.536764193090801e-01   3.768238092108011e-01   3.536764193090810e-01   2.136277977281981e-15  -9.094744755858002e-01  -4.157597602677944e-01
   2.338741197672401e+00   3.764606207607257e-01   3.445250504244514e-01   3.764606207607273e-01   3.445250504244526e-01   2.020636405220133e-15  -7.966912709023963e-01  -6.043864813742317e-01
   2.356194490192345e+00   3.761393274058163e-01   3.354852173690516e-01   3.761393274058181e-01   3.354852173690528e-01   2.124706989126661e-15  -8.360479108370626e-01  -5.486564414868224e-01
   2.373647782712288e+00   3.758570747244511e-01   3.265538749474546e-01   3.758570747244528e-01   3.265538749474560e-01   2.210710253940360e-15  -7.784130394753294e-01  -6.277524511897817e-01
   2.391101075232231e+00   3.756111440234418e-01   3.177280013747020e-01   3.756111440234431e-01   3.177280013747031e-01   1.691952206575938e-15  -7.546055221635047e-01  -6.561787149247867e-01
   2.408554367752175e+00   3.753989470168702e-01   3.090046001892455e-01   3.753989470168715e-01   3.090046001892467e-01   1.807312143953211e-15  -7.371541402007414e-01  -6.757246285173463e-01
   2.426007660272118e+00   3.752180206523297e-01   3.003807019242823e-01   3.752180206523311e-01   3.003807019242832e-01   1.618414262284734e-15  -8.574929257125442e-01  -5.144957554275266e-01
   2.443460952792061e+00   3.750660220869141e-01   2.918533655517545e-01   3.750660220869155e-01   2.918533655517559e-01   2.002252674423603e-15  -7.208330649018558e-01  -6.931087162517845e-01
   2.460914245312004e+00   3.749407238146041e-01   2.834196797127455e-01   3.749407238146051e-01   2.834196797127472e-01   1.942097114741681e-15  -5.144957554275265e-01  -8.574929257125441e-01
   2.478367537831948e+00   3.748400089461701e-01   2.750767637474344e-01   3.748400089461713e-01   2.750767637474358e-01   1.812419960480150e-15  -6.431920864232734e-01  -7.657048647896112e-01
   2.495820830351891e+00   3.747618666421477e-01   2.668217685372190e-01   3.747618666421489e-01   2.668217685372203e-01   1.807312143953211e-15  -6.757246285173463e-01  -7.371541402007414e-01
   2.513274122871834e+00   3.747043876989772e-01   2.586518771710578e-01   3.747043876989784e-01   2.586518771710599e-01   2.437438961788735e-15  -5.010362705417046e-01  -8.654262854811262e-01
   2.530727415391778e+00   3.746657602879613e-01   2.505643054475239e-01   3.746657602879623e-01   2.505643054475255e-01   1.866033584759964e-15  -5.057194997124201e-01  -8.626979700976580e-01
   2.548180707911721e+00   3.746442658463121e-01   2.425563022235271e-01   3.746442658463131e-01   2.425563022235287e-01   1.918350056099025e-15  -5.208646456291304e-01  -8.536392803366304e-01
   2.565634000431665e+00   3.746382751192067e-01   2.346251496201264e-01   3.746382751192074e-01   2.346251496201279e-01   1.713667989781468e-15  -4.211113064546290e-01  -9.070089677484316e-01
   2.583087292951608e+00   3.746462443514783e-01   2.267681630953154e-01   3.746462443514790e-01   2.267681630953169e-01   1.688533887628810e-15  -4.273796168934163e-01  -9.040722665053037e-01
   2.600540585471551e+00   3.746667116272890e-01   2.189826913931590e-01   3.746667116272897e-01   2.189826913931608e-01   1.923162984565075e-15  -3.463740827591586e-01  -9.380964741393879e-01
   2.617993877991494e+00   3.746982933559144e-01   2.112661163781595e-01   3.746982933559150e-01   2.112661163781466e-01   1.286533056460549e-14  -4.746264858702916e-02   9.988730134452047e-01
   2.635447170511438e+00   3.747396809015595e-01   2.036158527632428e-01   3.747396809015598e-01   2.036158527632448e-01   1.935142936288310e-15  -1.434290723188921e-01  -9.896605990003554e-01
   2.652900463031381e+00   3.747896373549638e-01   1.960293477392624e-01   3.747896373549641e-01   1.960293477392639e-01   1.562468814890480e-15  -2.131670752167256e-01  -9.770157614099921e-01
   2.670353755551324e+00   3.748469944444242e-01   1.885040805135009e-01   3.748469944444245e-01   1.885040805135032e-01   2.300198848626052e-15  -1.447991801171857e-01  -9.894610641341025e-01
   2.687807048071268e+00   3.749106495837313e-01   1.810375617641639e-01   3.749106495837313e-01   1.810375617641659e-01   2.026157019940911e-15   0.000000000000000e+00  -1.000000000000000e+00
   2.705260340591211e+00   3.749795630544569e-01   1.736273330174646e-01   3.749795630544568e-01   1.736273330174664e-01   1.752122236418810e-15   6.336447318278195e-02  -9.979904526288157e-01
   2.722713633111154e+00   3.750527553199478e-01   1.662709659534770e-01   3.750527553199478e-01   1.662709659534789e-01   1.887379141862766e-15   0.000000000000000e+00  -1.000000000000000e+00
   2.740166925631097e+00   3.751293044683442e-01   1.589660616465478e-01   3.751293044683439e-01   1.589660616465494e-01   1.710067842969272e-15   2.272296156064184e-01  -9.738412097417932e-01
   2.757620218151041e+00   3.752083437819261e-01   1.517102497456720e-01   3.752083437819255e-01   1.517102497456735e-01   1.572298850923531e-15   3.530572524342424e-01  -9.356017189507422e-01
   2.775073510670984e+00   3.752890594300771e-01   1.445011875998999e-01   3.752890594300765e-01   1.445011875999011e-01   1.291156442830067e-15   4.299335803923478e-01  -9.028605188239304e-01
   2.792526803190927e+00   3.753706882831856e-01   1.373365593334720e-01   3.753706882831850e-01   1.373365593334737e-01   1.845276169487005e-15   3.609941025577121e-01  -9.325680982740896e-01
   2.809980095710870e+00   3.754525158448071e-01   1.302140748750883e-01   3.754525158448065e-01   1.302140748750899e-01   1.702844715254278e-15   3.259906833194042e-01  -9.453729816262721e-01
   2.827433388230814e+00   3.755338742994752e-01   1.231314689453796e-01   3.755338742994742e-01   1.231314689453955e-01   1.593191799786113e-14   5.923264048045401e-02  -9.982442057441221e-01
   2.844886680750757e+00   3.756141406736015e-01   1.160865000063814e-01   3.756141406736009e-01   1.160865000063826e-01   1.330604147699527e-15   5.006250851741055e-01  -8.656642097802241e-01
   2.862339973270700e+00   3.756927351069566e-01   1.090769491765226e-01   3.756927351069560e-01   1.090769491765236e-01   1.112389315513593e-15   5.489289181655886e-01  -8.358690344794191e-01
   2.879793265790644e+00   3.757691192323190e-01   1.021006191143855e-01   3.757691192323180e-01   1.021006191143869e-01   1.710067842969272e-15   5.843047258450760e-01  -8.115343414514944e-01
   2.897246558310587e+00   3.758427946609597e-01   9.515533287425869e-02   3.758427946609589e-01   9.515533287425987e-02   1.412606107653374e-15   5.501576929527964e-01  -8.350607839462088e-01
   2.914699850830531e+00   3.759133015717235e-01   8.823893273626789e-02   3.759133015717230e-01   8.823893273626911e-02   1.319485001705613e-15   3.786328457205041e-01  -9.255469562056767e-01
   2.932153143350474e+00   3.759802174015708e-01   8.134927901365986e-02   3.759802174015694e-01   8.134927901366111e-02   1.908687790814122e-15   7.561686824627770e-01  -6.543767444389417e-01
   2.949606435870417e+00   3.760431556355601e-01   7.448424883962682e-02   3.760431556355586e-01   7.448424883962804e-02   1.933350675916490e-15   7.752349855172893e-01  -6.316729511622358e-01
   2.967059728390360e+00   3.761017646943653e-01   6.764173493586866e-02   3.761017646943637e-01   6.764173493586982e-02   1.987578300829202e-15   8.099421215430213e-01  -5.865098121518429e-01
   2.984513020910303e+00   3.761557269175346e-01   6.081964436491911e-02   3.761557269175334e-01   6.081964436491975e-02   1.381258249263549e-15   8.841542323738578e-01  -4.671951341520953e-01
   3.001966313430247e+00   3.762047576408459e-01   5.401589726812295e-02   3.762047576408450e-01   5.401589726812387e-02   1.280841627554967e-15   6.934334429742049e-01  -7.205206868403848e-01
   3.019419605950190e+00   3.762486043662182e-01   4.722842559100111e-02   3.762486043662170e-01   4.722842559100185e-02   1.382094594118604e-15   8.434546960946849e-01  -5.372003123936386e-01
   3.036872898470133e+00   3.762870460227934e-01   4.045517179761422e-02   3.762870460227921e-01   4.045517179760037e-02   1.391566584445654e-14   9.174957868275778e-02   9.957821121166700e-01
   3.054326190990076e+00   3.763198923179376e-01   3.369408757542841e-02   3.763198923179362e-01   3.369408757542918e-02   1.587187611943564e-15   8.743634150987760e-01  -4.852716953798207e-01
   3.071779483510020e+00   3.763469831770465e-01   2.694313253208663e-02   3.763469831770447e-01   2.694313253208722e-02   1.870624000973825e-15   9.496065689713697e-01  -3.134443557737529e-01
   3.089232776029963e+00   3.763681882711803e-01   2.020027288539947e-02   3.763681882711784e-01   2.020027288539991e-02   1.939718736419550e-15   9.730169155073505e-01  -2.307337906258239e-01
   3.106686068549907e+00   3.763834066317192e-01   1.346348014779650e-02   3.763834066317172e-01   1.346348014779678e-02   2.018550355724188e-15   9.900181279393064e-01  -1.409400807135818e-01
   3.124139361069850e+00   3.763925663513478e-01   6.730729806421477e-03   3.763925663513463e-01   6.730729806421636e-03   1.507274066202890e-15   9.943786049604945e-01  -1.058829070096823e-01
   3.141592653589793e+00   3.763956243708514e-01   4.722521181117744e-17   3.763956243708499e-01   4.722521181117838e-17   1.554312234475219e-15   1.000000000000000e+00  -6.026924990822279e-16
   3.159045946109736e+00   3.763925663513478e-01  -6.730729806421370e-03   3.763925663513463e-01  -6.730729806421515e-03   1.505784193960517e-15   9.953624757488063e-01   9.619533185766820e-02
   3.176499238629680e+00   3.763834066317192e-01  -1.346348014779657e-02   3.763834066317172e-01  -1.346348014779688e-02   2.022648890963525e-15   9.880120337511015e-01   1.543768802736096e-01
   3.193952531149623e+00   3.763681882711803e-01  -2.020027288539928e-02   3.763681882711788e-01  -2.020027288539967e-02   1.495589206457939e-15   9.650309896464832e-01   2.621358217068572e-01
   3.211405823669566e+00   3.763469831770456e-01  -2.694313253208641e-02   3.763469831770447e-01  -2.694313253208694e-02   1.034715658114352e-15   8.583792201605667e-01   5.130157057990887e-01
   3.228859116189509e+00   3.763198923179373e-01  -3.369408757542818e-02   3.763198923179359e-01  -3.369408757542872e-02   1.489585139872352e-15   9.316545551067793e-01   3.633452764916439e-01
   3.246312408709453e+00   3.762870460227932e-01  -4.045517179761416e-02   3.762870460227918e-01  -4.045517179760021e-02   1.401757041545997e-14   9.504269214020360e-02  -9.954731973643201e-01
   3.263765701229397e+00   3.762486043662182e-01  -4.722842559100136e-02   3.762486043662166e-01  -4.722842559100220e-02   1.818837503867224e-15   8.850836769550112e-01   4.654319335711697e-01
   3.281218993749340e+00   3.762047576408459e-01  -5.401589726812281e-02   3.762047576408452e-01  -5.401589726812374e-02   1.176996775270747e-15   6.131239958922997e-01   7.899866870150785e-01
   3.298672286269283e+00   3.761557269175341e-01  -6.081964436491887e-02   3.761557269175332e-01  -6.081964436491974e-02   1.202352346238684e-15   6.925318281897135e-01   7.213873210309516e-01
   3.316125578789226e+00   3.761017646943647e-01  -6.764173493586902e-02   3.761017646943637e-01  -6.764173493586996e-02   1.374391534263436e-15   7.270131525498175e-01   6.866235329637165e-01
   3.333578871309169e+00   3.760431556355601e-01  -7.448424883962723e-02   3.760431556355591e-01  -7.448424883962823e-02   1.452865864093589e-15   7.259526839058266e-01   6.877446479107832e-01
   3.351032163829113e+00   3.759802174015704e-01  -8.134927901365961e-02   3.759802174015694e-01  -8.134927901366065e-02   1.442822815486421e-15   6.925318281897135e-01   7.213873210309516e-01
   3.368485456349056e+00   3.759133015717235e-01  -8.823893273626815e-02   3.759133015717226e-01  -8.823893273626912e-02   1.354346956667457e-15   6.967856842632490e-01   7.172793808592269e-01
   3.385938748868999e+00   3.758427946609603e-01  -9.515533287425823e-02   3.758427946609589e-01  -9.515533287425963e-02   1.972453061711902e-15   7.035801295960805e-01   7.106159308920413e-01
   3.403392041388942e+00   3.757691192323185e-01  -1.021006191143854e-01   3.757691192323184e-01  -1.021006191143862e-01   7.164218939837045e-16   1.549677688452119e-01   9.879195263882261e-01
   3.420845333908886e+00   3.756927351069568e-01  -1.090769491765222e-01   3.756927351069559e-01  -1.090769491765233e-01   1.421305005502961e-15   5.858469964187660e-01   8.104216783792930e-01
   3.438298626428829e+00   3.756141406736019e-01  -1.160865000063812e-01   3.756141406736013e-01  -1.160865000063826e-01   1.501945985666851e-15   4.435138288141143e-01   8.962675290618559e-01
   3.455751918948773e+00   3.755338742994752e-01  -1.231314689453796e-01   3.755338742994742e-01  -1.231314689453955e-01   1.591806459781817e-14   5.928419030669915e-02   9.982411456054490e-01
   3.473205211468716e+00   3.754525158448070e-01  -1.302140748750883e-01   3.754525158448064e-01  -1.302140748750893e-01   1.147416973023806e-15   5.321715452183459e-01   8.466365492110047e-01
   3.490658503988659e+00   3.753706882831856e-01  -1.373365593334722e-01   3.753706882831845e-01  -1.373365593334737e-01   1.865207723429512e-15   5.952275506257376e-01   8.035571933447457e-01
   3.508111796508603e+00   3.752890594300771e-01  -1.445011875999006e-01   3.752890594300763e-01  -1.445011875999017e-01   1.347503896680186e-15   5.355420253583323e-01   8.445085784496777e-01
   3.525565089028546e+00   3.752083437819259e-01  -1.517102497456718e-01   3.752083437819253e-01  -1.517102497456737e-01   1.983698581531983e-15   3.078202854146626e-01   9.514445185544115e-01
   3.543018381548489e+00   3.751293044683443e-01  -1.589660616465471e-01   3.751293044683438e-01  -1.589660616465490e-01   1.952383298927549e-15   2.558925603162825e-01   9.667052278615119e-01
   3.560471674068432e+00   3.750527553199480e-01  -1.662709659534770e-01   3.750527553199477e-01  -1.662709659534785e-01   1.508279964167861e-15   2.208256525977952e-01   9.753132989735953e-01
   3.577924966588375e+00   3.749795630544567e-01  -1.736273330174646e-01   3.749795630544563e-01  -1.736273330174664e-01   1.780039309820398e-15   1.871121078899952e-01   9.823385664224749e-01
   3.595378259108319e+00   3.749106495837310e-01  -1.810375617641639e-01   3.749106495837310e-01  -1.810375617641657e-01   1.804112415015879e-15   0.000000000000000e+00   1.000000000000000e+00
   3.612831551628262e+00   3.748469944444242e-01  -1.885040805135010e-01   3.748469944444243e-01  -1.885040805135032e-01   2.221139830254354e-15  -2.499219116020307e-02   9.996876464081228e-01
   3.630284844148206e+00   3.747896373549642e-01  -1.960293477392624e-01   3.747896373549646e-01  -1.960293477392639e-01   1.616747389211548e-15  -2.060104810498419e-01   9.785497849867490e-01
   3.647738136668149e+00   3.747396809015590e-01  -2.036158527632426e-01   3.747396809015595e-01  -2.036158527632446e-01   1.979227502558420e-15  -2.524218971470027e-01   9.676172723968438e-01
   3.665191429188092e+00   3.746982933559143e-01  -2.112661163781599e-01   3.746982933559151e-01  -2.112661163781468e-01   1.312706690285860e-14  -6.343132663455402e-02  -9.979862057169830e-01
   3.682644721708035e+00   3.746667116272886e-01  -2.189826913931588e-01   3.746667116272895e-01  -2.189826913931602e-01   1.624353417151118e-15  -5.467889009387270e-01   8.372705045624257e-01
   3.700098014227978e+00   3.746462443514785e-01  -2.267681630953154e-01   3.746462443514792e-01  -2.267681630953171e-01   1.871186959898982e-15  -3.559953275919878e-01   9.344877349289681e-01
   3.717551306747922e+00   3.746382751192067e-01  -2.346251496201266e-01   3.746382751192075e-01  -2.346251496201283e-01   1.888195305854151e-15  -4.115867224264983e-01   9.113705996586747e-01
   3.735004599267865e+00   3.746442658463119e-01  -2.425563022235266e-01   3.746442658463129e-01  -2.425563022235283e-01   1.942097114741681e-15  -5.144957554275265e-01   8.574929257125441e-01
   3.752457891787808e+00   3.746657602879619e-01  -2.505643054475237e-01   3.746657602879626e-01  -2.505643054475251e-01   1.564193530657107e-15  -4.613527366419894e-01   8.872168012345951e-01
   3.769911184307752e+00   3.747043876989772e-01  -2.586518771710583e-01   3.747043876989786e-01  -2.586518771710596e-01   1.962615573354719e-15  -7.071067811865475e-01   7.071067811865475e-01
   3.787364476827695e+00   3.747618666421479e-01  -2.668217685372192e-01   3.747618666421489e-01  -2.668217685372203e-01   1.493652318171191e-15  -6.689647316224497e-01   7.432941462471664e-01
   3.804817769347638e+00   3.748400089461705e-01  -2.750767637474342e-01   3.748400089461716e-01  -2.750767637474352e-01   1.415262216750919e-15  -7.452413135250994e-01   6.667948594698258e-01
   3.822271061867582e+00   3.749407238146049e-01  -2.834196797127457e-01   3.749407238146056e-01  -2.834196797127468e-01   1.277962672710113e-15  -5.646839155919902e-01   8.253072612498317e-01
   3.839724354387525e+00   3.750660220869143e-01  -2.918533655517543e-01   3.750660220869155e-01  -2.918533655517557e-01   1.845276169487005e-15  -6.919053632356149e-01   7.219882051154242e-01
   3.857177646907469e+00   3.752180206523295e-01  -3.003807019242819e-01   3.752180206523310e-01  -3.003807019242834e-01   2.159233940399377e-15  -7.198442954206852e-01   6.941355705842321e-01
   3.874630939427412e+00   3.753989470168698e-01  -3.090046001892456e-01   3.753989470168713e-01  -3.090046001892469e-01   2.005328333186500e-15  -7.474093186836598e-01   6.643638388299198e-01
   3.892084231947355e+00   3.756111440234424e-01  -3.177280013747016e-01   3.756111440234434e-01  -3.177280013747029e-01   1.699221637287304e-15  -6.207029443655611e-01   7.840458244617613e-01
   3.909537524467298e+00   3.758570747244518e-01  -3.265538749474546e-01   3.758570747244530e-01  -3.265538749474557e-01   1.609823385706477e-15  -6.896551724137931e-01   7.241379310344828e-01
   3.926990816987241e+00   3.761393274058163e-01  -3.354852173690515e-01   3.761393274058181e-01  -3.354852173690529e-01   2.210710253940360e-15  -7.784130394753294e-01   6.277524511897817e-01
   3.944444109507184e+00   3.764606207607254e-01  -3.445250504244513e-01   3.764606207607270e-01  -3.445250504244525e-01   2.020636405220133e-15  -7.966912709023963e-01   6.043864813742317e-01
   3.961897402027128e+00   3.768238092107993e-01  -3.536764193090797e-01   3.768238092108008e-01  -3.536764193090808e-01   1.865207723429512e-15  -8.035571933447457e-01   5.952275506257376e-01
   3.979350694547071e+00   3.772318883716705e-01  -3.629423904594331e-01   3.772318883716720e-01  -3.629423904594340e-01   1.790180836524724e-15  -8.682431421244593e-01   4.961389383568339e-01
   3.996803987067014e+00   3.776880006591954e-01  -3.723260491118640e-01   3.776880006591978e-01  -3.723260491118650e-01   2.536561995735345e-15  -9.191450300180578e-01   3.939192985791676e-01
   4.014257279586958e+00   3.781954410317316e-01  -3.818304965736417e-01   3.781954410317344e-01  -3.818304965736424e-01   2.921595713565487e-15  -9.690145353270457e-01   2.470037050833646e-01
   4.031710572106902e+00   3.787576628630110e-01  -3.914588471898613e-01   3.787576628630130e-01  -3.914588471898622e-01   2.113801663112788e-15  -9.191450300180578e-01   3.939192985791676e-01
   4.049163864626845e+00   3.793782839391998e-01  -4.012142249893195e-01   3.793782839392024e-01  -4.012142249893200e-01   2.710968215929816e-15  -9.828721869343219e-01   1.842885350501854e-01
   4.066617157146788e+00   3.800610925727339e-01  -4.110997599919557e-01   3.800610925727366e-01  -4.110997599919561e-01   2.692720010440942e-15  -9.895329810632816e-01   1.443068930717286e-01
   4.084070449666731e+00   3.808100538243974e-01  -4.211185841600790e-01   3.808100538243999e-01  -4.211185841600790e-01   2.498001805406602e-15  -1.000000000000000e+00   0.000000000000000e+00
   4.101523742186674e+00   3.816293158240038e-01  -4.312738269751597e-01   3.816293158240062e-01  -4.312738269751594e-01   2.355138688025663e-15  -9.899494936611665e-01  -1.414213562373095e-01
   4.118977034706617e+00   3.825232161787716e-01  -4.415686106216447e-01   3.825232161787743e-01  -4.415686106216445e-01   2.780549076845816e-15  -9.982048454657786e-01  -5.989229072794672e-02
   4.136430327226561e+00   3.834962884572003e-01  -4.520060447589181e-01   3.834962884572028e-01  -4.520060447589179e-01   2.563148888826737e-15  -9.962405881956830e-01  -8.662961636484200e-02
   4.153883619746504e+00   3.845532687348815e-01  -4.625892208622973e-01   3.845532687348838e-01  -4.625892208622967e-01   2.342675814005401e-15  -9.715203387831297e-01  -2.369561801910072e-01
   4.171336912266447e+00   3.856991021872194e-01  -4.733212061137573e-01   3.856991021872216e-01  -4.733212061137564e-01   2.319542604187339e-15  -9.333456062030595e-01  -3.589790793088691e-01
   4.188790204786391e+00   3.869389497125192e-01  -4.842050368229452e-01   3.869389497125214e-01  -4.842050368229445e-01   2.334770248781158e-15  -9.510340687309481e-01  -3.090860723375581e-01
   4.206243497306335e+00   3.882781945672951e-01  -4.952437113590201e-01   3.882781945672971e-01  -4.952437113590196e-01   2.127605635752961e-15  -9.653633930282663e-01  -2.609090251427747e-01
   4.223696789826278e+00   3.897224489940034e-01  -5.064401825738555e-01   3.897224489940053e-01  -5.064401825738544e-01   2.142040032190844e-15  -8.551978315540179e-01  -5.183017160933442e-01
   4.241150082346221e+00   3.912775608196404e-01  -5.177973496973171e-01   3.912775608196421e-01  -5.177973496973161e-01   1.989902501546284e-15  -8.647889466100895e-01  -5.021355173865036e-01
   4.258603374866164e+00   3.929496200018653e-01  -5.293180496855017e-01   3.929496200018670e-01  -5.293180496855012e-01   1.777223989483337e-15  -9.682773237093576e-01  -2.498780190217697e-01
   4.276056667386107e+00   3.947449650974165e-01  -5.410050480032156e-01   3.947449650974186e-01  -5.410050480032146e-01   2.334110243043934e-15  -9.037378388935388e-01  -4.280863447390447e-01
   4.293509959906051e+00   3.966701896256795e-01  -5.528610288223461e-01   3.966701896256812e-01  -5.528610288223451e-01   1.989902501546284e-15  -8.647889466100895e-01  -5.021355173865036e-01
   4.310963252425994e+00   3.987321482982635e-01  -5.648885846184578e-01   3.987321482982651e-01  -5.648885846184568e-01   1.847779371410367e-15  -8.411784753765535e-01  -5.407575913134987e-01
   4.328416544945937e+00   4.009379630834231e-01  -5.770902051485525e-01   4.009379630834249e-01  -5.770902051485516e-01   1.986027322597818e-15  -8.944271909999159e-01  -4.472135954999579e-01
   4.345869837465880e+00   4.032950290720530e-01  -5.894682657938514e-01   4.032950290720550e-01  -5.894682657938497e-01   2.601335705478820e-15  -7.682212795973759e-01  -6.401843996644799e-01
   4.363323129985823e+00   4.058110201098996e-01  -6.020250152524230e-01   4.058110201099011e-01  -6.020250152524216e-01   2.121078110322339e-15  -7.327934916262993e-01  -6.804510993672779e-01
   4.380776422505767e+00   4.084938941584522e-01  -6.147625625676936e-01   4.084938941584539e-01  -6.147625625676918e-01   2.473207129088435e-15  -6.957952158270121e-01  -7.182402227891738e-01
   4.398229715025710e+00   4.113518983448329e-01  -6.276828634801167e-01   4.113518983448347e-01  -6.276828634801151e-01   2.360366527284141e-15  -7.525766947068778e-01  -6.585046078685181e-01
   4.415683007545653e+00   4.143935736587886e-01  -6.407877060908934e-01   4.143935736587904e-01  -6.407877060908918e-01   2.434909185329438e-15  -7.295372041400852e-01  -6.839411288813297e-01
   4.433136300065597e+00   4.176277592527531e-01  -6.540786958282435e-01   4.176277592527549e-01  -6.540786958282422e-01   2.220446049250313e-15  -8.000000000000000e-01  -6.000000000000000e-01
   4.450589592585541e+00   4.210635962987170e-01  -6.675572397086468e-01   4.210635962987184e-01  -6.675572397086447e-01   2.524994750073652e-15  -5.496165014762765e-01  -8.354170822439403e-01
   4.468042885105484e+00   4.247105313535394e-01  -6.812245298875360e-01   4.247105313535407e-01  -6.812245298875340e-01   2.371437420133774e-15  -5.383892771022006e-01  -8.426962598121401e-01
   4.485496177625427e+00   4.285783191822108e-01  -6.950815264962427e-01   4.285783191822120e-01  -6.950815264962413e-01   1.807312143953211e-15  -6.757246285173463e-01  -7.371541402007414e-01
   4.502949470145370e+00   4.326770249864816e-01  -7.091289397644248e-01   4.326770249864827e-01  -7.091289397644219e-01   3.092723472249785e-15  -3.589790793088691e-01  -9.333456062030595e-01
   4.520402762665313e+00   4.370170259843302e-01  -7.233672114299885e-01   4.370170259843315e-01  -7.233672114299858e-01   2.931072891608563e-15  -4.166547104932136e-01  -9.090648228942843e-01
   4.537856055185257e+00   4.416090122837817e-01  -7.377964954413999e-01   4.416090122837826e-01  -7.377964954413970e-01   3.004276633630189e-15  -2.771606513021811e-01  -9.608235911808944e-01
   4.555309347705200e+00   4.464639869927977e-01  -7.524166379604326e-01   4.464639869927983e-01  -7.524166379604296e-01   3.059163085840056e-15  -1.996044821442257e-01  -9.798765487080173e-01
   4.572762640225144e+00   4.515932655052541e-01  -7.672271566767925e-01   4.515932655052546e-01  -7.672271566767903e-01   2.264419546801470e-15  -1.961161351381840e-01  -9.805806756909202e-01
   4.590215932745087e+00   4.570084739014822e-01  -7.822272194496445e-01   4.570084739014825e-01  -7.822272194496419e-01   2.568553214845454e-15  -1.080591807684192e-01  -9.941444630694566e-01
   4.607669225265030e+00   4.627215464004009e-01  -7.974156222948799e-01   4.627215464004012e-01  -7.974156222948775e-01   2.458210282605903e-15  -1.129096880442862e-01  -9.936052547897187e-01
   4.625122517784973e+00   4.687447217990847e-01  -8.127907667410172e-01   4.687447217990848e-01  -8.127907667410147e-01   2.555925345420227e-15  -4.343722427630693e-02  -9.990561583550595e-01
   4.642575810304916e+00   4.750905388345782e-01  -8.283506365808876e-01   4.750905388345781e-01  -8.283506365808848e-01   2.777777120143555e-15   3.996803834887157e-02  -9.992009587217894e-01
   4.660029102824859e+00   4.817718304019067e-01  -8.440927740507171e-01   4.817718304019066e-01  -8.440927740507146e-01   2.555925345420227e-15   4.343722427630693e-02  -9.990561583550595e-01
   4.677482395344803e+00   4.888017165617339e-01  -8.600142554729038e-01   4.888017165617338e-01  -8.600142554729011e-01   2.666847220714600e-15   4.163054471218133e-02  -9.991330730923520e-01
   4.694935687864747e+00   4.961935962707469e-01  -8.761116664036603e-01   4.961935962707470e-01  -8.761116664036582e-01   2.110154030260182e-15  -2.630668208823282e-02  -9.996539193528472e-01
   4.712388980384690e+00   5.039611377678485e-01  -8.923810763317531e-01   5.039611377678481e-01  -8.923810763317507e-01   2.465095162570931e-15   1.351132047333135e-01  -9.908301680442989e-01
   4.729842272904633e+00   5.121182675495222e-01  -9.088180129797908e-01   5.121182675495221e-01  -9.088180129797890e-01   1.779822904821748e-15   6.237828615518053e-02  -9.980525784828885e-01
   4.747295565424577e+00   5.206791578683149e-01  -9.254174362649334e-01   5.206791578683219e-01  -9.254174362649441e-01   1.274824193475997e-14  -5.486564414868224e-01   8.360479108370626e-01
   4.764748857944520e+00   5.296582126893546e-01  -9.421737119813846e-01   5.296582126893543e-01  -9.421737119813823e-01   2.245287113584369e-15   1.483404529302446e-01  -9.889363528682975e-01
   4.782202150464463e+00   5.390700520411494e-01  -9.590805852727600e-01   5.390700520411488e-01  -9.590805852727580e-01   2.106500081146021e-15   3.162277660168379e-01  -9.486832980505138e-01
   4.799655442984406e+00   5.489294946986074e-01  -9.761311539680899e-01   5.489294946986069e-01  -9.761311539680878e-01   2.181242154052188e-15   2.544932992796438e-01  -9.670745372626462e-01
   4.817108735504349e+00   5.592515391383521e-01  -9.933178418611470e-01   5.592515391383516e-01  -9.933178418611448e-01   2.288783399261118e-15   2.425356250363330e-01  -9.701425001453320e-01
   4.834562028024293e+00   5.700513427089507e-01  -1.010632372018646e+00   5.700513427089495e-01  -1.010632372018643e+00   3.339908118180928e-15   3.656523724229935e-01  -9.307514934403471e-01
   4.852015320544236e+00   5.813441989616689e-01  -1.028065740208779e+00   5.813441989616680e-01  -1.028065740208777e+00   2.598965467441789e-15   3.417430630867044e-01  -9.397934234884370e-01
   4.869468613064179e+00   5.931455130908116e-01  -1.045608188547524e+00   5.931455130908103e-01  -1.045608188547522e+00   2.589462819655575e-15   5.144957554275265e-01  -8.574929257125441e-01
   4.886921905584122e+00   6.054707754366410e-01  -1.063249179466001e+00   6.054707754366391e-01  -1.063249179465999e+00   2.914203267236168e-15   6.476484200955405e-01  -7.619393177594594e-01
   4.904375198104066e+00   6.183355330082583e-01  -1.080977370108037e+00   6.183355330082565e-01  -1.080977370108035e+00   3.202372833989377e-15   5.547001962252290e-01  -8.320502943378436e-01
   4.921828490624009e+00   6.317553589887582e-01  -1.098780587272809e+00   6.317553589887573e-01  -1.098780587272808e+00   1.790180836524724e-15   4.961389383568339e-01  -8.682431421244593e-01
   4.939281783143953e+00   6.457458201903606e-01  -1.116645803023037e+00   6.457458201903593e-01  -1.116645803023035e+00   2.220446049250313e-15   6.000000000000000e-01  -8.000000000000000e-01
   4.956735075663896e+00   6.603224424331428e-01  -1.134559111084625e+00   6.603224424331410e-01  -1.134559111084622e+00   2.843558383173338e-15   6.246950475544243e-01  -7.808688094430304e-01
   4.974188368183840e+00   6.755006738274224e-01  -1.152505704168900e+00   6.755006738274104e-01  -1.152505704168888e+00   1.711472801039727e-14   7.005900799982019e-01  -7.135639703685389e-01
   4.991641660703783e+00   6.912958459467756e-01  -1.170469852353500e+00   6.912958459467740e-01  -1.170469852353498e+00   2.277987190955420e-15   7.310552682428691e-01  -6.823182503600111e-01
   5.009094953223726e+00   7.077231328861343e-01  -1.188434882662693e+00   7.077231328861323e-01  -1.188434882662691e+00   2.531698018113677e-15   7.893522173763262e-01  -6.139406135149204e-01
   5.026548245743669e+00   7.247975082073141e-01  -1.206383159992224e+00   7.247975082073119e-01  -1.206383159992223e+00   2.391493584112727e-15   9.284766908852592e-01  -3.713906763541037e-01
   5.044001538263612e+00   7.425336997828289e-01  -1.224296069527738e+00   7.425336997828266e-01  -1.224296069527737e+00   2.685271254787086e-15   8.682431421244593e-01  -4.961389383568339e-01
   5.061454830783555e+00   7.609461425576873e-01  -1.242154000809385e+00   7.609461425576852e-01  -1.242154000809384e+00   2.620220423123142e-15   8.050558373533679e-01  -5.931990380498501e-01
   5.078908123303498e+00   7.800489292583374e-01  -1.259936333598250e+00   7.800489292583355e-01  -1.259936333598250e+00   2.001483021243361e-15   9.429903335828895e-01  -3.328201177351375e-01
   5.096361415823442e+00   7.998557590876557e-01  -1.277621425702868e+00   7.998557590876532e-01  -1.277621425702866e+00   2.880167609092343e-15   8.865848461654546e-01  -4.625660066950198e-01
   5.113814708343385e+00   8.203798844552065e-01  -1.295186602926022e+00   8.203798844552050e-01  -1.295186602926021e+00   1.820901148403467e-15   7.926239891046002e-01  -6.097107608496924e-01
   5.131268000863329e+00   8.416340558026176e-01  -1.312608151293537e+00   8.416340558026149e-01  -1.312608151293537e+00   2.810860189311129e-15   9.874406319167054e-01  -1.579905011066729e-01
   5.148721293383272e+00   8.636304645948546e-01  -1.329861311727449e+00   8.636304645948526e-01  -1.329861311727448e+00   2.186885739562628e-15   9.138115486202573e-01  -4.061384660534477e-01
   5.166174585903216e+00   8.863806845596508e-01  -1.346920277326138e+00   8.863806845596484e-01  -1.346920277326137e+00   2.482534153247273e-15   9.838699100999074e-01  -1.788854381999832e-01
   5.183627878423159e+00   9.098956112688055e-01  -1.363758193413358e+00   9.098956112688030e-01  -1.363758193413358e+00   2.452562823315687e-15   9.958932064677039e-01  -9.053574604251853e-02
   5.201081170943102e+00   9.341854001670843e-01  -1.380347160516731e+00   9.341854001670958e-01  -1.380347160516739e+00   1.391814125658792e-14  -8.295877476194152e-01   5.583763685899911e-01
   5.218534463463045e+00   9.592594031664435e-01  -1.396658240434185e+00   9.592594031664418e-01  -1.396658240434185e+00   1.776356839400250e-15   1.000000000000000e+00   0.000000000000000e+00
   5.235987755982989e+00   9.851261039355721e-01  -1.412661465543772e+00   9.851261039355695e-01  -1.412661465543772e+00   2.563148888826737e-15   9.962405881956830e-01  -8.662961636484200e-02
   5.253441048502932e+00   1.011793052027063e+00  -1.428325851508603e+00   1.011793052027061e+00  -1.428325851508603e+00   1.404333387430680e-15   9.486832980505139e-01  -3.162277660168379e-01
   5.270894341022875e+00   1.039266795996958e+00  -1.443619413523888e+00   1.039266795996956e+00  -1.443619413523888e+00   1.350644602892852e-15   9.863939238321436e-01   1.643989873053573e-01
   5.288347633542818e+00   1.067552815683717e+00  -1.458509186247514e+00   1.067552815683715e+00  -1.458509186247514e+00   1.554312234475219e-15   1.000000000000000e+00   0.000000000000000e+00
   5.305800926062761e+00   1.096655453826049e+00  -1.472961247549153e+00   1.096655453826046e+00  -1.472961247549154e+00   2.886579864025407e-15   9.230769230769231e-01   3.846153846153846e-01
   5.323254218582705e+00   1.126577847211172e+00  -1.486940746205450e+00   1.126577847211169e+00  -1.486940746205451e+00   2.482534153247273e-15   9.838699100999074e-01   1.788854381999832e-01
   5.340707511102648e+00   1.157321857557051e+00  -1.500411933660490e+00   1.157321857557048e+00  -1.500411933660490e+00   2.962444526161419e-15   9.743911956946198e-01   2.248595066987584e-01
   5.358160803622591e+00   1.188888002343940e+00  -1.513338199961519e+00   1.188888002343938e+00  -1.513338199961520e+00   1.831026719408895e-15   9.701425001453319e-01   2.425356250363330e-01
   5.375614096142535e+00   1.221275385821819e+00  -1.525682113969565e+00   1.221275385821817e+00  -1.525682113969565e+00   1.998401444325282e-15   1.000000000000000e+00   0.000000000000000e+00
   5.393067388662478e+00   1.254481630431408e+00  -1.537405467933523e+00   1.254481630431406e+00  -1.537405467933524e+00   1.790180836524724e-15   8.682431421244593e-01   4.961389383568339e-01
   5.410520681182422e+00   1.288502808886900e+00  -1.548469326504123e+00   1.288502808886899e+00  -1.548469326504124e+00   2.198129442157285e-15   7.071067811865476e-01   7.071067811865476e-01
   5.427973973702365e+00   1.323333377178461e+00  -1.558834080251149e+00   1.323333377178458e+00  -1.558834080251150e+00   2.391493584112727e-15   9.284766908852592e-01   3.713906763541037e-01
   5.445427266222308e+00   1.358966108761950e+00  -1.568459503733430e+00   1.358966108761949e+00  -1.568459503733431e+00   1.734223803652547e-15   7.682212795973759e-01   6.401843996644799e-01
   5.462880558742251e+00   1.395392030211910e+00  -1.577304818156241e+00   1.395392030211909e+00  -1.577304818156243e+00   2.047150106608361e-15   6.507913734559685e-01   7.592566023652966e-01
   5.480333851262194e+00   1.432600358621754e+00  -1.585328758635175e+00   1.432600358621753e+00  -1.585328758635176e+00   1.421779191586669e-15   7.808688094430304e-01   6.246950475544243e-01
   5.497787143782138e+00   1.470578441042138e+00  -1.592489646069058e+00   1.470578441042137e+00  -1.592489646069059e+00   2.360366527284141e-15   7.525766947068778e-01   6.585046078685181e-01
   5.515240436302081e+00   1.509311696254588e+00  -1.598745463607289e+00   1.509311696254586e+00  -1.598745463607290e+00   2.094764613337708e-15   8.479983040050879e-01   5.299989400031799e-01
   5.532693728822025e+00   1.548783559182715e+00  -1.604053937679028e+00   1.548783559182714e+00  -1.604053937679029e+00   1.421779191586669e-15   7.808688094430304e-01   6.246950475544243e-01
   5.550147021341968e+00   1.588975428247339e+00  -1.608372623533064e+00   1.588975428247338e+00  -1.608372623533065e+00   1.910099915357094e-15   5.812381937190965e-01   8.137334712067350e-01
   5.567600313861911e+00   1.629866615974990e+00  -1.611658995217964e+00   1.629866615974989e+00  -1.611658995217966e+00   1.790180836524724e-15   4.961389383568339e-01   8.682431421244593e-01
   5.585053606381854e+00   1.671434303171057e+00  -1.613870539912382e+00   1.671434303171056e+00  -1.613870539912384e+00   2.186885739562628e-15   4.061384660534477e-01   9.138115486202573e-01
   5.602506898901797e+00   1.713653496969501e+00  -1.614964856495105e+00   1.713653496969499e+00  -1.614964856495106e+00   1.734223803652547e-15   7.682212795973759e-01   6.401843996644799e-01
   5.619960191421741e+00   1.756496993070472e+00  -1.614899758223828e+00   1.756496993070471e+00  -1.614899758223830e+00   1.570092458683775e-15   7.071067811865475e-01   7.071067811865475e-01
   5.637413483941685e+00   1.799935342475201e+00  -1.613633379370651e+00   1.799935342475200e+00  -1.613633379370653e+00   2.186885739562628e-15   4.061384660534477e-01   9.138115486202573e-01
   5.654866776461628e+00   1.843936823024238e+00  -1.611124285641060e+00   1.843936823024237e+00  -1.611124285641062e+00   1.616509124176106e-15   2.747211278973781e-01   9.615239476408232e-01
   5.672320068981571e+00   1.888467416040478e+00  -1.607331588181818e+00   1.888467416040493e+00  -1.607331588181816e+00   1.485709063182137e-14  -9.863939238321436e-01  -1.643989873053573e-01
   5.689773361501514e+00   1.933490788372220e+00  -1.602215060961708e+00   1.933490788372220e+00  -1.602215060961710e+00   2.047150106608361e-15   2.169304578186562e-01   9.761870601839528e-01
   5.707226654021458e+00   1.978968280123993e+00  -1.595735261287673e+00   1.978968280123992e+00  -1.595735261287674e+00   1.421779191586669e-15   6.246950475544243e-01   7.808688094430304e-01
   5.724679946541400e+00   2.024858898353798e+00  -1.587853653197615e+00   2.024858898353797e+00  -1.587853653197618e+00   2.598965467441789e-15   3.417430630867044e-01   9.397934234884370e-01
   5.742133239061344e+00   2.071119317004951e+00  -1.578532733450003e+00   2.071119317004950e+00  -1.578532733450005e+00   2.047150106608361e-15   2.169304578186562e-01   9.761870601839528e-01
   5.759586531581287e+00   2.117703883328535e+00  -1.567736159809721e+00   2.117703883328534e+00  -1.567736159809722e+00   1.195746792056364e-15   3.713906763541037e-01   9.284766908852592e-01
   5.777039824101231e+00   2.164564631039114e+00  -1.555428881309270e+00   2.164564631039115e+00  -1.555428881309272e+00   1.404333387430680e-15  -3.162277660168379e-01   9.486832980505139e-01
   5.794493116621174e+00   2.211651300431214e+00  -1.541577270144626e+00   2.211651300431214e+00  -1.541577270144628e+00   2.442490654175344e-15   0.000000000000000e+00   1.000000000000000e+00
   5.811946409141117e+00   2.258911365667668e+00  -1.526149254845896e+00   2.258911365667668e+00  -1.526149254845898e+00   1.831026719408895e-15   2.425356250363330e-01   9.701425001453319e-01
   5.829399701661061e+00   2.306290069432872e+00  -1.509114454344571e+00   2.306290069432871e+00  -1.509114454344574e+00   2.391493584112727e-15   3.713906763541037e-01   9.284766908852592e-01
   5.846852994181003e+00   2.353730465124749e+00  -1.490444312541525e+00   2.353730465124749e+00  -1.490444312541526e+00   1.195746792056364e-15  -3.713906763541037e-01   9.284766908852592e-01
   5.864306286700947e+00   2.401173466738398e+00  -1.470112232963366e+00   2.401173466738400e+00  -1.470112232963368e+00   2.512147933894040e-15  -7.071067811865476e-01   7.071067811865476e-01
   5.881759579220890e+00   2.448557906572221e+00  -1.448093713079224e+00   2.448557906572223e+00  -1.448093713079226e+00   2.401779625492032e-15  -5.547001962252291e-01   8.320502943378437e-01
   5.899212871740834e+00   2.495820600864106e+00  -1.424366477835589e+00   2.495820600864093e+00  -1.424366477835597e+00   1.551931361643582e-14   8.298425693268209e-01   5.579975897197589e-01
   5.916666164260777e+00   2.542896423440427e+00  -1.398910611953797e+00   2.542896423440417e+00  -1.398910611953809e+00   1.563957110745336e-14   6.246950475544243e-01   7.808688094430304e-01
   5.934119456780721e+00   2.589718387434983e+00  -1.371708690522908e+00   2.589718387434983e+00  -1.371708690522910e+00   1.776356839400250e-15   0.000000000000000e+00   1.000000000000000e+00
   5.951572749300663e+00   2.636217735107966e+00  -1.342745907410483e+00   2.636217735107967e+00  -1.342745907410484e+00   1.421779191586669e-15  -6.246950475544243e-01   7.808688094430304e-01
   5.969026041820607e+00   2.682324035767318e+00  -1.312010201004906e+00   2.682324035767319e+00  -1.312010201004906e+00   9.930136612989092e-16  -4.472135954999579e-01   8.944271909999159e-01
   5.986479334340551e+00   2.727965291765829e+00  -1.279492376795873e+00   2.727965291765830e+00  -1.279492376795874e+00   1.256073966947020e-15  -7.071067811865476e-01   7.071067811865476e-01
   6.003932626860493e+00   2.773068052517873e+00  -1.245186226294067e+00   2.773068052517874e+00  -1.245186226294067e+00   1.110223024625157e-15  -8.000000000000000e-01   6.000000000000000e-01
   6.021385919380437e+00   2.817557536449205e+00  -1.209088641787476e+00   2.817557536449206e+00  -1.209088641787477e+00   2.047150106608361e-15  -6.507913734559685e-01   7.592566023652966e-01
   6.038839211900380e+00   2.861357760762212e+00  -1.171199726430004e+00   2.861357760762214e+00  -1.171199726430005e+00   2.391493584112727e-15  -9.284766908852592e-01   3.713906763541037e-01
   6.056292504420323e+00   2.904391678867682e+00  -1.131522899157990e+00   2.904391678867682e+00  -1.131522899157991e+00   1.256073966947020e-15  -7.071067811865476e-01   7.071067811865476e-01
   6.073745796940266e+00   2.946581325302098e+00  -1.090064993932398e+00   2.946581325302099e+00  -1.090064993932399e+00   1.110223024625157e-15  -8.000000000000000e-01   6.000000000000000e-01
   6.091199089460210e+00   2.987847967917429e+00  -1.046836352808467e+00   2.987847967917430e+00  -1.046836352808467e+00   1.332267629550188e-15  -1.000000000000000e+00   0.000000000000000e+00
   6.108652381980153e+00   3.028112267098067e+00  -1.001850912340670e+00   3.028112267098069e+00  -1.001850912340670e+00   1.897149936107019e-15  -9.363291775690444e-01   3.511234415883916e-01
   6.126105674500097e+00   3.067294441727321e+00  -9.551262828390091e-01   3.067294441727323e+00  -9.551262828390096e-01   1.404333387430680e-15  -9.486832980505139e-01   3.162277660168379e-01
   6.143558967020040e+00   3.105314441593593e+00  -9.066838200030333e-01   3.105314441593602e+00  -9.066838200030205e-01   1.530377101204576e-14  -5.513474411313259e-01  -8.342757332908222e-01
   6.161012259539983e+00   3.142092125894673e+00  -8.565486884721564e-01   3.142092125894678e+00  -8.565486884721418e-01   1.520681356479894e-14  -2.920330468692335e-01  -9.564082284967399e-01
   6.178465552059927e+00   3.177547447466882e+00  -8.047499168455950e-01   3.177547447466884e+00  -8.047499168455949e-01   1.779822904821748e-15  -9.980525784828885e-01  -6.237828615518053e-02
   6.195918844579870e+00   3.211600642335005e+00  -7.513204437416290e-01   3.211600642335006e+00  -7.513204437416293e-01   1.373270039556671e-15  -9.701425001453320e-01   2.425356250363330e-01
   6.213372137099814e+00   3.244172424148613e+00  -6.962971544847678e-01   3.244172424148616e+00  -6.962971544847679e-01   2.666847220714600e-15  -9.991330730923520e-01   4.163054471218133e-02
   6.230825429619756e+00   3.275184183040963e+00  -6.397209080300920e-01   3.275184183040964e+00  -6.397209080300916e-01   5.551115123125783e-16  -8.000000000000000e-01  -6.000000000000000e-01
   6.248278722139700e+00   3.304558188418218e+00  -5.816365537568654e-01   3.304558188418220e+00  -5.816365537568654e-01   1.776356839400250e-15  -1.000000000000000e+00   0.000000000000000e+00
   6.265732014659642e+00   3.332217795159322e+00  -5.220929377884620e-01   3.332217795159323e+00  -5.220929377884620e-01   8.881784197001252e-16  -1.000000000000000e+00   0.000000000000000e+00
   6.283185307179586e+00   3.358087652680834e+00  -4.611428985221549e-01   3.358087652680836e+00  -4.611428985221545e-01   2.254190223843428e-15  -9.850304671557042e-01  -1.723803317522482e-01
