  a =     0.500000000000000
                      x                     f1                     f2                  delta                   frac
       0.00000000000000       1.77245385090552       1.77245385090552       0.00000000000000       0.00000000000000
      0.500000000000000      0.562418231594407      0.562418231594407   4.44089209850063e-16   7.89606710634377e-16
       1.00000000000000      0.278805585280662      0.278805585280662  -1.11022302462516e-16  -3.98206880793849e-16
       1.50000000000000      0.147582513204096      0.147582513204096       0.00000000000000       0.00000000000000
       2.00000000000000     0.0806471179603175     0.0806471179603176  -1.24900090270330e-16  -1.54872354312509e-15
       2.50000000000000     0.0449269526000079     0.0449269526000079  -6.93889390390723e-18  -1.54448354547555e-16
       3.00000000000000     0.0253565093234634     0.0253565093234634   2.77555756156289e-17   1.09461342890543e-15
       3.50000000000000     0.0144472209895254     0.0144472209895253   4.16333634234434e-17   2.88175583758488e-15
       4.00000000000000    0.00829106938067267    0.00829106938067265   1.38777878078145e-17   1.67382362523284e-15
       4.50000000000000    0.00478526392898507    0.00478526392898507       0.00000000000000       0.00000000000000
       5.00000000000000    0.00277460326041281    0.00277460326041281   1.73472347597681e-18   6.25214963424614e-16
max(abs(diff)) = 4.44089209850063e-16
max(abs(frac)) = 2.88175583758488e-15

  a =      1.00000000000000
                      x                     f1                     f2                  delta                   frac
       0.00000000000000       1.00000000000000       1.00000000000000       0.00000000000000       0.00000000000000
      0.500000000000000      0.606530659712633      0.606530659712633       0.00000000000000       0.00000000000000
       1.00000000000000      0.367879441171442      0.367879441171442  -1.11022302462516e-16  -3.01789907337540e-16
       1.50000000000000      0.223130160148430      0.223130160148430   1.94289029309402e-16   8.70743019142541e-16
       2.00000000000000      0.135335283236613      0.135335283236613       0.00000000000000       0.00000000000000
       2.50000000000000     0.0820849986238988     0.0820849986238988       0.00000000000000       0.00000000000000
       3.00000000000000     0.0497870683678640     0.0497870683678640       0.00000000000000       0.00000000000000
       3.50000000000000     0.0301973834223185     0.0301973834223185       0.00000000000000       0.00000000000000
       4.00000000000000     0.0183156388887342     0.0183156388887342       0.00000000000000       0.00000000000000
       4.50000000000000     0.0111089965382423     0.0111089965382423       0.00000000000000       0.00000000000000
       5.00000000000000    0.00673794699908547    0.00673794699908547       0.00000000000000       0.00000000000000
max(abs(diff)) = 1.94289029309402e-16
max(abs(frac)) = 8.70743019142541e-16

  a =      1.50000000000000
                      x                     f1                     f2                  delta                   frac
       0.00000000000000      0.886226925452758      0.886226925452759  -7.77156117237610e-16  -8.76926772271756e-16
      0.500000000000000      0.710091058277557      0.710091058277558  -8.88178419700125e-16  -1.25079510486239e-15
       1.00000000000000      0.507282233811773      0.507282233811774  -3.33066907387547e-16  -6.56571204721376e-16
       1.50000000000000      0.347068775896622      0.347068775896622  -1.11022302462516e-16  -3.19885596667978e-16
       2.00000000000000      0.231716552000981      0.231716552000981       0.00000000000000       0.00000000000000
       2.50000000000000      0.152251254991658      0.152251254991658   8.32667268468867e-17   5.46903385797701e-16
       3.00000000000000     0.0989119866347776     0.0989119866347774   2.49800180540660e-16   2.52547935836151e-15
       3.50000000000000     0.0637177418664441     0.0637177418664442  -2.77555756156289e-17  -4.35601997224040e-16
       4.00000000000000     0.0407768124678047     0.0407768124678047  -4.16333634234434e-17  -1.02100583404637e-15
       4.50000000000000     0.0259583723175996     0.0259583723175996   3.46944695195361e-18   1.33654256495942e-16
       5.00000000000000     0.0164538091489522     0.0164538091489522  -6.93889390390723e-18  -4.21719605538824e-16
max(abs(diff)) = 8.88178419700125e-16
max(abs(frac)) = 2.52547935836151e-15

  a =      2.00000000000000
                      x                     f1                     f2                  delta                   frac
       0.00000000000000       1.00000000000000       1.00000000000000       0.00000000000000       0.00000000000000
      0.500000000000000      0.909795989568950      0.909795989568950  -1.11022302462516e-16  -1.22029887728035e-16
       1.00000000000000      0.735758882342885      0.735758882342885  -3.33066907387547e-16  -4.52684861006310e-16
       1.50000000000000      0.557825400371075      0.557825400371074   6.66133814775094e-16   1.19416185482406e-15
       2.00000000000000      0.406005849709838      0.406005849709838   6.66133814775094e-16   1.64070004225595e-15
       2.50000000000000      0.287297495183646      0.287297495183646   2.22044604925031e-16   7.72873445287424e-16
       3.00000000000000      0.199148273471456      0.199148273471456   2.77555756156289e-16   1.39371409713011e-15
       3.50000000000000      0.135888225400433      0.135888225400433   1.66533453693773e-16   1.22551790784695e-15
       4.00000000000000     0.0915781944436709     0.0915781944436708   8.32667268468867e-17   9.09241849031033e-16
       4.50000000000000     0.0610994809603327     0.0610994809603326   5.55111512312578e-17   9.08537198004957e-16
       5.00000000000000     0.0404276819945128     0.0404276819945127   4.16333634234434e-17   1.02982316495648e-15
max(abs(diff)) = 6.66133814775094e-16
max(abs(frac)) = 1.64070004225595e-15

  a =      2.50000000000000
                      x                     f1                     f2                  delta                   frac
       0.00000000000000       1.32934038817914       1.32934038817914  -1.11022302462516e-15  -8.35168354544529e-16
      0.500000000000000       1.27957755865651       1.27957755865651  -1.11022302462516e-15  -8.67648089882750e-16
       1.00000000000000       1.12880279188910       1.12880279188910  -1.11022302462516e-15  -9.83540289413306e-16
       1.50000000000000      0.930519442786792      0.930519442786792       0.00000000000000       0.00000000000000
       2.00000000000000      0.730360814043115      0.730360814043115  -2.22044604925031e-16  -3.04020424775861e-16
       2.50000000000000      0.552846329216621      0.552846329216621  -6.66133814775094e-16  -1.20491677265724e-15
       3.00000000000000      0.407069175871303      0.407069175871303  -2.22044604925031e-16  -5.45471428657698e-16
       3.50000000000000      0.293306072600551      0.293306072600552  -4.44089209850063e-16  -1.51408119822619e-15
       4.00000000000000      0.207690329811581      0.207690329811581   8.32667268468867e-17   4.00917687994561e-16
       4.50000000000000      0.144983390065381      0.144983390065381  -1.11022302462516e-16  -7.65758770107730e-16
       5.00000000000000      0.100013251317157      0.100013251317157  -1.38777878078145e-17  -1.38759490617957e-16
max(abs(diff)) = 1.11022302462516e-15
max(abs(frac)) = 1.51408119822619e-15

  a =      3.00000000000000
                      x                     f1                     f2                  delta                   frac
       0.00000000000000       2.00000000000000       2.00000000000000       0.00000000000000       0.00000000000000
      0.500000000000000       1.97122464406606       1.97122464406606       0.00000000000000       0.00000000000000
       1.00000000000000       1.83939720585721       1.83939720585721  -2.22044604925031e-16  -1.20715962935016e-16
       1.50000000000000       1.61769366107612       1.61769366107612  -6.66133814775094e-16  -4.11779949939329e-16
       2.00000000000000       1.35335283236613       1.35335283236612   3.10862446895044e-15   2.29698005915833e-15
       2.50000000000000       1.08762623176666       1.08762623176666   2.66453525910038e-15   2.44986299638278e-15
       3.00000000000000      0.846380162253687      0.846380162253685   1.99840144432528e-15   2.36111564690277e-15
       3.50000000000000      0.641694397724268      0.641694397724267   1.22124532708767e-15   1.90315722159762e-15
       4.00000000000000      0.476206611107089      0.476206611107087   1.16573417585641e-15   2.44795882431432e-15
       4.50000000000000      0.347156141820072      0.347156141820071   7.77156117237610e-16   2.23863565588422e-15
       5.00000000000000      0.249304038966162      0.249304038966162   6.10622663543836e-16   2.44930914908569e-15
max(abs(diff)) = 3.10862446895044e-15
max(abs(frac)) = 2.44986299638278e-15

  a =      3.50000000000000
                      x                     f1                     f2                  delta                   frac
       0.00000000000000       3.32335097044784       3.32335097044784  -1.77635683940025e-15  -5.34507746908499e-16
      0.500000000000000       3.30616438226137       3.30616438226137  -1.77635683940025e-15  -5.37286303406743e-16
       1.00000000000000       3.18988642089420       3.18988642089420  -1.77635683940025e-15  -5.56871501055607e-16
       1.50000000000000       2.94117302537977       2.94117302537977  -2.22044604925031e-15  -7.54952541074527e-16
       2.00000000000000       2.59147400719107       2.59147400719107   3.10862446895044e-15   1.19955842131711e-15
       2.50000000000000       2.19328943986439       2.19328943986439   8.88178419700125e-16   4.04952672254257e-16
       3.00000000000000       1.79377652743567       1.79377652743567   2.22044604925031e-16   1.23786102409568e-16
       3.50000000000000       1.42531829080448       1.42531829080448  -8.88178419700125e-16  -6.23143914892736e-16
       4.00000000000000       1.10532626896845       1.10532626896844   1.33226762955019e-15   1.20531617401398e-15
       4.50000000000000      0.839664717313870      0.839664717313872  -1.55431223447522e-15  -1.85111057119030e-15
       5.00000000000000      0.626695816261539      0.626695816261538   8.88178419700125e-16   1.41724006552082e-15
max(abs(diff)) = 3.10862446895044e-15
max(abs(frac)) = 1.85111057119030e-15

  a =      4.00000000000000
                      x                     f1                     f2                  delta                   frac
       0.00000000000000       6.00000000000000       6.00000000000000       0.00000000000000       0.00000000000000
      0.500000000000000       5.98949026466225       5.98949026466225       0.00000000000000       0.00000000000000
       1.00000000000000       5.88607105874308       5.88607105874308       0.00000000000000       0.00000000000000
       1.50000000000000       5.60614527372930       5.60614527372930       0.00000000000000       0.00000000000000
       2.00000000000000       5.14274076299128       5.14274076299128   8.88178419700125e-16   1.72705267605889e-16
       2.50000000000000       4.54545679879840       4.54545679879840  -8.88178419700125e-16  -1.95399155467701e-16
       3.00000000000000       3.88339133269339       3.88339133269339  -3.10862446895044e-15  -8.00492199377290e-16
       3.50000000000000       3.21979600740471       3.21979600740471  -1.33226762955019e-15  -4.13773924337539e-16
       4.00000000000000       2.60082072220025       2.60082072220025       0.00000000000000       0.00000000000000
       4.50000000000000       2.05377573500754       2.05377573500755  -3.10862446895044e-15  -1.51361437179460e-15
       5.00000000000000       1.59015549178417       1.59015549178417  -2.22044604925031e-16  -1.39637039316133e-16
max(abs(diff)) = 3.10862446895044e-15
max(abs(frac)) = 1.51361437179460e-15

  a =      4.50000000000000
                      x                     f1                     f2                  delta                   frac
       0.00000000000000       11.6317283965674       11.6317283965675  -5.32907051820075e-15  -4.58149497350142e-16
      0.500000000000000       11.6251855807248       11.6251855807248  -5.32907051820075e-15  -4.58407350247950e-16
       1.00000000000000       11.5324819143011       11.5324819143011  -5.32907051820075e-15  -4.62092250202648e-16
       1.50000000000000       11.2164172164484       11.2164172164484  -5.32907051820075e-15  -4.75113435543919e-16
       2.00000000000000       10.6013029693353       10.6013029693353  -5.32907051820075e-15  -5.02680711381920e-16
       2.50000000000000       9.70444708158244       9.70444708158243   1.42108547152020e-14   1.46436521274582e-15
       3.00000000000000       8.60652860929707       8.60652860929707  -1.77635683940025e-15  -2.06396436942226e-16
       3.50000000000000       7.41079990037651       7.41079990037651   8.88178419700125e-16   1.19849197339008e-16
       4.00000000000000       6.21304371914753       6.21304371914752   1.15463194561016e-14   1.85839984040638e-15
       4.50000000000000       5.08625460027543       5.08625460027543  -4.44089209850063e-15  -8.73116359188969e-16
       5.00000000000000       4.07674879675862       4.07674879675861   9.76996261670138e-15   2.39650837070692e-15
max(abs(diff)) = 1.42108547152020e-14
max(abs(frac)) = 2.39650837070692e-15

  a =      5.00000000000000
                      x                     f1                     f2                  delta                   frac
       0.00000000000000       24.0000000000000       24.0000000000000   3.55271367880050e-15   1.48029736616688e-16
      0.500000000000000       23.9958692248811       23.9958692248811   3.55271367880050e-15   1.48055219234014e-16
       1.00000000000000       23.9121636761438       23.9121636761438   3.55271367880050e-15   1.48573492843097e-16
       1.50000000000000       23.5541775306686       23.5541775306686       0.00000000000000       0.00000000000000
       2.00000000000000       22.7363275837509       22.7363275837509   3.55271367880050e-15   1.56257146881519e-16
       2.50000000000000       21.3882724539396       21.3882724539396       0.00000000000000       0.00000000000000
       3.00000000000000       19.5663178685705       19.5663178685705   4.26325641456060e-14   2.17887516864310e-15
       3.50000000000000       17.4106788794305       17.4106788794305   4.26325641456060e-14   2.44864456123957e-15
       4.00000000000000       15.0920864443170       15.0920864443169   4.44089209850063e-14   2.94253025576387e-15
       4.50000000000000       12.7704858329932       12.7704858329932   8.88178419700125e-15   6.95493054309237e-16
       5.00000000000000       10.5718388415651       10.5718388415651   3.73034936274053e-14   3.52857191510903e-15
max(abs(diff)) = 4.44089209850063e-14
max(abs(frac)) = 3.52857191510903e-15

