                      x                     f1                     f2                  delta                   frac
     0.0500000000000000       2.46789848850997       2.46789848850997       0.00000000000000       0.00000000000000
      0.100000000000000       1.82292395841939       1.82292395841939  -2.22044604925031e-16  -1.21806838897197e-16
      0.150000000000000       1.46446167052028       1.46446167052028       0.00000000000000       0.00000000000000
      0.200000000000000       1.22265054418389       1.22265054418389       0.00000000000000       0.00000000000000
      0.250000000000000       1.04428263444374       1.04428263444374       0.00000000000000       0.00000000000000
      0.300000000000000      0.905676651675847      0.905676651675847  -1.11022302462516e-16  -1.22584922838722e-16
      0.350000000000000      0.794215434620836      0.794215434620836       0.00000000000000       0.00000000000000
      0.400000000000000      0.702380118865662      0.702380118865662       0.00000000000000       0.00000000000000
      0.450000000000000      0.625331316323269      0.625331316323269       0.00000000000000       0.00000000000000
      0.500000000000000      0.559773594776161      0.559773594776161       0.00000000000000       0.00000000000000
      0.550000000000000      0.503364081392394      0.503364081392394   1.11022302462516e-16   2.20560637055009e-16
      0.600000000000000      0.454379503189402      0.454379503189402  -5.55111512312578e-17  -1.22169135803027e-16
      0.650000000000000      0.411516975949480      0.411516975949480       0.00000000000000       0.00000000000000
      0.700000000000000      0.373768843233509      0.373768843233509   5.55111512312578e-17   1.48517331597320e-16
      0.750000000000000      0.340340812911230      0.340340812911230  -1.66533453693773e-16  -4.89313791870180e-16
      0.800000000000000      0.310596578545543      0.310596578545543       0.00000000000000       0.00000000000000
      0.850000000000000      0.284019268502461      0.284019268502461  -5.55111512312578e-17  -1.95448539544340e-16
      0.900000000000000      0.260183939326000      0.260183939326000  -2.22044604925031e-16  -8.53413955912239e-16
      0.950000000000000      0.238737523653735      0.238737523653735       0.00000000000000       0.00000000000000
       1.00000000000000      0.219383934395520      0.219383934395520  -4.44089209850063e-16  -2.02425583748274e-15
       1.05000000000000      0.201872813220196      0.201872813220197  -3.60822483003176e-16  -1.78737531442435e-15
       1.10000000000000      0.185990904536040      0.185990904536040   1.11022302462516e-16   5.96923289014934e-16
       1.15000000000000      0.171555353629999      0.171555353629999   2.77555756156289e-17   1.61787872126047e-16
       1.20000000000000      0.158408436851463      0.158408436851463   8.32667268468867e-17   5.25645783153361e-16
       1.25000000000000      0.146413372525911      0.146413372525910   3.60822483003176e-16   2.46440934170356e-15
       1.30000000000000      0.135450957849129      0.135450957849129  -4.44089209850063e-16  -3.27859778108552e-15
       1.35000000000000      0.125416844388664      0.125416844388664   2.77555756156289e-17   2.21306601604605e-16
       1.40000000000000      0.116219312571358      0.116219312571358   4.30211422042248e-16   3.70172058777323e-15
       1.45000000000000      0.107777439868977      0.107777439868977   4.71844785465692e-16   4.37795503436810e-15
       1.50000000000000      0.100019582406633      0.100019582406633  -1.24900090270330e-16  -1.24875636615383e-15
       1.55000000000000     0.0928821081642092     0.0928821081642093  -8.32667268468867e-17  -8.96477572404761e-16
       1.60000000000000     0.0863083336975399     0.0863083336975398   1.52655665885959e-16   1.76872451762222e-15
       1.65000000000000     0.0802476266733434     0.0802476266733432   1.94289029309402e-16   2.42111869675943e-15
       1.70000000000000     0.0746546444012532     0.0746546444012531   1.24900090270330e-16   1.67303844619523e-15
       1.75000000000000     0.0694886846046390     0.0694886846046388   1.94289029309402e-16   2.79598081924884e-15
       1.80000000000000     0.0647131293638688     0.0647131293638689  -6.93889390390723e-17  -1.07225442072060e-15
       1.85000000000000     0.0602949668283733     0.0602949668283735  -1.11022302462516e-16  -1.84131957114323e-15
       1.90000000000000     0.0562043781745352     0.0562043781745349   3.05311331771918e-16   5.43216279030463e-15
       1.95000000000000     0.0524143795679987     0.0524143795679987       0.00000000000000       0.00000000000000
       2.00000000000000     0.0489005107080611     0.0489005107080611  -6.24500451351651e-17  -1.27708369975920e-15
       2.05000000000000     0.0456405629911886     0.0456405629911885   1.24900090270330e-16   2.73660275168919e-15
       2.10000000000000     0.0426143415085152     0.0426143415085151   9.02056207507940e-17   2.11679020624475e-15
       2.15000000000000     0.0398034560480185     0.0398034560480185  -1.38777878078145e-17  -3.48657860037893e-16
       2.20000000000000     0.0371911370519326     0.0371911370519326  -1.38777878078145e-17  -3.73147714963270e-16
       2.25000000000000     0.0347620731194446     0.0347620731194446  -3.46944695195361e-17  -9.98055248325491e-16
       2.30000000000000     0.0325022671716215     0.0325022671716216  -9.02056207507940e-17  -2.77536395459682e-15
       2.35000000000000     0.0303989088316224     0.0303989088316225  -3.46944695195361e-17  -1.14130641042764e-15
       2.40000000000000     0.0284402609357956     0.0284402609357957  -3.12250225675825e-17  -1.09791617728380e-15
       2.45000000000000     0.0266155583938946     0.0266155583938947  -1.38777878078145e-17  -5.21416368667955e-16
       2.50000000000000     0.0249149178702697     0.0249149178702697  -5.55111512312578e-17  -2.22802866621117e-15
       2.55000000000000     0.0233292569712522     0.0233292569712522   2.42861286636753e-17   1.04101595235554e-15
       2.60000000000000     0.0218502218040822     0.0218502218040822   1.04083408558608e-17   4.76349437053142e-16
       2.65000000000000     0.0204701219253430     0.0204701219253430  -1.04083408558608e-17  -5.08465015197336e-16
       2.70000000000000     0.0191818718265864     0.0191818718265864  -6.93889390390723e-18  -3.61742272424624e-16
       2.75000000000000     0.0179789382154544     0.0179789382154544   1.73472347597681e-17   9.64864251263552e-16
       2.80000000000000     0.0168552924452160     0.0168552924452161  -6.93889390390723e-18  -4.11674488974925e-16
       2.85000000000000     0.0158053675268043     0.0158053675268043   6.93889390390723e-18   4.39021357278758e-16
       2.90000000000000     0.0148240192272612     0.0148240192272612  -2.94902990916057e-17  -1.98935920410663e-15
       2.95000000000000     0.0139064908187268     0.0139064908187268  -1.73472347597681e-17  -1.24741999875395e-15
       3.00000000000000     0.0130483810941970     0.0130483810941970  -1.04083408558608e-17  -7.97672966532968e-16
       3.05000000000000     0.0122456153114329     0.0122456153114329  -1.21430643318376e-17  -9.91625493943166e-16
       3.10000000000000     0.0114944187656559     0.0114944187656558   1.21430643318376e-17   1.05643134980604e-15
       3.15000000000000     0.0107912927258505     0.0107912927258505  -8.67361737988404e-18  -8.03760735644436e-16
       3.20000000000000     0.0101329924993491     0.0101329924993491  -6.93889390390723e-18  -6.84782299439474e-16
       3.25000000000000    0.00951650741548878    0.00951650741548878  -1.73472347597681e-18  -1.82285727340833e-16
       3.30000000000000    0.00893904254203215    0.00893904254203214   1.21430643318376e-17   1.35843008630286e-15
       3.35000000000000    0.00839800196816159    0.00839800196816159   3.46944695195361e-18   4.13127665974233e-16
       3.40000000000000    0.00789097350556583    0.00789097350556584  -6.93889390390723e-18  -8.79345735860465e-16
       3.45000000000000    0.00741571467475615    0.00741571467475615   8.67361737988404e-19   1.16962663213162e-16
       3.50000000000000    0.00697013985754842    0.00697013985754839   2.94902990916057e-17   4.23094797153444e-15
       3.55000000000000    0.00655230850885990    0.00655230850885989   8.67361737988404e-18   1.32374984605132e-15
       3.60000000000000    0.00616041433179731    0.00616041433179731  -1.73472347597681e-18  -2.81592013547358e-16
       3.65000000000000    0.00579277532962695    0.00579277532962696  -6.07153216591882e-18  -1.04812146517511e-15
       3.70000000000000    0.00544782465677046    0.00544782465677046  -2.60208521396521e-18  -4.77637475121631e-16
       3.75000000000000    0.00512410219858682    0.00512410219858681   1.12757025938492e-17   2.20052258070868e-15
       3.80000000000000    0.00482024681649764    0.00482024681649764  -3.46944695195361e-18  -7.19765415347443e-16
       3.85000000000000    0.00453498920108450    0.00453498920108449   6.93889390390723e-18   1.53007947675992e-15
       3.90000000000000    0.00426714528121856    0.00426714528121857  -9.54097911787244e-18  -2.23591616621682e-15
       3.95000000000000    0.00401561014214999    0.00401561014215000  -2.60208521396521e-18  -6.47992489771935e-16
       4.00000000000000    0.00377935240984891    0.00377935240984891   6.07153216591882e-18   1.60650066664769e-15
       4.05000000000000    0.00355740906281142    0.00355740906281143  -6.50521303491303e-18  -1.82863789911524e-15
       4.10000000000000    0.00334888063606972    0.00334888063606971   8.23993651088983e-18   2.46050468987761e-15
       4.15000000000000    0.00315292678531966    0.00315292678531966  -3.03576608295941e-18  -9.62840652404058e-16
       4.20000000000000    0.00296876218194195    0.00296876218194195   8.67361737988404e-19   2.92162754990714e-16
       4.25000000000000    0.00279565271227396    0.00279565271227396       0.00000000000000       0.00000000000000
       4.30000000000000    0.00263291195682376    0.00263291195682376  -1.30104260698261e-18  -4.94145884221716e-16
       4.35000000000000    0.00247989792722673    0.00247989792722673   8.67361737988404e-19   3.49757031717179e-16
       4.40000000000000    0.00233601004065583    0.00233601004065583  -1.30104260698261e-18  -5.56950776897064e-16
       4.45000000000000    0.00220068631312743    0.00220068631312743   1.73472347597681e-18   7.88264763418992e-16
       4.50000000000000    0.00207340075471462    0.00207340075471461   3.03576608295941e-18   1.46414824826147e-15
       4.55000000000000    0.00195366095110575    0.00195366095110575   1.73472347597681e-18   8.87934764215343e-16
       4.60000000000000    0.00184100581724150    0.00184100581724150  -6.50521303491303e-19  -3.53351030941347e-16
       4.65000000000000    0.00173500350994203    0.00173500350994202   3.25260651745651e-18   1.87469737024636e-15
       4.70000000000000    0.00163524948750888    0.00163524948750888  -8.67361737988404e-19  -5.30415538799361e-16
       4.75000000000000    0.00154136470526389    0.00154136470526390  -3.03576608295941e-18  -1.96953133323477e-15
       4.80000000000000    0.00145299393687832    0.00145299393687832  -4.33680868994202e-19  -2.98473970184584e-16
       4.85000000000000    0.00136980421215965    0.00136980421215965  -1.08420217248550e-18  -7.91501561216648e-16
       4.90000000000000    0.00129148336270598    0.00129148336270598  -4.33680868994202e-19  -3.35800585216623e-16
       4.95000000000000    0.00121773866751748    0.00121773866751748   6.50521303491303e-19   5.34204358327124e-16
       5.00000000000000    0.00114829559127533    0.00114829559127533   1.51788304147971e-18   1.32185741459994e-15
max(abs(diff)) = 4.71844785465692e-16
max(abs(frac)) = 5.43216279030463e-15
