      -10.0000000000000       0.00000000000000
      -9.80000000000000   -0.00336698204510196
      -9.60000000000000   -0.00581295177673190
      -9.40000000000000   -0.00729087322905570
      -9.20000000000000   -0.00784209106544844
      -9.00000000000000   -0.00757575757575758
      -8.80000000000000   -0.00664765556775519
      -8.60000000000000   -0.00524000953508594
      -8.40000000000000   -0.00354343080176750
      -8.20000000000000   -0.00174173303883686
      -8.00000000000000       0.00000000000000
      -7.80000000000000    0.00154400367892140
      -7.60000000000000    0.00278521310864974
      -7.40000000000000    0.00365373212279959
      -7.20000000000000    0.00411479308170535
      -7.00000000000000    0.00416666666666667
      -6.80000000000000    0.00383699750327384
      -6.60000000000000    0.00317802705717830
      -6.40000000000000    0.00226112820273386
      -6.20000000000000    0.00117102370493905
      -6.00000000000000       0.00000000000000
      -5.80000000000000   -0.00115763666498819
      -5.60000000000000   -0.00221067843185643
      -5.40000000000000   -0.00307558534605869
      -5.20000000000000   -0.00368043804779348
      -5.00000000000000   -0.00396825396825397
      -4.80000000000000   -0.00389968913019998
      -4.60000000000000   -0.00345518308343027
      -4.40000000000000   -0.00263663450187251
      -4.20000000000000   -0.00146872093050570
      -4.00000000000000       0.00000000000000
      -3.80000000000000    0.00169604638758252
      -3.60000000000000    0.00351983559033567
      -3.40000000000000    0.00534415032065134
      -3.20000000000000    0.00701197207709105
      -3.00000000000000    0.00833333333333333
      -2.80000000000000    0.00908072948568528
      -2.60000000000000    0.00898246237883967
      -2.40000000000000    0.00771302398742436
      -2.20000000000000    0.00487921235930361
      -2.00000000000000       0.00000000000000
      -1.80000000000000   -0.00752293477659680
      -1.60000000000000    -0.0184489866789638
      -1.40000000000000    -0.0337649876940476
      -1.20000000000000    -0.0547884412438806
      -1.00000000000000    -0.0833333333333334
     -0.800000000000001     -0.121987077669771
     -0.600000000000000     -0.174595711938014
     -0.400000000000000     -0.247165460831715
     -0.199999999999999     -0.349666280598315
       0.00000000000000     -0.500000000000000
      0.199999999999999     -0.733920924896340
      0.400000000000000      -1.13479778386698
      0.600000000000000      -1.95266144822400
      0.800000000000001      -4.43753841589557
