      -50.0000000000000  -3.78326402955046e-24
      -49.0000000000000  -1.04898116423680e-23
      -48.0000000000000  -2.90966419040584e-23
      -47.0000000000000  -8.07419784272581e-23
      -46.0000000000000  -2.24153175974430e-22
      -45.0000000000000  -6.22569080946238e-22
      -44.0000000000000  -1.72995987428165e-21
      -43.0000000000000  -4.80949655695002e-21
      -42.0000000000000  -1.33779088100118e-20
      -41.0000000000000  -3.72316677645998e-20
      -40.0000000000000  -1.03677326145166e-19
      -39.0000000000000  -2.88877930152270e-19
      -38.0000000000000  -8.05410691429075e-19
      -37.0000000000000  -2.24702069758857e-18
      -36.0000000000000  -6.27333900976224e-18
      -35.0000000000000  -1.75270593899474e-17
      -34.0000000000000  -4.90067611839279e-17
      -33.0000000000000  -1.37138434844875e-16
      -32.0000000000000  -3.84096180122507e-16
      -31.0000000000000  -1.07676703861624e-15
      -30.0000000000000  -3.02155201068881e-15
      -29.0000000000000  -8.48775977835356e-15
      -28.0000000000000  -2.38694151193373e-14
      -27.0000000000000  -6.72063743526204e-14
      -26.0000000000000  -1.89468588567498e-13
      -25.0000000000000  -5.34889975534022e-13
      -24.0000000000000  -1.51230589399971e-12
      -23.0000000000000  -4.28268479566567e-12
      -22.0000000000000  -1.21493789562044e-11
      -21.0000000000000  -3.45320126714676e-11
      -20.0000000000000  -9.83552529064988e-11
      -19.0000000000000  -2.80782909706080e-10
      -18.0000000000000  -8.03609034482868e-10
      -17.0000000000000  -2.30643198982165e-09
      -16.0000000000000  -6.64048724944104e-09
      -15.0000000000000  -1.91862789214787e-08
      -14.0000000000000  -5.56563111114518e-08
      -13.0000000000000  -1.62186621880143e-07
      -12.0000000000000  -4.75108182467249e-07
      -11.0000000000000  -1.40030030424744e-06
      -10.0000000000000  -4.15696892968532e-06
      -9.00000000000000  -1.24473541780063e-05
      -8.00000000000000  -3.76656228439249e-05
      -7.00000000000000  -0.000115481731610338
      -6.00000000000000  -0.000360082452162659
      -5.00000000000000   -0.00114829559127533
      -4.00000000000000   -0.00377935240984891
      -3.00000000000000    -0.0130483810941970
      -2.00000000000000    -0.0489005107080611
      -1.00000000000000     -0.219383934395520
