     -0.980000000000000       3.02098044557115
     -0.960000000000000       2.69314296474059
     -0.940000000000000       2.50686451104633
     -0.920000000000000       2.37807117678240
     -0.900000000000000       2.28054913842277
     -0.880000000000000       2.20267696709444
     -0.860000000000000       2.13828344209855
     -0.840000000000000       2.08370111842982
     -0.820000000000000       2.03657466577037
     -0.800000000000000       1.99530277766473
     -0.780000000000000       1.95874818428066
     -0.760000000000000       1.92607475732156
     -0.740000000000000       1.89665026407363
     -0.720000000000000       1.86998540054880
     -0.700000000000000       1.84569399837472
     -0.680000000000000       1.82346616021774
     -0.660000000000000       1.80304959508266
     -0.640000000000000       1.78423632594674
     -0.620000000000000       1.76685301737881
     -0.600000000000000       1.75075380291575
     -0.580000000000000       1.73581487634052
     -0.560000000000000       1.72193035174924
     -0.540000000000000       1.70900905208232
     -0.520000000000000       1.69697198766980
     -0.500000000000000       1.68575035481260
     -0.480000000000000       1.67528393132332
     -0.460000000000000       1.66551977863372
     -0.440000000000000       1.65641118321235
     -0.420000000000000       1.64791678665040
     -0.400000000000000       1.63999986586451
     -0.380000000000000       1.63262773377109
     -0.360000000000000       1.62577123742189
     -0.340000000000000       1.61940433558645
     -0.320000000000000       1.61350374156497
     -0.300000000000000       1.60804861993051
     -0.280000000000000       1.60302032815552
     -0.260000000000000       1.59840219583903
     -0.240000000000000       1.59417933563647
     -0.220000000000000       1.59033848109247
     -0.200000000000000       1.58686784745417
     -0.180000000000000       1.58375701224862
     -0.160000000000000       1.58099681297996
     -0.140000000000000       1.57857925976936
     -0.120000000000000       1.57649746114602
     -0.100000000000000       1.57474556151736
    -0.0800000000000000       1.57331868911506
    -0.0600000000000001       1.57221291344204
    -0.0400000000000000       1.57142521144138
    -0.0200000000000000       1.57095344178031
       0.00000000000000       1.57079632679490
     0.0200000000000000       1.57095344178031
     0.0400000000000000       1.57142521144138
     0.0600000000000001       1.57221291344204
     0.0800000000000001       1.57331868911506
      0.100000000000000       1.57474556151736
      0.120000000000000       1.57649746114602
      0.140000000000000       1.57857925976936
      0.160000000000000       1.58099681297996
      0.180000000000000       1.58375701224862
      0.200000000000000       1.58686784745417
      0.220000000000000       1.59033848109247
      0.240000000000000       1.59417933563647
      0.260000000000000       1.59840219583903
      0.280000000000000       1.60302032815552
      0.300000000000000       1.60804861993051
      0.320000000000000       1.61350374156497
      0.340000000000000       1.61940433558645
      0.360000000000000       1.62577123742189
      0.380000000000000       1.63262773377109
      0.400000000000000       1.63999986586451
      0.420000000000000       1.64791678665040
      0.440000000000000       1.65641118321235
      0.460000000000000       1.66551977863372
      0.480000000000000       1.67528393132332
      0.500000000000000       1.68575035481260
      0.520000000000000       1.69697198766980
      0.540000000000000       1.70900905208232
      0.560000000000000       1.72193035174924
      0.580000000000000       1.73581487634052
      0.600000000000000       1.75075380291575
      0.620000000000000       1.76685301737881
      0.640000000000000       1.78423632594674
      0.660000000000000       1.80304959508266
      0.680000000000000       1.82346616021774
      0.700000000000000       1.84569399837472
      0.720000000000000       1.86998540054880
      0.740000000000000       1.89665026407363
      0.760000000000000       1.92607475732156
      0.780000000000000       1.95874818428066
      0.800000000000000       1.99530277766473
      0.820000000000000       2.03657466577037
      0.840000000000000       2.08370111842982
      0.860000000000000       2.13828344209855
      0.880000000000000       2.20267696709444
      0.900000000000000       2.28054913842277
      0.920000000000000       2.37807117678239
      0.940000000000000       2.50686451104633
      0.960000000000000       2.69314296474059
      0.980000000000000       3.02098044557115
