phi
(1)
(0)
(0,-2)
(-2,0)
(0,0,4)
(0,16,0)
(16,0,0,-8)
(0,0,-72,0)
(0,-224,0,0,16)
(-224,0,0,256,0)
(0,0,1600,0,0,-32)
(0,4480,0,0,-800,0)
(4480,0,0,-8320,0,0,64)
(0,0,-44160,0,0,2304,0)
(0,-116480,0,0,35840,0,0,-128)
(-116480,0,0,304640,0,0,-6272,0)
(0,0,1469440,0,0,-136192,0,0,256)
(0,3727360,0,0,-1684480,0,0,16384,0)
(3727360,0,0,-12687360,0,0,473088,0,0,-512)
psi
(0)
(-1)
(0)
(0,2)
(4,0)
(0,0,-4)
(0,-24,0)
(-40,0,0,8)
(0,0,96,0)
(0,416,0,0,-16)
(640,0,0,-320,0)
(0,0,-2560,0,0,32)
(0,-9600,0,0,960,0)
(-14080,0,0,12160,0,0,-64)
(0,0,80640,0,0,-2688,0)
(0,277760,0,0,-49280,0,0,128)
(394240,0,0,-501760,0,0,7168,0)
(0,0,-2974720,0,0,179200,0,0,-256)
(0,-9676800,0,0,2580480,0,0,-18432,0)
A_0: (1)
B_0: (0)
A_1: (0,0,0)
B_1: (0,0,2)
A_2: (0,0,4,0,0,-8)
B_2: (4,0,0,-20,0)
A_3: (-16,0,0,-64,0,0,240,0)
B_3: (0,-16,0,0,328,0,0,-16)
A_4: (0,0,0,0,1360,0,0,-7552,0,0,64)
B_4: (0,0,320,0,0,-7344,0,0,928,0)
A_5: (0,0,-1600,0,0,-36608,0,0,271040,0,0,-6144,0)
B_5: (-640,0,0,-6720,0,0,208352,0,0,-46656,0,0,128)
(1/1)
(0/1,-1/5)
(0/1,0/1,3/35,0/1,0/1,-9/100)
(-1/225,0/1,0/1,-173/3150,0/1,0/1,957/7000)
(0/1,947/346500,0/1,0/1,5903/138600,0/1,0/1,-23573/147000,0/1,0/1,27/20000)
                   -1                    1                    1                    0                    0                    1
                -0.99                    1                    1 0.000297010000000042-0.000294039900000042     1.00951854644528
                -0.98                    1                    1  0.00117615999999987 -0.00115263679999987     1.01814484451564
                -0.97                    1                    1           0.00261981        -0.0025412157     1.02597728001213
                -0.96                    1                    1  0.00461056000000004 -0.00442613760000004     1.03310467525535
                -0.95                    1                    1  0.00713125000000003 -0.00677468750000003     1.03960697468945
                -0.94                    1                    1           0.01016496        -0.0095550624     1.04555589496846
                -0.93                    1                    1           0.01369501        -0.0127363593     1.05101554082555
                -0.92                    1                    1           0.01770496        -0.0162885632       1.056042987995
                -0.91                    1                    1   0.0221786099999999  -0.0201825350999999     1.06068883442636
                 -0.9                    1                    1               0.0271             -0.02439          1.064997721
                -0.89                    1                    1   0.0324534099999999  -0.0288835348999999     1.06900882292372
                -0.88                    1                    1           0.03822336        -0.0336365568     1.07275631296066
                -0.87                    1                    1           0.04439461        -0.0386233107     1.07626979760968
                -0.86                    1                    1   0.0509521599999999  -0.0438188575999999     1.07957472733092
                -0.85                    1                    1   0.0578812499999999  -0.0491990624999999     1.08269278188086
                -0.84                    1                    1   0.0651673599999999  -0.0547405823999999     1.08564223179332
                -0.83                    1                    1   0.0727962099999999  -0.0604208542999999     1.08843827701536
                -0.82                    1                    1   0.0807537599999999  -0.0662180831999999     1.09109336367979
                -0.81                    1                    1   0.0890262100000001  -0.0721112301000001     1.09361747996918
                 -0.8                    1                    1               0.0976             -0.07808          1.096018432
                -0.79                    1                    1           0.10646181  -0.0841048298999999     1.09830210062904
                -0.78                    1                    1           0.11559856        -0.0901668768     1.10047268005903
                -0.77                    1                    1           0.12499741  -0.0962480057000001      1.1025328990946
                -0.76                    1                    1           0.13464576        -0.1023307776     1.10448422587492
                -0.75                    1                    1           0.14453125        -0.1083984375     1.10632705688477
                -0.74                    1                    1           0.15464176        -0.1144349024      1.1080608910213
                -0.73                    1                    1           0.16496541        -0.1204247493     1.10968448947014
                -0.72                    1                    1           0.17549056        -0.1263532032     1.11119602212064
                -0.71                    1                    1           0.18620581        -0.1322061251     1.11259320122713
                 -0.7                    1                    1               0.1971             -0.13797          1.113873403
                -0.69                    1                    1           0.20816221        -0.1436319249     1.11503377778829
                -0.68                    1                    1           0.21938176        -0.1491795968     1.11607134949291
                -0.67                    1                    1           0.23074821        -0.1546013007     1.11698310482837
                -0.66                    1                    1           0.24225136        -0.1598858976     1.11776607302917
                -0.65                    1                    1           0.25388125        -0.1650228125     1.11841739657617
                -0.64                    1                    1           0.26562816        -0.1700020224     1.11893439349758
                -0.63                    1                    1           0.27748261        -0.1748140443      1.1193146117789
                -0.62                    1                    1           0.28943536        -0.1794499232     1.11955587639623
                -0.61                    1                    1           0.30147741        -0.1839012201     1.11965632946789
                 -0.6                    1                    1               0.3136             -0.18816          1.119614464
                -0.59                    1                    1           0.32579461        -0.1922188199     1.11942915168278
                -0.58                    1                    1           0.33805296        -0.1960707168     1.11909966517616
                -0.57                    1                    1           0.35036701        -0.1997091957     1.11862569530482
                -0.56                    1                    1           0.36272896        -0.2031282176     1.11800736356526
                -0.55                    1                    1           0.37513125        -0.2063221875     1.11724523033008
                -0.54                    1                    1           0.38756656        -0.2092859424      1.1163402991176
                -0.53                    1                    1           0.40002781        -0.2120147393     1.11529401727833
                -0.52                    1                    1           0.41250816        -0.2145042432     1.11410827343351
                -0.51                    1                    1           0.42500101        -0.2167505151     1.11278539198495
                 -0.5                    1                    1               0.4375             -0.21875          1.111328125
                -0.49                    1                    1           0.44999901        -0.2204995149     1.10973964176005
                -0.48                    1                    1           0.46249216        -0.2219962368     1.10802351624631
                -0.47                    1                    1           0.47497381        -0.2232376907     1.10618371282207
                -0.46                    1                    1           0.48743856        -0.2242217376     1.10422457035652
                -0.45                    1                    1           0.49988125        -0.2249465625     1.10215078502148
                -0.44                    1                    1           0.51229696        -0.2254106624     1.09996739197901
                -0.43                    1                    1           0.52468101        -0.2256128343     1.09767974616482
                -0.42                    1                    1           0.53702896        -0.2255521632     1.09529350235979
                -0.41                    1                    1           0.54933661        -0.2252280101     1.09281459472952
                 -0.4                    1                    1               0.5616             -0.22464          1.090249216
                -0.39                    1                    1           0.57381541        -0.2237880099     1.08760379642589
                -0.38                    1                    1           0.58597936        -0.2226721568     1.08488498269659
                -0.37                    1                    1           0.59808861        -0.2212927857      1.0820996169146
                -0.36                    1                    1           0.61014016        -0.2196504576     1.07925471577008
                -0.35                    1                    1           0.62213125        -0.2177459375     1.07635745002539
                -0.34                    1                    1           0.63405936        -0.2155801824     1.07341512441372
                -0.33                    1                    1           0.64592221        -0.2131543293     1.07043515804642
                -0.32                    1                    1           0.65771776        -0.2104696832     1.06742506541469
                -0.31                    1                    1           0.66944421        -0.2075277051     1.06439243806258
                 -0.3                    1                    1               0.6811             -0.20433          1.061344927
                -0.29                    1                    1           0.69268381        -0.2008783049     1.05829022591632
                -0.28                    1                    1           0.70419456        -0.1971744768     1.05523605524788
                -0.27                    1                    1           0.71563141        -0.1932204807     1.05219014714516
                -0.26                    1                    1           0.72699376        -0.1890183776     1.04916023137878
                -0.25                    1                    1           0.73828125        -0.1845703125      1.0461540222168
                -0.24                    1                    1           0.74949376        -0.1798785024     1.04317920629988
                -0.23                    1                    1           0.76063141        -0.1749452243     1.04024343153487
                -0.22                    1                    1           0.77169456        -0.1697728032     1.03735429702214
                -0.21                    1                    1           0.78268381        -0.1643636001     1.03451934402689
                 -0.2                    1                    1               0.7936             -0.15872          1.031746048
                -0.19                    1                    1           0.80444421        -0.1528443999     1.02904181164961
                -0.18                    1                    1           0.81521776        -0.1467391968     1.02641395906077
                -0.17                    1                    1           0.82592221        -0.1404067757     1.02386973085687
                -0.16                    1                    1           0.83655936        -0.1338494976     1.02141628039325
                -0.15                    1                    1           0.84713125        -0.1270696875      1.0190606709707
                -0.14                    1                    1           0.85764016        -0.1200696224     1.01680987405386
                -0.13                    1                    1           0.86808861        -0.1128515193     1.01467076847757
                -0.12                    1                    1           0.87847936        -0.1054175232     1.01265014062239
                -0.11                    1                    1           0.88881541        -0.0977696951     1.01075468553894
                 -0.1                    1                    1               0.8991             -0.08991          1.008991009
                -0.09                    1                    1           0.90933661        -0.0818402949     1.00736563045825
                -0.08                    1                    1           0.91952896        -0.0735623168      1.0058849868875
                -0.07                    1                    1           0.92968101        -0.0650776707     1.00455543748513
                -0.06                    1                    1           0.93979696        -0.0563878176     1.00338326921388
                -0.05                    1                    1           0.94988125        -0.0474940625     1.00237470316211
                -0.04                    1                    1           0.95993856        -0.0383975424     1.00153590170229
                -0.03                    1                    1           0.96997381        -0.0290992143     1.00087297642964
                -0.02                    1                    1           0.97999216        -0.0195998432     1.00039199686403
                -0.01                    1                    1           0.98999901        -0.0098999901       1.000098999901
                    0                    1                    1                    1                    0                    1
                 0.01                    1                    1           1.01000101         0.0101000101       1.000101000101
                 0.02                    1                    1           1.02000816         0.0204001632     1.00040800326403
                 0.03                    1                    1           1.03002781         0.0309008343     1.00092702502968
                 0.04                    1                    1           1.04006656         0.0416026624     1.00166410650282
                 0.05                    1                    1           1.05013125         0.0525065625     1.00262532816602
                 0.06                    1                    1           1.06022896         0.0636137376     1.00381682443404
                 0.07                    1                    1           1.07036701         0.0749256907     1.00524479896583
                 0.08                    1                    1           1.08055296         0.0864442368     1.00691554075594
                 0.09                    1                    1           1.09079461         0.0981715149     1.00883544103309
                  0.1                    1                    1               1.1011              0.11011          1.011011011
                 0.11                    1                    1           1.11147741         0.1222625151     1.01344890045484
                 0.12                    1                    1           1.12193536         0.1346322432     1.01615591734195
                 0.13                    1                    1           1.13248261         0.1472227393     1.01913904828657
                 0.14                    1                    1           1.14312816         0.1600379424     1.02240548017595
                 0.15                    1                    1           1.15388125         0.1730821875     1.02596262285742
                 0.16                    1                    1           1.16475136         0.1863602176     1.02981813303221
                 0.17                    1                    1           1.17574821         0.1998771957     1.03397993943262
                 0.18                    1                    1           1.18688176         0.2136387168     1.03845626937935
                 0.19                    1                    1           1.19816221         0.2276508199       1.043255676825
                  0.2                    1                    1               1.2096              0.24192          1.048387072
                 0.21                    1                    1           1.22120581         0.2564532201     1.05385975278698
                 0.22                    1                    1           1.23299056         0.2712579232     1.05968343796057
                 0.23                    1                    1           1.24496541         0.2863420443     1.06586830244019
                 0.24                    1                    1           1.25714176         0.3017140224     1.07242501471496
                 0.25                    1                    1           1.26953125         0.3173828125     1.07936477661133
                 0.26                    1                    1           1.28214576         0.3333578976     1.08669936558614
                 0.27                    1                    1           1.29499741         0.3496493007     1.09444117974013
                 0.28                    1                    1           1.30809856         0.3662675968     1.10260328575979
                 0.29                    1                    1           1.32146181         0.3832239249     1.11119947000827
                  0.3                    1                    1               1.3351              0.40053          1.120244293
                 0.31                    1                    1           1.34902621         0.4181981251      1.1297531475069
                 0.32                    1                    1           1.36325376         0.4362412032     1.13974232055887
                 0.33                    1                    1           1.37779621         0.4546727493     1.15022905961523
                 0.34                    1                    1           1.39266736         0.4735069024     1.16123164319926
                 0.35                    1                    1           1.40788125         0.4927584375     1.17276945630273
                 0.36                    1                    1           1.42345216         0.5124427776     1.18486307088341
                 0.37                    1                    1           1.43939461         0.5325760057     1.19753433179419
                 0.38                    1                    1           1.45572336         0.5531748768     1.21080644849911
                 0.39                    1                    1           1.47245341         0.5742568299     1.22470409294821
                  0.4                    1                    1               1.4896              0.59584          1.239253504
                 0.41                    1                    1           1.50717861         0.6179432301     1.25448259879831
                 0.42                    1                    1           1.52520496         0.6405860832     1.27042109152749
                 0.43                    1                    1           1.54369501         0.6637888543      1.2871006199887
                 0.44                    1                    1           1.56266496         0.6875725824     1.30455488045803
                 0.45                    1                    1           1.58213125         0.7119590625     1.32281977130664
                 0.46                    1                    1           1.60211056         0.7369708576     1.34193354588186
                 0.47                    1                    1           1.62261981         0.7626313107     1.36193697516828
                 0.48                    1                    1           1.64367616         0.7889645568      1.3828735207675
                 0.49                    1                    1           1.66529701         0.8159955349     1.40478951875587
                  0.5                    1                    1               1.6875              0.84375          1.427734375
                 0.51                    1                    1           1.71030301         0.8722545351     1.45176077253113
                 0.52                    1                    1           1.73372416         0.9015365632     1.47692489160078
                 0.53                    1                    1           1.75778181         0.9316243593     1.50328664306194
                 0.54                    1                    1           1.78249456         0.9625470624     1.53090991574223
                 0.55                    1                    1           1.80788125         0.9943346875     1.55986283849805
                 0.56                    1                    1           1.83396096         1.0270181376     1.59021805766155
                 0.57                    1                    1           1.86075301         1.0606292157     1.62205303061558
                 0.58                    1                    1           1.88827696         1.0952006368     1.65545033625545
                 0.59                    1                    1           1.91655261         1.1307660399     1.69049800312009
                  0.6                    1                    1               1.9456              1.16736          1.727289856
                 0.61                    1                    1           1.97543941         1.2050180401     1.76592588185356
                 0.62                    1                    1           2.00609136         1.2437766432     1.80651261588875
                 0.63                    1                    1           2.03757661         1.2836732643     1.84916354869261
                 0.64                    1                    1           2.06991616         1.3247463424     1.89399955531655
                 0.65                    1                    1           2.10313125         1.3670353125     1.94114934725195
                 0.66                    1                    1           2.13724336         1.4105806176     1.99074994825677
                 0.67                    1                    1           2.17227421         1.4554237207     2.04294719502096
                 0.68                    1                    1           2.20824576         1.5016071168     2.09789626368577
                 0.69                    1                    1           2.24518021         1.5491743449     2.15576222325944
                  0.7                    1                    1               2.2831              1.59817          2.216720617
                 0.71                    1                    1           2.32202781         1.6486397451     2.28095807286403
                 0.72                    1                    1           2.36198656         1.7006303232      2.3486729441491
                 0.73                    1                    1           2.40299941         1.7541895693     2.42007598148668
                 0.74                    1                    1           2.44508976         1.8093664224     2.49539103737146
                 0.75                    1                    1           2.48828125         1.8662109375     2.57485580444336
                 0.76                    1                    1           2.53259776         1.9247742976     2.65872258876808
                 0.77                    1                    1           2.57806341         1.9851088257     2.74725911939294
                 0.78                    1                    1           2.62470256         2.0472679968      2.8407493954856
                 0.79                    1                    1           2.67253981         2.1113064499     2.93949457239427
                  0.8                    1                    1               2.7216              2.17728          3.043813888
                 0.81                    1                    1           2.77190821         2.2452456501     3.15404563076318
                 0.82                    1                    1           2.82348976         2.3152616032     3.27054815089921
                 0.83                    1                    1           2.87637021         2.3873872743     3.39370091615045
                 0.84                    1                    1           2.93057536         2.4616833024     3.52390561365518
                 0.85                    1                    1           2.98613125         2.5382115625     3.66158729944727
                 0.86                    1                    1           3.04306416         2.6170351776     3.80719559715425
                 0.87                    1                    1           3.10140061         2.6982185307     3.96120594749574
                 0.88                    1                    1           3.16116736         2.7818272768      4.1241209102184
                 0.89                    1                    1           3.22239141         2.8679283549     4.29647152013869
                  0.9                    1                    1               3.2851              2.95659          4.478818699
                 0.91                    1                    1           3.34932061         3.0478817551     4.67175472488594
                 0.92                    1                    1           3.41508096         3.1418744832     4.87590476096812
                 0.93                    1                    1           3.48240901         3.2386403793     5.09192844540253
                 0.94                    1                    1           3.55133296         3.3382529824      5.3205215442257
                 0.95                    1                    1           3.62188125         3.4407871875     5.56241766913867
                 0.96                    1                    1           3.69408256         3.5463192576     5.81839006210431
                 0.97                    1                    1           3.76796581         3.6549268357     6.08925344872126
                 0.98                    1                    1           3.84356016         3.7666889568     6.37586596237593
                 0.99                    1                    1           3.92089501         3.8816860599     6.67913114121256
                    1                    1                    1                    4                    4                    7
(0/1,0/1,3/10)
(1/70,0/1,0/1,-17/70)
(0/1,-37/3150,0/1,0/1,611/3150,0/1,0/1,-9/1000)
(0/1,0/1,79/12375,0/1,0/1,-110767/693000,0/1,0/1,549/28000)
                   -1                    0                    0                    1                    0
                -0.99                 0.01 -0.00990000000000001       1.000291099501   0.0097118114940099
                -0.98                 0.02              -0.0196       1.001129584064   0.0188930076172803
                -0.97                 0.03              -0.0291       1.002464979229   0.0276089701478701
                -0.96                 0.04              -0.0384       1.004249092096     0.03592087158784
                -0.95   0.0499999999999999  -0.0474999999999999       1.006435953125   0.0438858445312499
                -0.94   0.0599999999999999              -0.0564       1.008981758656     0.05155714686336
                -0.93                 0.07              -0.0651       1.011844814149     0.05898432284143
                -0.92                 0.08              -0.0736       1.014985478144     0.06621336010752
                -0.91                 0.09              -0.0819       1.018366106941     0.07328684268369
                 -0.9                  0.1                -0.09             1.021951   0.0802440999999999
                -0.89                 0.11              -0.0979       1.025706346061   0.0871213520057101
                -0.88                 0.12              -0.1056       1.029600169984   0.0939518504140799
                -0.87                 0.13              -0.1131       1.033602280309     0.10076601613117
                -0.86                 0.14              -0.1204       1.037684217536     0.10759157291904
                -0.85                 0.15              -0.1275       1.041819203125     0.11445367734375
                -0.84                 0.16              -0.1344       1.045982089216     0.12137504505856
                -0.83                 0.17              -0.1411       1.050149309069     0.12837607347273
                -0.82                 0.18              -0.1476       1.054298828224     0.13547496085632
                -0.81                 0.19              -0.1539       1.058410096381     0.14268782193139
                 -0.8                  0.2                -0.16             1.062464            0.1500288
                -0.79                 0.21              -0.1659       1.066442815621     0.15751017565941
                -0.78                 0.22              -0.1716       1.070330163904     0.16514247215488
                -0.77                 0.23              -0.1771       1.074110964389     0.17293455742047
                -0.76                 0.24              -0.1824       1.077771390976     0.18089374285824
                -0.75                 0.25              -0.1875       1.081298828125     0.18902587890625
                -0.74                 0.26              -0.1924       1.084681827776     0.19733544744576
                -0.73                 0.27              -0.1971       1.087910066989     0.20582565109803
                -0.72                 0.28              -0.2016       1.090974306304     0.21449849946112
                -0.71                 0.29              -0.2059       1.093866348821     0.22335489233709
                 -0.7                  0.3                -0.21             1.096579            0.2323947
                -0.69                 0.31              -0.2139       1.099106028181     0.24161684055511
                -0.68                 0.32              -0.2176       1.101442125824     0.25101935443968
                -0.67                 0.33              -0.2211       1.103582871469     0.26059947611577
                -0.66                 0.34              -0.2244       1.105524692416     0.27035370300544
                -0.65                 0.35              -0.2275       1.107264828125     0.28027786171875
                -0.64                 0.36              -0.2304       1.108801294336     0.29036717162496
                -0.63                 0.37              -0.2331       1.110132847909     0.30061630581733
                -0.62                 0.38              -0.2356       1.111258952384     0.31101944952192
                -0.61                 0.39              -0.2379       1.112179744261     0.32157035600079
                 -0.6                  0.4                -0.24             1.112896            0.3322624
                -0.59                 0.41              -0.2419       1.113409103741     0.34308862879281
                -0.58                 0.42              -0.2436       1.113721015744     0.35404181086848
                -0.57                 0.43              -0.2451       1.113834241549     0.36511448231707
                -0.56                 0.44              -0.2464       1.113751801856     0.37629899096064
                -0.55                 0.45              -0.2475       1.113477203125     0.38758753828125
                -0.54                 0.46              -0.2484       1.113014408896     0.39897221919616
                -0.53                 0.47              -0.2491       1.112367811829     0.41044505973063
                -0.52                 0.48              -0.2496       1.111542206464     0.42199805263872
                -0.51                 0.49              -0.2499       1.110542762701     0.43362319102249
                 -0.5                  0.5                -0.25             1.109375            0.4453125
                -0.49                 0.51              -0.2499       1.108044762301     0.45705806647251
                -0.48                 0.52              -0.2496       1.106558193664     0.46885206704128
                -0.47                 0.53              -0.2491       1.104921714629     0.48068679412437
                -0.46                 0.54              -0.2484       1.103141999296     0.49255468032384
                -0.45                 0.55              -0.2475       1.101225953125     0.50444832109375
                -0.44                 0.56              -0.2464       1.099180691456     0.51636049575936
                -0.43                 0.57              -0.2451       1.097013518749     0.52828418693793
                -0.42                 0.58              -0.2436       1.094731908544     0.54021259841152
                -0.41                 0.59              -0.2419       1.092343484141     0.55213917150219
                 -0.4                  0.6                -0.24             1.089856            0.5640576
                -0.39                 0.61              -0.2379       1.087277323861     0.57596184369421
                -0.38                 0.62              -0.2356       1.084615419584     0.58784614055808
                -0.37                 0.63              -0.2331       1.081878330709     0.59970501763767
                -0.36                 0.64              -0.2304       1.079074164736     0.61153330069504
                -0.35                 0.65              -0.2275       1.076211078125     0.62332612265625
                -0.34                 0.66              -0.2244       1.073297262016     0.63507893091456
                -0.33                 0.67              -0.2211       1.070340928669     0.64678749353923
                -0.32                 0.68              -0.2176       1.067350298624     0.65844790444032
                -0.31                 0.69              -0.2139       1.064333588581     0.67005658753989
                 -0.3                  0.7                -0.21             1.061299            0.6816103
                -0.29                 0.71              -0.2059       1.058254708421     0.69310613455791
                -0.28                 0.72              -0.2016       1.055208853504     0.70454152101888
                -0.27                 0.73              -0.1971       1.052169529789     0.71591422695697
                -0.26                 0.74              -0.1924       1.049144778176     0.72722235767424
                -0.25                 0.75              -0.1875       1.046142578125     0.73846435546875
                -0.24                 0.76              -0.1824       1.043170840576     0.74963899826176
                -0.23                 0.77              -0.1771       1.040237401589     0.76074539763453
                -0.22                 0.78              -0.1716       1.037350016704     0.77178299632512
                -0.21                 0.79              -0.1659       1.034516356021     0.78275156523559
                 -0.2                  0.8                -0.16             1.031744            0.7936512
                -0.19                 0.81              -0.1539       1.029040435981     0.80448231716361
                -0.18                 0.82              -0.1476       1.026413055424     0.81524565002368
                -0.17                 0.83              -0.1411       1.023869151869     0.82594224418227
                -0.16                 0.84              -0.1344       1.021415919616     0.83657345286144
                -0.15                 0.85              -0.1275       1.019060453125     0.84714093203125
                -0.14                 0.86              -0.1204       1.016809747136     0.85764663540096
                -0.13                 0.87              -0.1131       1.014670697509     0.86809280932383
                -0.12                 0.88              -0.1056       1.012650102784     0.87848198766592
                -0.11                 0.89              -0.0979       1.010754666461     0.88881698668929
                 -0.1                  0.9                -0.09             1.008991            0.8991009
                -0.09                 0.91              -0.0819       1.007365626541     0.90933709361131
                -0.08                 0.92              -0.0736       1.005884985344     0.91952920117248
                -0.07                 0.93              -0.0651       1.004555436949     0.92968111941357
                -0.06                 0.94              -0.0564       1.003383269056     0.93979700385664
                -0.05                 0.95              -0.0475       1.002374703125     0.94988126484375
                -0.04                 0.96              -0.0384       1.001535901696     0.95993856393216
                -0.03                 0.97              -0.0291       1.000872976429     0.96997381070713
                -0.02                 0.98              -0.0196       1.000391996864     0.97999216006272
                -0.01                 0.99              -0.0099       1.000098999901     0.98999901000099
                    0                    1                    0                    1                    1
                 0.01                 1.01               0.0101       1.000101000101     1.01000101000101
                 0.02                 1.02               0.0204       1.000408003264     1.02000816006528
                 0.03                 1.03               0.0309       1.000927025029     1.03002781075087
                 0.04                 1.04               0.0416       1.001664106496     1.04006656425984
                 0.05                 1.05               0.0525       1.002625328125     1.05013126640625
                 0.06                 1.06               0.0636       1.003816824256     1.06022900945536
                 0.07                 1.07               0.0749       1.005244798349     1.07036713588443
                 0.08                 1.08               0.0864       1.006915538944     1.08055324311552
                 0.09                 1.09               0.0981       1.008835436341     1.09079518927069
                  0.1                  1.1                 0.11             1.011011            1.1011011
                 0.11                 1.11               0.1221       1.013448876661     1.11147937643271
                 0.12                 1.12               0.1344       1.016155869184     1.12193870430208
                 0.13                 1.13               0.1469       1.019138956109     1.13248806429417
                 0.14                 1.14               0.1596       1.022405311936     1.14313674367104
                 0.15                 1.15               0.1725       1.025962328125     1.15389434921875
                 0.16                 1.16               0.1856       1.029817634816     1.16477082157056
                 0.17                 1.17               0.1989       1.033979123269     1.17577645095573
                 0.18                 1.18               0.2124       1.038454969024     1.18692189442432
                 0.19                 1.19               0.2261       1.043253655781     1.19821819459839
                  0.2                  1.2                 0.24             1.048384            1.2096768
                 0.21                 1.21               0.2541       1.053855176221     1.22130958700641
                 0.22                 1.22               0.2684       1.059676743104     1.23312888348288
                 0.23                 1.23               0.2829       1.065858670189     1.24514749414347
                 0.24                 1.24               0.2976       1.072411365376     1.25737872769024
                 0.25                 1.25               0.3125       1.079345703125     1.26983642578125
                 0.26                 1.26               0.3276       1.086673053376     1.28253499387776
                 0.27                 1.27               0.3429       1.094405311189     1.29548943402103
                 0.28                 1.28               0.3584       1.102554927104     1.30871537958912
                 0.29                 1.29               0.3741       1.111134938221     1.32222913208409
                  0.3                  1.3                 0.39             1.120159            1.3360477
                 0.31                 1.31               0.4061       1.129641418781     1.35018883982211
                 0.32                 1.32               0.4224       1.139597185024     1.36467109920768
                 0.33                 1.33               0.4389       1.150042007269     1.37951386239877
                 0.34                 1.34               0.4556       1.160992346816     1.39473739791744
                 0.35                 1.35               0.4725       1.172465453125     1.41036290859375
                 0.36                 1.36               0.4896       1.184479399936     1.42641258397696
                 0.37                 1.37               0.5069       1.197053122109     1.44290965518033
                 0.38                 1.38               0.5244       1.210206453184     1.45987845220992
                 0.39                 1.39               0.5421       1.223960163661     1.47734446382779
                  0.4                  1.4                 0.56             1.238336            1.4953344
                 0.41                 1.41               0.5781       1.253356724341     1.51387625697981
                 0.42                 1.42               0.5964       1.269046154944     1.53299938507648
                 0.43                 1.43               0.6149       1.285429207349     1.55273455916007
                 0.44                 1.44               0.6336       1.302531936256     1.57311405195264
                 0.45                 1.45               0.6525       1.320381578125     1.59417171015625
                 0.46                 1.46               0.6716       1.339006594496     1.61594303346816
                 0.47                 1.47               0.6909       1.358436716029     1.63846525653363
                 0.48                 1.48               0.7104       1.378702987264     1.66177743388672
                 0.49                 1.49               0.7301       1.399837812101     1.68592052792949
                  0.5                  1.5                 0.75             1.421875            1.7109375
                 0.51                 1.51               0.7701       1.444849812901     1.73687340457951
                 0.52                 1.52               0.7904       1.468799012864     1.76377548668928
                 0.53                 1.53               0.8109       1.493760910429     1.79169328252737
                 0.54                 1.54               0.8316       1.519775413696     1.82067872339584
                 0.55                 1.55               0.8525       1.546884078125     1.85078624296875
                 0.56                 1.56               0.8736       1.575130157056     1.88207288795136
                 0.57                 1.57               0.8949       1.604558652949     1.91459843218093
                 0.58                 1.58               0.9164       1.635216369344     1.94842549421952
                 0.59                 1.59               0.9381       1.667151963541     1.98361965848919
                  0.6                  1.6                 0.96             1.700416            2.0202496
                 0.61                 1.61               0.9821       1.735061004461     2.05838721272121
                 0.62                 1.62               1.0044       1.771141518784     2.09810774164608
                 0.63                 1.63               1.0269       1.808714156509     2.13948991860067
                 0.64                 1.64               1.0496       1.847837659136     2.18261610184704
                 0.65                 1.65               1.0725       1.888572953125     2.22757241953125
                 0.66                 1.66               1.0956       1.930983207616     2.27444891702656
                 0.67                 1.67               1.1189       1.975133892869     2.32333970822223
                 0.68                 1.68               1.1424       2.021092839424     2.37434313080832
                 0.69                 1.69               1.1661       2.068930297981     2.42756190560689
                  0.7                  1.7                 1.19             2.118719            2.4831033
                 0.71                 1.71               1.2141       2.170534219021     2.54107929550491
                 0.72                 1.72               1.2384       2.224453832704     2.60160675954688
                 0.73                 1.73               1.2629       2.280558385589     2.66480762147997
                 0.74                 1.74               1.2876       2.338931152576     2.73080905290624
                 0.75                 1.75               1.3125       2.399658203125     2.79974365234375
                 0.76                 1.76               1.3376       2.462828466176     2.87174963429376
                 0.77                 1.77               1.3629       2.528533795789     2.94697102275753
                 0.78                 1.78               1.3884       2.596869037504     3.02555784925312
                 0.79                 1.79               1.4141       2.667932095421     3.10766635538259
                  0.8                  1.8                 1.44             2.741824            3.1934592
                 0.81                 1.81               1.4661       2.818648976581     3.28310567103061
                 0.82                 1.82               1.4924       2.898514514624     3.37678190199168
                 0.83                 1.83               1.5189       2.981531437669     3.47467109326527
                 0.84                 1.84               1.5456       3.067813974016     3.57696373817344
                 0.85                 1.85               1.5725       3.157479828125     3.68385785390625
                 0.86                 1.86               1.5996       3.250650252736     3.79555921735296
                 0.87                 1.87               1.6269       3.347450121709     3.91228160588683
                 0.88                 1.88               1.6544       3.448008003584     4.03424704315392
                 0.89                 1.89               1.6821       3.552456235861     4.16168604991629
                  0.9                  1.9                 1.71             3.660931            4.2948379
                 0.91                 1.91               1.7381       3.773572397141     4.43395088139831
                 0.92                 1.92               1.7664       3.890524524544     4.57928256258048
                 0.93                 1.93               1.7949       4.011935552749     4.73110006405657
                 0.94                 1.94               1.8236       4.137957803456     4.88968033524864
                 0.95                 1.95               1.8525       4.268747828125     5.05531043671875
                 0.96                 1.96               1.8816       4.404466487296     5.22828782780416
                 0.97                 1.97               1.9109       4.545279030629     5.40892065971013
                 0.98                 1.98               1.9404       4.691355177664     5.59752807411072
                 0.99                 1.99               1.9701       4.842869199301     5.79444050730799
                    1                    2                    2                    5                    6
(1/1)
(0/1,-4/5)
(0/1,0/1,57/70,0/1,0/1,-9/100)
(23/3150,0/1,0/1,-2617/3150,0/1,0/1,699/3500)
(0/1,-1159/115500,0/1,0/1,3889/4620,0/1,0/1,-46631/147000,0/1,0/1,27/20000)
                   -1                    1                    1                    0                    0                    1
                -0.99                    1                    1 0.000297010000000042-0.000294039900000042     1.00951854644528
                -0.98                    1                    1  0.00117615999999987 -0.00115263679999987     1.01814484451564
                -0.97                    1                    1           0.00261981        -0.0025412157     1.02597728001213
                -0.96                    1                    1  0.00461056000000004 -0.00442613760000004     1.03310467525535
                -0.95                    1                    1  0.00713125000000003 -0.00677468750000003     1.03960697468945
                -0.94                    1                    1           0.01016496        -0.0095550624     1.04555589496846
                -0.93                    1                    1           0.01369501        -0.0127363593     1.05101554082555
                -0.92                    1                    1           0.01770496        -0.0162885632       1.056042987995
                -0.91                    1                    1   0.0221786099999999  -0.0201825350999999     1.06068883442636
                 -0.9                    1                    1               0.0271             -0.02439          1.064997721
                -0.89                    1                    1   0.0324534099999999  -0.0288835348999999     1.06900882292372
                -0.88                    1                    1           0.03822336        -0.0336365568     1.07275631296066
                -0.87                    1                    1           0.04439461        -0.0386233107     1.07626979760968
                -0.86                    1                    1   0.0509521599999999  -0.0438188575999999     1.07957472733092
                -0.85                    1                    1   0.0578812499999999  -0.0491990624999999     1.08269278188086
                -0.84                    1                    1   0.0651673599999999  -0.0547405823999999     1.08564223179332
                -0.83                    1                    1   0.0727962099999999  -0.0604208542999999     1.08843827701536
                -0.82                    1                    1   0.0807537599999999  -0.0662180831999999     1.09109336367979
                -0.81                    1                    1   0.0890262100000001  -0.0721112301000001     1.09361747996918
                 -0.8                    1                    1               0.0976             -0.07808          1.096018432
                -0.79                    1                    1           0.10646181  -0.0841048298999999     1.09830210062904
                -0.78                    1                    1           0.11559856        -0.0901668768     1.10047268005903
                -0.77                    1                    1           0.12499741  -0.0962480057000001      1.1025328990946
                -0.76                    1                    1           0.13464576        -0.1023307776     1.10448422587492
                -0.75                    1                    1           0.14453125        -0.1083984375     1.10632705688477
                -0.74                    1                    1           0.15464176        -0.1144349024      1.1080608910213
                -0.73                    1                    1           0.16496541        -0.1204247493     1.10968448947014
                -0.72                    1                    1           0.17549056        -0.1263532032     1.11119602212064
                -0.71                    1                    1           0.18620581        -0.1322061251     1.11259320122713
                 -0.7                    1                    1               0.1971             -0.13797          1.113873403
                -0.69                    1                    1           0.20816221        -0.1436319249     1.11503377778829
                -0.68                    1                    1           0.21938176        -0.1491795968     1.11607134949291
                -0.67                    1                    1           0.23074821        -0.1546013007     1.11698310482837
                -0.66                    1                    1           0.24225136        -0.1598858976     1.11776607302917
                -0.65                    1                    1           0.25388125        -0.1650228125     1.11841739657617
                -0.64                    1                    1           0.26562816        -0.1700020224     1.11893439349758
                -0.63                    1                    1           0.27748261        -0.1748140443      1.1193146117789
                -0.62                    1                    1           0.28943536        -0.1794499232     1.11955587639623
                -0.61                    1                    1           0.30147741        -0.1839012201     1.11965632946789
                 -0.6                    1                    1               0.3136             -0.18816          1.119614464
                -0.59                    1                    1           0.32579461        -0.1922188199     1.11942915168278
                -0.58                    1                    1           0.33805296        -0.1960707168     1.11909966517616
                -0.57                    1                    1           0.35036701        -0.1997091957     1.11862569530482
                -0.56                    1                    1           0.36272896        -0.2031282176     1.11800736356526
                -0.55                    1                    1           0.37513125        -0.2063221875     1.11724523033008
                -0.54                    1                    1           0.38756656        -0.2092859424      1.1163402991176
                -0.53                    1                    1           0.40002781        -0.2120147393     1.11529401727833
                -0.52                    1                    1           0.41250816        -0.2145042432     1.11410827343351
                -0.51                    1                    1           0.42500101        -0.2167505151     1.11278539198495
                 -0.5                    1                    1               0.4375             -0.21875          1.111328125
                -0.49                    1                    1           0.44999901        -0.2204995149     1.10973964176005
                -0.48                    1                    1           0.46249216        -0.2219962368     1.10802351624631
                -0.47                    1                    1           0.47497381        -0.2232376907     1.10618371282207
                -0.46                    1                    1           0.48743856        -0.2242217376     1.10422457035652
                -0.45                    1                    1           0.49988125        -0.2249465625     1.10215078502148
                -0.44                    1                    1           0.51229696        -0.2254106624     1.09996739197901
                -0.43                    1                    1           0.52468101        -0.2256128343     1.09767974616482
                -0.42                    1                    1           0.53702896        -0.2255521632     1.09529350235979
                -0.41                    1                    1           0.54933661        -0.2252280101     1.09281459472952
                 -0.4                    1                    1               0.5616             -0.22464          1.090249216
                -0.39                    1                    1           0.57381541        -0.2237880099     1.08760379642589
                -0.38                    1                    1           0.58597936        -0.2226721568     1.08488498269659
                -0.37                    1                    1           0.59808861        -0.2212927857      1.0820996169146
                -0.36                    1                    1           0.61014016        -0.2196504576     1.07925471577008
                -0.35                    1                    1           0.62213125        -0.2177459375     1.07635745002539
                -0.34                    1                    1           0.63405936        -0.2155801824     1.07341512441372
                -0.33                    1                    1           0.64592221        -0.2131543293     1.07043515804642
                -0.32                    1                    1           0.65771776        -0.2104696832     1.06742506541469
                -0.31                    1                    1           0.66944421        -0.2075277051     1.06439243806258
                 -0.3                    1                    1               0.6811             -0.20433          1.061344927
                -0.29                    1                    1           0.69268381        -0.2008783049     1.05829022591632
                -0.28                    1                    1           0.70419456        -0.1971744768     1.05523605524788
                -0.27                    1                    1           0.71563141        -0.1932204807     1.05219014714516
                -0.26                    1                    1           0.72699376        -0.1890183776     1.04916023137878
                -0.25                    1                    1           0.73828125        -0.1845703125      1.0461540222168
                -0.24                    1                    1           0.74949376        -0.1798785024     1.04317920629988
                -0.23                    1                    1           0.76063141        -0.1749452243     1.04024343153487
                -0.22                    1                    1           0.77169456        -0.1697728032     1.03735429702214
                -0.21                    1                    1           0.78268381        -0.1643636001     1.03451934402689
                 -0.2                    1                    1               0.7936             -0.15872          1.031746048
                -0.19                    1                    1           0.80444421        -0.1528443999     1.02904181164961
                -0.18                    1                    1           0.81521776        -0.1467391968     1.02641395906077
                -0.17                    1                    1           0.82592221        -0.1404067757     1.02386973085687
                -0.16                    1                    1           0.83655936        -0.1338494976     1.02141628039325
                -0.15                    1                    1           0.84713125        -0.1270696875      1.0190606709707
                -0.14                    1                    1           0.85764016        -0.1200696224     1.01680987405386
                -0.13                    1                    1           0.86808861        -0.1128515193     1.01467076847757
                -0.12                    1                    1           0.87847936        -0.1054175232     1.01265014062239
                -0.11                    1                    1           0.88881541        -0.0977696951     1.01075468553894
                 -0.1                    1                    1               0.8991             -0.08991          1.008991009
                -0.09                    1                    1           0.90933661        -0.0818402949     1.00736563045825
                -0.08                    1                    1           0.91952896        -0.0735623168      1.0058849868875
                -0.07                    1                    1           0.92968101        -0.0650776707     1.00455543748513
                -0.06                    1                    1           0.93979696        -0.0563878176     1.00338326921388
                -0.05                    1                    1           0.94988125        -0.0474940625     1.00237470316211
                -0.04                    1                    1           0.95993856        -0.0383975424     1.00153590170229
                -0.03                    1                    1           0.96997381        -0.0290992143     1.00087297642964
                -0.02                    1                    1           0.97999216        -0.0195998432     1.00039199686403
                -0.01                    1                    1           0.98999901        -0.0098999901       1.000098999901
                    0                    1                    1                    1                    0                    1
                 0.01                    1                    1           1.01000101         0.0101000101       1.000101000101
                 0.02                    1                    1           1.02000816         0.0204001632     1.00040800326403
                 0.03                    1                    1           1.03002781         0.0309008343     1.00092702502968
                 0.04                    1                    1           1.04006656         0.0416026624     1.00166410650282
                 0.05                    1                    1           1.05013125         0.0525065625     1.00262532816602
                 0.06                    1                    1           1.06022896         0.0636137376     1.00381682443404
                 0.07                    1                    1           1.07036701         0.0749256907     1.00524479896583
                 0.08                    1                    1           1.08055296         0.0864442368     1.00691554075594
                 0.09                    1                    1           1.09079461         0.0981715149     1.00883544103309
                  0.1                    1                    1               1.1011              0.11011          1.011011011
                 0.11                    1                    1           1.11147741         0.1222625151     1.01344890045484
                 0.12                    1                    1           1.12193536         0.1346322432     1.01615591734195
                 0.13                    1                    1           1.13248261         0.1472227393     1.01913904828657
                 0.14                    1                    1           1.14312816         0.1600379424     1.02240548017595
                 0.15                    1                    1           1.15388125         0.1730821875     1.02596262285742
                 0.16                    1                    1           1.16475136         0.1863602176     1.02981813303221
                 0.17                    1                    1           1.17574821         0.1998771957     1.03397993943262
                 0.18                    1                    1           1.18688176         0.2136387168     1.03845626937935
                 0.19                    1                    1           1.19816221         0.2276508199       1.043255676825
                  0.2                    1                    1               1.2096              0.24192          1.048387072
                 0.21                    1                    1           1.22120581         0.2564532201     1.05385975278698
                 0.22                    1                    1           1.23299056         0.2712579232     1.05968343796057
                 0.23                    1                    1           1.24496541         0.2863420443     1.06586830244019
                 0.24                    1                    1           1.25714176         0.3017140224     1.07242501471496
                 0.25                    1                    1           1.26953125         0.3173828125     1.07936477661133
                 0.26                    1                    1           1.28214576         0.3333578976     1.08669936558614
                 0.27                    1                    1           1.29499741         0.3496493007     1.09444117974013
                 0.28                    1                    1           1.30809856         0.3662675968     1.10260328575979
                 0.29                    1                    1           1.32146181         0.3832239249     1.11119947000827
                  0.3                    1                    1               1.3351              0.40053          1.120244293
                 0.31                    1                    1           1.34902621         0.4181981251      1.1297531475069
                 0.32                    1                    1           1.36325376         0.4362412032     1.13974232055887
                 0.33                    1                    1           1.37779621         0.4546727493     1.15022905961523
                 0.34                    1                    1           1.39266736         0.4735069024     1.16123164319926
                 0.35                    1                    1           1.40788125         0.4927584375     1.17276945630273
                 0.36                    1                    1           1.42345216         0.5124427776     1.18486307088341
                 0.37                    1                    1           1.43939461         0.5325760057     1.19753433179419
                 0.38                    1                    1           1.45572336         0.5531748768     1.21080644849911
                 0.39                    1                    1           1.47245341         0.5742568299     1.22470409294821
                  0.4                    1                    1               1.4896              0.59584          1.239253504
                 0.41                    1                    1           1.50717861         0.6179432301     1.25448259879831
                 0.42                    1                    1           1.52520496         0.6405860832     1.27042109152749
                 0.43                    1                    1           1.54369501         0.6637888543      1.2871006199887
                 0.44                    1                    1           1.56266496         0.6875725824     1.30455488045803
                 0.45                    1                    1           1.58213125         0.7119590625     1.32281977130664
                 0.46                    1                    1           1.60211056         0.7369708576     1.34193354588186
                 0.47                    1                    1           1.62261981         0.7626313107     1.36193697516828
                 0.48                    1                    1           1.64367616         0.7889645568      1.3828735207675
                 0.49                    1                    1           1.66529701         0.8159955349     1.40478951875587
                  0.5                    1                    1               1.6875              0.84375          1.427734375
                 0.51                    1                    1           1.71030301         0.8722545351     1.45176077253113
                 0.52                    1                    1           1.73372416         0.9015365632     1.47692489160078
                 0.53                    1                    1           1.75778181         0.9316243593     1.50328664306194
                 0.54                    1                    1           1.78249456         0.9625470624     1.53090991574223
                 0.55                    1                    1           1.80788125         0.9943346875     1.55986283849805
                 0.56                    1                    1           1.83396096         1.0270181376     1.59021805766155
                 0.57                    1                    1           1.86075301         1.0606292157     1.62205303061558
                 0.58                    1                    1           1.88827696         1.0952006368     1.65545033625545
                 0.59                    1                    1           1.91655261         1.1307660399     1.69049800312009
                  0.6                    1                    1               1.9456              1.16736          1.727289856
                 0.61                    1                    1           1.97543941         1.2050180401     1.76592588185356
                 0.62                    1                    1           2.00609136         1.2437766432     1.80651261588875
                 0.63                    1                    1           2.03757661         1.2836732643     1.84916354869261
                 0.64                    1                    1           2.06991616         1.3247463424     1.89399955531655
                 0.65                    1                    1           2.10313125         1.3670353125     1.94114934725195
                 0.66                    1                    1           2.13724336         1.4105806176     1.99074994825677
                 0.67                    1                    1           2.17227421         1.4554237207     2.04294719502096
                 0.68                    1                    1           2.20824576         1.5016071168     2.09789626368577
                 0.69                    1                    1           2.24518021         1.5491743449     2.15576222325944
                  0.7                    1                    1               2.2831              1.59817          2.216720617
                 0.71                    1                    1           2.32202781         1.6486397451     2.28095807286403
                 0.72                    1                    1           2.36198656         1.7006303232      2.3486729441491
                 0.73                    1                    1           2.40299941         1.7541895693     2.42007598148668
                 0.74                    1                    1           2.44508976         1.8093664224     2.49539103737146
                 0.75                    1                    1           2.48828125         1.8662109375     2.57485580444336
                 0.76                    1                    1           2.53259776         1.9247742976     2.65872258876808
                 0.77                    1                    1           2.57806341         1.9851088257     2.74725911939294
                 0.78                    1                    1           2.62470256         2.0472679968      2.8407493954856
                 0.79                    1                    1           2.67253981         2.1113064499     2.93949457239427
                  0.8                    1                    1               2.7216              2.17728          3.043813888
                 0.81                    1                    1           2.77190821         2.2452456501     3.15404563076318
                 0.82                    1                    1           2.82348976         2.3152616032     3.27054815089921
                 0.83                    1                    1           2.87637021         2.3873872743     3.39370091615045
                 0.84                    1                    1           2.93057536         2.4616833024     3.52390561365518
                 0.85                    1                    1           2.98613125         2.5382115625     3.66158729944727
                 0.86                    1                    1           3.04306416         2.6170351776     3.80719559715425
                 0.87                    1                    1           3.10140061         2.6982185307     3.96120594749574
                 0.88                    1                    1           3.16116736         2.7818272768      4.1241209102184
                 0.89                    1                    1           3.22239141         2.8679283549     4.29647152013869
                  0.9                    1                    1               3.2851              2.95659          4.478818699
                 0.91                    1                    1           3.34932061         3.0478817551     4.67175472488594
                 0.92                    1                    1           3.41508096         3.1418744832     4.87590476096812
                 0.93                    1                    1           3.48240901         3.2386403793     5.09192844540253
                 0.94                    1                    1           3.55133296         3.3382529824      5.3205215442257
                 0.95                    1                    1           3.62188125         3.4407871875     5.56241766913867
                 0.96                    1                    1           3.69408256         3.5463192576     5.81839006210431
                 0.97                    1                    1           3.76796581         3.6549268357     6.08925344872126
                 0.98                    1                    1           3.84356016         3.7666889568     6.37586596237593
                 0.99                    1                    1           3.92089501         3.8816860599     6.67913114121256
                    1                    1                    1                    4                    4                    7
(-1/5,0/1,0/1,3/5)
(0/1,1/5,0/1,0/1,-131/140)
(0/1,0/1,-593/3150,0/1,0/1,5437/4500,0/1,0/1,-9/500)
(947/346500,0/1,0/1,31727/173250,0/1,0/1,-999443/693000,0/1,0/1,369/7000)
                   -1                    0                    1                    0                    0
                -0.99 -0.00990000000000001             1.009801   0.0097118114940099  -0.0096146933790698
                -0.98              -0.0196             1.019208   0.0188930076172803  -0.0185151474649347
                -0.97              -0.0291             1.028227   0.0276089701478701   -0.026780701043434
                -0.96              -0.0384             1.036864     0.03592087158784  -0.0344840367243264
                -0.95  -0.0474999999999999             1.045125   0.0438858445312499  -0.0416915523046874
                -0.94              -0.0564             1.053016     0.05155714686336  -0.0484637180515584
                -0.93              -0.0651             1.060543     0.05898432284143  -0.0548554202425299
                -0.92              -0.0736             1.067712     0.06621336010752  -0.0609162912989184
                -0.91              -0.0819             1.074529     0.07328684268369  -0.0666910268421579
                 -0.9                -0.09                1.081   0.0802440999999999  -0.0722196899999999
                -0.89              -0.0979             1.087131   0.0871213520057101   -0.077538003285082
                -0.88              -0.1056             1.092928   0.0939518504140799  -0.0826776283643904
                -0.87              -0.1131             1.098397     0.10076601613117   -0.087666434034118
                -0.86              -0.1204             1.103544     0.10759157291904  -0.0925287527103745
                -0.85              -0.1275             1.108375     0.11445367734375  -0.0972856257421875
                -0.84              -0.1344             1.112896     0.12137504505856    -0.10195503784919
                -0.83              -0.1411             1.117113     0.12837607347273   -0.106552140982366
                -0.82              -0.1476             1.121032     0.13547496085632   -0.111089467902182
                -0.81              -0.1539             1.124659     0.14268782193139   -0.115577135764426
                 -0.8                -0.16                1.128            0.1500288          -0.12002304
                -0.79              -0.1659             1.131061     0.15751017565941   -0.124433038770934
                -0.78              -0.1716             1.133848     0.16514247215488   -0.128811128280806
                -0.77              -0.1771             1.136367     0.17293455742047   -0.133159609213762
                -0.76              -0.1824             1.138624     0.18089374285824   -0.137479244572262
                -0.75              -0.1875             1.140625     0.18902587890625   -0.141769409179688
                -0.74              -0.1924             1.142376     0.19733544744576   -0.146028231109862
                -0.73              -0.1971             1.143883     0.20582565109803   -0.150252725301562
                -0.72              -0.2016             1.145152     0.21449849946112   -0.154438919612006
                -0.71              -0.2059             1.146189     0.22335489233709   -0.158581973559334
                 -0.7                -0.21                1.147            0.2323947          -0.16267629
                -0.69              -0.2139             1.147591     0.24161684055511   -0.166715619983026
                -0.68              -0.2176             1.147968     0.25101935443968   -0.170693161018982
                -0.67              -0.2211             1.148137     0.26059947611577   -0.174601648997566
                -0.66              -0.2244             1.148104     0.27035370300544    -0.17843344398359
                -0.65              -0.2275             1.147875     0.28027786171875   -0.182180610117188
                -0.64              -0.2304             1.147456     0.29036717162496   -0.185834989839974
                -0.63              -0.2331             1.146853     0.30061630581733   -0.189388272664918
                -0.62              -0.2356             1.146072     0.31101944952192    -0.19283205870359
                -0.61              -0.2379             1.145119     0.32157035600079   -0.196157917160482
                 -0.6                -0.24                1.144            0.3322624          -0.19935744
                -0.59              -0.2419             1.142721     0.34308862879281   -0.202422290987758
                -0.58              -0.2436             1.141288     0.35404181086848   -0.205344250303718
                -0.57              -0.2451             1.139707     0.36511448231707    -0.20811525492073
                -0.56              -0.2464             1.137984     0.37629899096064   -0.210727434937958
                -0.55              -0.2475             1.136125     0.38758753828125   -0.213173146054687
                -0.54              -0.2484             1.134136     0.39897221919616   -0.215444998365926
                -0.53              -0.2491             1.132023     0.41044505973063   -0.217535881657234
                -0.52              -0.2496             1.129792     0.42199805263872   -0.219438987372134
                -0.51              -0.2499             1.127449     0.43362319102249    -0.22114782742147
                 -0.5                -0.25                1.125            0.4453125          -0.22265625
                -0.49              -0.2499             1.122451     0.45705806647251    -0.22395845257153
                -0.48              -0.2496             1.119808     0.46885206704128   -0.225048992179814
                -0.47              -0.2491             1.117077     0.48068679412437   -0.225922793238454
                -0.46              -0.2484             1.114264     0.49255468032384   -0.226575152948966
                -0.45              -0.2475             1.111375     0.50444832109375   -0.227001744492188
                -0.44              -0.2464             1.108416     0.51636049575936   -0.227198618134118
                -0.43              -0.2451             1.105393     0.52828418693793    -0.22716220038331
                -0.42              -0.2436             1.102312     0.54021259841152   -0.226889291332838
                -0.41              -0.2419             1.099179     0.55213917150219   -0.226377060315898
                 -0.4                -0.24                1.096            0.5640576          -0.22562304
                -0.39              -0.2379             1.092781     0.57596184369421   -0.224625119040742
                -0.38              -0.2356             1.089528     0.58784614055808    -0.22338153341207
                -0.37              -0.2331             1.086247     0.59970501763767   -0.221890856525938
                -0.36              -0.2304             1.082944     0.61153330069504   -0.220151988250214
                -0.35              -0.2275             1.079625     0.62332612265625   -0.218164142929687
                -0.34              -0.2244             1.076296     0.63507893091456    -0.21592683651095
                -0.33              -0.2211             1.072963     0.64678749353923   -0.213439872867946
                -0.32              -0.2176             1.069632     0.65844790444032   -0.210703329420902
                -0.31              -0.2139             1.066309     0.67005658753989   -0.207717542137366
                 -0.3                -0.21                1.063            0.6816103          -0.20448309
                -0.29              -0.2059             1.059711     0.69310613455791   -0.201000779021794
                -0.28              -0.2016             1.056448     0.70454152101888   -0.197271625885286
                -0.27              -0.1971             1.053217     0.71591422695697   -0.193296841278382
                -0.26              -0.1924             1.050024     0.72722235767424   -0.189077812995302
                -0.25              -0.1875             1.046875     0.73846435546875   -0.184616088867188
                -0.24              -0.1824             1.043776     0.74963899826176   -0.179913359582822
                -0.23              -0.1771             1.040733     0.76074539763453   -0.174971441455942
                -0.22              -0.1716             1.037752     0.77178299632512   -0.169792259191526
                -0.21              -0.1659             1.034839     0.78275156523559   -0.164377828699474
                 -0.2                -0.16                1.032            0.7936512          -0.15873024
                -0.19              -0.1539             1.029241     0.80448231716361   -0.152851640261086
                -0.18              -0.1476             1.026568     0.81524565002368   -0.146744217004262
                -0.17              -0.1411             1.023987     0.82594224418227   -0.140410181510986
                -0.16              -0.1344             1.021504     0.83657345286144    -0.13385175245783
                -0.15              -0.1275             1.019125     0.84714093203125   -0.127071139804687
                -0.14              -0.1204             1.016856     0.85764663540096   -0.120070528956134
                -0.13              -0.1131             1.014703     0.86809280932383   -0.112852065212098
                -0.12              -0.1056             1.012672     0.87848198766592    -0.10541783851991
                -0.11              -0.0979             1.010769     0.88881698668929  -0.0977698685358219
                 -0.1                -0.09                1.009            0.8991009          -0.08991009
                -0.09              -0.0819             1.007371     0.90933709361131  -0.0818403384250179
                -0.08              -0.0736             1.005888     0.91952920117248  -0.0735623360937984
                -0.07              -0.0651             1.004557     0.92968111941357  -0.0650776783589499
                -0.06              -0.0564             1.003384     0.93979700385664  -0.0563878202313984
                -0.05              -0.0475             1.002375     0.94988126484375  -0.0474940632421875
                -0.04              -0.0384             1.001536     0.95993856393216  -0.0383975425572864
                -0.03              -0.0291             1.000873     0.96997381070713  -0.0290992143212139
                -0.02              -0.0196             1.000392     0.97999216006272  -0.0195998432012544
                -0.01              -0.0099             1.000099     0.98999901000099  -0.0098999901000099
                    0                    0                    1                    1                    0
                 0.01               0.0101             1.000101     1.01000101000101   0.0101000101000101
                 0.02               0.0204             1.000408     1.02000816006528   0.0204001632013056
                 0.03               0.0309             1.000927     1.03002781075087   0.0309008343225261
                 0.04               0.0416             1.001664     1.04006656425984   0.0416026625703936
                 0.05               0.0525             1.002625     1.05013126640625   0.0525065633203125
                 0.06               0.0636             1.003816     1.06022900945536   0.0636137405673216
                 0.07               0.0749             1.005243     1.07036713588443   0.0749256995119101
                 0.08               0.0864             1.006912     1.08055324311552   0.0864442594492416
                 0.09               0.0981             1.008829     1.09079518927069   0.0981715670343621
                  0.1                 0.11                1.011            1.1011011           0.11011011
                 0.11               0.1221             1.013431     1.11147937643271    0.122262731407598
                 0.12               0.1344             1.016128     1.12193870430208     0.13463264451625
                 0.13               0.1469             1.019097     1.13248806429417    0.147223448358242
                 0.14               0.1596             1.022344     1.14313674367104    0.160039144113946
                 0.15               0.1725             1.025875     1.15389434921875    0.173084152382813
                 0.16               0.1856             1.029696     1.16477082157056     0.18636333145129
                 0.17               0.1989             1.033813     1.17577645095573    0.199881996662474
                 0.18               0.2124             1.038232     1.18692189442432    0.213645940996378
                 0.19               0.2261             1.042959     1.19821819459839    0.227661456973694
                  0.2                 0.24                1.048            1.2096768           0.24193536
                 0.21               0.2541             1.053361     1.22130958700641    0.256475013271346
                 0.22               0.2684             1.059048     1.23312888348288    0.271288354366234
                 0.23               0.2829             1.065067     1.24514749414347    0.286383923652998
                 0.24               0.2976             1.071424     1.25737872769024    0.301770894645658
                 0.25               0.3125             1.078125     1.26983642578125    0.317459106445312
                 0.26               0.3276             1.085176     1.28253499387776    0.333459098408218
                 0.27               0.3429             1.092583     1.29548943402103    0.349782147185678
                 0.28               0.3584             1.100352     1.30871537958912    0.366440306284954
                 0.29               0.3741             1.108489     1.32222913208409    0.383446448304386
                  0.3                 0.39                1.117            1.3360477           0.40081431
                 0.31               0.4061             1.125891     1.35018883982211    0.418558540344854
                 0.32               0.4224             1.135168     1.36467109920768    0.436694751746458
                 0.33               0.4389             1.144837     1.37951386239877    0.455239574591594
                 0.34               0.4556             1.154904     1.39473739791744     0.47421071529193
                 0.35               0.4725             1.165375     1.41036290859375    0.493627018007813
                 0.36               0.4896             1.176256     1.42641258397696    0.513508530231706
                 0.37               0.5069             1.187553     1.44290965518033    0.533876572416722
                 0.38               0.5244             1.199272     1.45987845220992     0.55475381183977
                 0.39               0.5421             1.211419     1.47734446382779    0.576164340892838
                  0.4                 0.56                1.224            1.4953344           0.59813376
                 0.41               0.5781             1.237021     1.51387625697981    0.620689265361722
                 0.42               0.5964             1.250488     1.53299938507648    0.643859741732121
                 0.43               0.6149             1.264407     1.55273455916007     0.66767586043883
                 0.44               0.6336             1.278784     1.57311405195264    0.692170182859162
                 0.45               0.6525             1.293625     1.59417171015625    0.717377269570313
                 0.46               0.6716             1.308936     1.61594303346816    0.743333795395354
                 0.47               0.6909             1.324723     1.63846525653363    0.770078670570806
                 0.48               0.7104             1.340992     1.66177743388672    0.797653168265625
                 0.49               0.7301             1.357749     1.68592052792949     0.82610105868545
                  0.5                 0.75                1.375            1.7109375           0.85546875
                 0.51               0.7701             1.392751     1.73687340457951     0.88580543633555
                 0.52               0.7904             1.411008     1.76377548668928    0.917163253078426
                 0.53               0.8109             1.429777     1.79169328252737    0.949597439739506
                 0.54               0.8316             1.449064     1.82067872339584    0.983166510633754
                 0.55               0.8525             1.468875     1.85078624296875     1.01793243363281
                 0.56               0.8736             1.489216     1.88207288795136     1.05396081725276
                 0.57               0.8949             1.510093     1.91459843218093     1.09132110634313
                 0.58               0.9164             1.531512     1.94842549421952     1.13008678664732
                 0.59               0.9381             1.553479     1.98361965848919     1.17033559850862
                  0.6                 0.96                1.576            2.0202496           1.21214976
                 0.61               0.9821             1.599081     2.05838721272121     1.25561619975994
                 0.62               1.0044             1.622728     2.09810774164608     1.30082679982057
                 0.63               1.0269             1.646947     2.13948991860067     1.34787864871842
                 0.64               1.0496             1.671744     2.18261610184704     1.39687430518211
                 0.65               1.0725             1.697125     2.22757241953125     1.44792207269531
                 0.66               1.0956             1.723096     2.27444891702656     1.50113628523753
                 0.67               1.1189             1.749663     2.32333970822223     1.55663760450889
                 0.68               1.1424             1.776832     2.37434313080832     1.61455332894966
                 0.69               1.1661             1.804609     2.42756190560689     1.67501771486875
                  0.7                 1.19                1.833            2.4831033           1.73817231
                 0.71               1.2141             1.862011     2.54107929550491     1.80416629980849
                 0.72               1.2384             1.891648     2.60160675954688     1.87315686687375
                 0.73               1.2629             1.921917     2.66480762147997     1.94530956368038
                 0.74               1.2876             1.952824     2.73080905290624     2.02079869915062
                 0.75               1.3125             1.984375     2.79974365234375     2.09980773925781
                 0.76               1.3376             2.016576     2.87174963429376     2.18252972206326
                 0.77               1.3629             2.049433     2.94697102275753      2.2691676875233
                 0.78               1.3884             2.082952     3.02555784925312     2.35993512241743
                 0.79               1.4141             2.117139     3.10766635538259     2.45505642075225
                  0.8                 1.44                2.152            3.1934592           2.55476736
                 0.81               1.4661             2.187541     3.28310567103061     2.65931559353479
                 0.82               1.4924             2.223768     3.37678190199168     2.76896115963318
                 0.83               1.5189             2.260687     3.47467109326527     2.88397700741017
                 0.84               1.5456             2.298304     3.57696373817344     3.00464954006569
                 0.85               1.5725             2.336625     3.68385785390625     3.13127917582031
                 0.86               1.5996             2.375656     3.79555921735296     3.26418092692355
                 0.87               1.6269             2.415403     3.91228160588683     3.40368499712154
                 0.88               1.6544             2.455872     4.03424704315392     3.55013739797545
                 0.89               1.6821             2.497069     4.16168604991629      3.7039005844255
                  0.9                 1.71                2.539            4.2948379           3.86535411
                 0.91               1.7381             2.581671     4.43395088139831     4.03489530207246
                 0.92               1.7664             2.625088     4.57928256258048     4.21293995757404
                 0.93               1.7949             2.669257     4.73110006405657     4.39992305957261
                 0.94               1.8236             2.714184     4.88968033524864     4.59629951513372
                 0.95               1.8525             2.759875     5.05531043671875     4.80254491488281
                 0.96               1.8816             2.806336     5.22828782780416     5.01915631469199
                 0.97               1.9109             2.853573     5.40892065971013     5.24665303991882
                 0.98               1.9404             2.901592     5.59752807411072     5.48557751262851
                 0.99               1.9701             2.950399     5.79444050730799     5.73649610223491
                    1                    2                    3                    6                    6
