  arg3 =     0.500000
  arg2 =      0.00000
       arg1 =       0.500000       1.00000       1.50000       2.00000       2.50000       3.00000       3.50000       4.00000       4.50000       5.00000
       6.66432       5.08328       4.29787       3.80099       3.44870       3.18146       2.96944       2.79572       2.64990       2.52516
  arg2 =     0.500000
       arg1 =       0.500000       1.00000       1.50000       2.00000       2.50000       3.00000       3.50000       4.00000       4.50000       5.00000
       2.82843       2.26065       1.95491       1.75314       1.60611       1.49237       1.40078       1.32484       1.26048       1.20497
  arg2 =      1.00000
       arg1 =       0.500000       1.00000       1.50000       2.00000       2.50000       3.00000       3.50000       4.00000       4.50000       5.00000
       2.26065       1.82096       1.58141       1.42220       1.30562       1.21510       1.14199       1.08123       1.02962      0.985045
  arg2 =      1.50000
       arg1 =       0.500000       1.00000       1.50000       2.00000       2.50000       3.00000       3.50000       4.00000       4.50000       5.00000
       1.95491       1.58141       1.37669       1.24012       1.13985       1.06183      0.998713      0.946182      0.901516      0.862891
  arg2 =      2.00000
       arg1 =       0.500000       1.00000       1.50000       2.00000       2.50000       3.00000       3.50000       4.00000       4.50000       5.00000
       1.75314       1.42220       1.24012       1.11836       1.02880      0.959021      0.902503      0.855422      0.815358      0.780688
  arg2 =      2.50000
       arg1 =       0.500000       1.00000       1.50000       2.00000       2.50000       3.00000       3.50000       4.00000       4.50000       5.00000
       1.60611       1.30562       1.13985       1.02880      0.947012      0.883226      0.831520      0.788418      0.751717      0.719941
  arg2 =      3.00000
       arg1 =       0.500000       1.00000       1.50000       2.00000       2.50000       3.00000       3.50000       4.00000       4.50000       5.00000
       1.49237       1.21510       1.06183      0.959021      0.883226      0.824069      0.776083      0.736061      0.701966      0.672435
  arg2 =      3.50000
       arg1 =       0.500000       1.00000       1.50000       2.00000       2.50000       3.00000       3.50000       4.00000       4.50000       5.00000
       1.40078       1.14199      0.998713      0.902503      0.831520      0.776083      0.731093      0.693552      0.661559      0.633839
  arg2 =      4.00000
       arg1 =       0.500000       1.00000       1.50000       2.00000       2.50000       3.00000       3.50000       4.00000       4.50000       5.00000
       1.32484       1.08123      0.946182      0.855422      0.788418      0.736061      0.693552      0.658068      0.627820      0.601604
  arg2 =      4.50000
       arg1 =       0.500000       1.00000       1.50000       2.00000       2.50000       3.00000       3.50000       4.00000       4.50000       5.00000
       1.26048       1.02962      0.901516      0.815358      0.751717      0.701966      0.661559      0.627820      0.599050      0.574111
  arg2 =      5.00000
       arg1 =       0.500000       1.00000       1.50000       2.00000       2.50000       3.00000       3.50000       4.00000       4.50000       5.00000
       1.20497      0.985045      0.862891      0.780688      0.719941      0.672435      0.633839      0.601604      0.574111      0.550272

  arg3 =      1.00000
  arg2 =      0.00000
       arg1 =       0.500000       1.00000       1.50000       2.00000       2.50000       3.00000       3.50000       4.00000       4.50000       5.00000
       3.02058       2.35619       2.01620       1.79721       1.63996       1.51953       1.42324       1.34385       1.27686       1.21930
  arg2 =     0.500000
       arg1 =       0.500000       1.00000       1.50000       2.00000       2.50000       3.00000       3.50000       4.00000       4.50000       5.00000
       1.47870       1.21084       1.06115      0.960124      0.885348      0.826816      0.779232      0.739474      0.705557      0.676145
  arg2 =      1.00000
       arg1 =       0.500000       1.00000       1.50000       2.00000       2.50000       3.00000       3.50000       4.00000       4.50000       5.00000
       1.21084       1.00000      0.880545      0.799260      0.738744      0.691165      0.652351      0.619827      0.592014      0.567844
  arg2 =      1.50000
       arg1 =       0.500000       1.00000       1.50000       2.00000       2.50000       3.00000       3.50000       4.00000       4.50000       5.00000
       1.06115      0.880545      0.777481      0.707033      0.654415      0.612943      0.579041      0.550587      0.526219      0.505017
  arg2 =      2.00000
       arg1 =       0.500000       1.00000       1.50000       2.00000       2.50000       3.00000       3.50000       4.00000       4.50000       5.00000
      0.960124      0.799260      0.707033      0.643806      0.596478      0.559112      0.528526      0.502824      0.480792      0.461606
  arg2 =      2.50000
       arg1 =       0.500000       1.00000       1.50000       2.00000       2.50000       3.00000       3.50000       4.00000       4.50000       5.00000
      0.885348      0.738744      0.654415      0.596478      0.553042      0.518706      0.490571      0.466909      0.446610      0.428922
  arg2 =      3.00000
       arg1 =       0.500000       1.00000       1.50000       2.00000       2.50000       3.00000       3.50000       4.00000       4.50000       5.00000
      0.826816      0.691165      0.612943      0.559112      0.518706      0.486734      0.460515      0.438450      0.419510      0.402997
  arg2 =      3.50000
       arg1 =       0.500000       1.00000       1.50000       2.00000       2.50000       3.00000       3.50000       4.00000       4.50000       5.00000
      0.779232      0.652351      0.579041      0.528526      0.490571      0.460515      0.435852      0.415084      0.397250      0.381695
  arg2 =      4.00000
       arg1 =       0.500000       1.00000       1.50000       2.00000       2.50000       3.00000       3.50000       4.00000       4.50000       5.00000
      0.739474      0.619827      0.550587      0.502824      0.466909      0.438450      0.415084      0.395400      0.378490      0.363735
  arg2 =      4.50000
       arg1 =       0.500000       1.00000       1.50000       2.00000       2.50000       3.00000       3.50000       4.00000       4.50000       5.00000
      0.705557      0.592014      0.526219      0.480792      0.446610      0.419510      0.397250      0.378490      0.362367      0.348297
  arg2 =      5.00000
       arg1 =       0.500000       1.00000       1.50000       2.00000       2.50000       3.00000       3.50000       4.00000       4.50000       5.00000
      0.676145      0.567844      0.505017      0.461606      0.428922      0.402997      0.381695      0.363735      0.348297      0.334819

  arg3 =      1.50000
  arg2 =      0.00000
       arg1 =       0.500000       1.00000       1.50000       2.00000       2.50000       3.00000       3.50000       4.00000       4.50000       5.00000
       1.88065       1.48734       1.28255       1.14919       1.05266      0.978277      0.918511      0.869029      0.827126      0.791008
  arg2 =     0.500000
       arg1 =       0.500000       1.00000       1.50000       2.00000       2.50000       3.00000       3.50000       4.00000       4.50000       5.00000
      0.989158      0.821546      0.725868      0.660436      0.611541      0.572984      0.541453      0.514978      0.492297      0.472557
  arg2 =      1.00000
       arg1 =       0.500000       1.00000       1.50000       2.00000       2.50000       3.00000       3.50000       4.00000       4.50000       5.00000
      0.821546      0.688400      0.611259      0.558029      0.518000      0.486283      0.460247      0.438316      0.419479      0.403047
  arg2 =      1.50000
       arg1 =       0.500000       1.00000       1.50000       2.00000       2.50000       3.00000       3.50000       4.00000       4.50000       5.00000
      0.725868      0.611259      0.544331      0.497919      0.462892      0.435062      0.412166      0.392845      0.376223      0.361703
  arg2 =      2.00000
       arg1 =       0.500000       1.00000       1.50000       2.00000       2.50000       3.00000       3.50000       4.00000       4.50000       5.00000
      0.660436      0.558029      0.497919      0.456097      0.424458      0.399274      0.378522      0.360989      0.345888      0.332685
  arg2 =      2.50000
       arg1 =       0.500000       1.00000       1.50000       2.00000       2.50000       3.00000       3.50000       4.00000       4.50000       5.00000
      0.611541      0.518000      0.462892      0.424458      0.395332      0.372115      0.352963      0.336766      0.322804      0.310588
  arg2 =      3.00000
       arg1 =       0.500000       1.00000       1.50000       2.00000       2.50000       3.00000       3.50000       4.00000       4.50000       5.00000
      0.572984      0.486283      0.435062      0.399274      0.372115      0.350443      0.332550      0.317405      0.304342      0.292906
  arg2 =      3.50000
       arg1 =       0.500000       1.00000       1.50000       2.00000       2.50000       3.00000       3.50000       4.00000       4.50000       5.00000
      0.541453      0.460247      0.412166      0.378522      0.352963      0.332550      0.315683      0.301398      0.289071      0.278274
  arg2 =      4.00000
       arg1 =       0.500000       1.00000       1.50000       2.00000       2.50000       3.00000       3.50000       4.00000       4.50000       5.00000
      0.514978      0.438316      0.392845      0.360989      0.336765      0.317405      0.301398      0.287835      0.276125      0.265865
  arg2 =      4.50000
       arg1 =       0.500000       1.00000       1.50000       2.00000       2.50000       3.00000       3.50000       4.00000       4.50000       5.00000
      0.492297      0.419479      0.376223      0.345888      0.322804      0.304342      0.289071      0.276125      0.264944      0.255144
  arg2 =      5.00000
       arg1 =       0.500000       1.00000       1.50000       2.00000       2.50000       3.00000       3.50000       4.00000       4.50000       5.00000
      0.472557      0.403047      0.361703      0.332685      0.310588      0.292906      0.278274      0.265865      0.255144      0.245744

  arg3 =      2.00000
  arg2 =      0.00000
       arg1 =       0.500000       1.00000       1.50000       2.00000       2.50000       3.00000       3.50000       4.00000       4.50000       5.00000
       1.33708       1.06794      0.926118      0.833041      0.765285      0.712836      0.670538      0.635410      0.605582      0.579813
  arg2 =     0.500000
       arg1 =       0.500000       1.00000       1.50000       2.00000       2.50000       3.00000       3.50000       4.00000       4.50000       5.00000
      0.736370      0.617674      0.548930      0.501480      0.465780      0.437478      0.414234      0.394646      0.377813      0.363123
  arg2 =      1.00000
       arg1 =       0.500000       1.00000       1.50000       2.00000       2.50000       3.00000       3.50000       4.00000       4.50000       5.00000
      0.617674      0.522800      0.466988      0.428097      0.398642      0.375172      0.355819      0.339455      0.325354      0.313018
  arg2 =      1.50000
       arg1 =       0.500000       1.00000       1.50000       2.00000       2.50000       3.00000       3.50000       4.00000       4.50000       5.00000
      0.548930      0.466988      0.418376      0.384324      0.358435      0.337748      0.320647      0.306161      0.293656      0.282700
  arg2 =      2.00000
       arg1 =       0.500000       1.00000       1.50000       2.00000       2.50000       3.00000       3.50000       4.00000       4.50000       5.00000
      0.501480      0.428097      0.384324      0.353553      0.330099      0.311320      0.295771      0.282581      0.271182      0.261186
  arg2 =      2.50000
       arg1 =       0.500000       1.00000       1.50000       2.00000       2.50000       3.00000       3.50000       4.00000       4.50000       5.00000
      0.465780      0.398642      0.358435      0.330099      0.308460      0.291108      0.276724      0.264509      0.253943      0.244670
  arg2 =      3.00000
       arg1 =       0.500000       1.00000       1.50000       2.00000       2.50000       3.00000       3.50000       4.00000       4.50000       5.00000
      0.437478      0.375172      0.337748      0.311320      0.291108      0.274881      0.261417      0.249974      0.240069      0.231371
  arg2 =      3.50000
       arg1 =       0.500000       1.00000       1.50000       2.00000       2.50000       3.00000       3.50000       4.00000       4.50000       5.00000
      0.414234      0.355819      0.320647      0.295771      0.276724      0.261417      0.248707      0.237897      0.228534      0.220309
  arg2 =      4.00000
       arg1 =       0.500000       1.00000       1.50000       2.00000       2.50000       3.00000       3.50000       4.00000       4.50000       5.00000
      0.394646      0.339455      0.306161      0.282581      0.264509      0.249974      0.237897      0.227620      0.218714      0.210887
  arg2 =      4.50000
       arg1 =       0.500000       1.00000       1.50000       2.00000       2.50000       3.00000       3.50000       4.00000       4.50000       5.00000
      0.377813      0.325354      0.293656      0.271182      0.253943      0.240069      0.228534      0.218714      0.210202      0.202717
  arg2 =      5.00000
       arg1 =       0.500000       1.00000       1.50000       2.00000       2.50000       3.00000       3.50000       4.00000       4.50000       5.00000
      0.363123      0.313018      0.282700      0.261186      0.244670      0.231371      0.220309      0.210887      0.202717      0.195530

  arg3 =      2.50000
  arg2 =      0.00000
       arg1 =       0.500000       1.00000       1.50000       2.00000       2.50000       3.00000       3.50000       4.00000       4.50000       5.00000
       1.02336      0.823634      0.717446      0.647338      0.596075      0.556253      0.524045      0.497229      0.474412      0.454662
  arg2 =     0.500000
       arg1 =       0.500000       1.00000       1.50000       2.00000       2.50000       3.00000       3.50000       4.00000       4.50000       5.00000
      0.582523      0.492314      0.439501      0.402788      0.375022      0.352920      0.334706      0.319313      0.306053      0.294456
  arg2 =      1.00000
       arg1 =       0.500000       1.00000       1.50000       2.00000       2.50000       3.00000       3.50000       4.00000       4.50000       5.00000
      0.492314      0.419878      0.376778      0.346521      0.323479      0.305040      0.289781      0.276841      0.265661      0.255859
  arg2 =      1.50000
       arg1 =       0.500000       1.00000       1.50000       2.00000       2.50000       3.00000       3.50000       4.00000       4.50000       5.00000
      0.439501      0.376778      0.339128      0.312551      0.292232      0.275922      0.262391      0.250893      0.240941      0.232203
  arg2 =      2.00000
       arg1 =       0.500000       1.00000       1.50000       2.00000       2.50000       3.00000       3.50000       4.00000       4.50000       5.00000
      0.402788      0.346521      0.312551      0.288485      0.270034      0.255193      0.242860      0.232364      0.223269      0.215274
  arg2 =      2.50000
       arg1 =       0.500000       1.00000       1.50000       2.00000       2.50000       3.00000       3.50000       4.00000       4.50000       5.00000
      0.375022      0.323479      0.292232      0.270034      0.252982      0.239245      0.227814      0.218076      0.209629      0.202199
  arg2 =      3.00000
       arg1 =       0.500000       1.00000       1.50000       2.00000       2.50000       3.00000       3.50000       4.00000       4.50000       5.00000
      0.352920      0.305040      0.275922      0.255193      0.239245      0.226381      0.215666      0.206530      0.198599      0.191618
  arg2 =      3.50000
       arg1 =       0.500000       1.00000       1.50000       2.00000       2.50000       3.00000       3.50000       4.00000       4.50000       5.00000
      0.334706      0.289781      0.262391      0.242860      0.227814      0.215666      0.205539      0.196897      0.189392      0.182782
  arg2 =      4.00000
       arg1 =       0.500000       1.00000       1.50000       2.00000       2.50000       3.00000       3.50000       4.00000       4.50000       5.00000
      0.319313      0.276841      0.250893      0.232364      0.218076      0.206530      0.196897      0.188674      0.181528      0.175230
  arg2 =      4.50000
       arg1 =       0.500000       1.00000       1.50000       2.00000       2.50000       3.00000       3.50000       4.00000       4.50000       5.00000
      0.306053      0.265661      0.240941      0.223269      0.209629      0.198599      0.189392      0.181528      0.174690      0.168663
  arg2 =      5.00000
       arg1 =       0.500000       1.00000       1.50000       2.00000       2.50000       3.00000       3.50000       4.00000       4.50000       5.00000
      0.294456      0.255859      0.232203      0.215274      0.202199      0.191618      0.182782      0.175230      0.168663      0.162871

  arg3 =      3.00000
  arg2 =      0.00000
       arg1 =       0.500000       1.00000       1.50000       2.00000       2.50000       3.00000       3.50000       4.00000       4.50000       5.00000
      0.821043      0.664911      0.581312      0.525853      0.485156      0.453450      0.427744      0.406299      0.388019      0.372172
  arg2 =     0.500000
       arg1 =       0.500000       1.00000       1.50000       2.00000       2.50000       3.00000       3.50000       4.00000       4.50000       5.00000
      0.479361      0.407572      0.365184      0.335552      0.313047      0.295072      0.280219      0.267637      0.256776      0.247260
  arg2 =      1.00000
       arg1 =       0.500000       1.00000       1.50000       2.00000       2.50000       3.00000       3.50000       4.00000       4.50000       5.00000
      0.407572      0.349720      0.314988      0.290460      0.271699      0.256633      0.244129      0.233499      0.224296      0.216212
  arg2 =      1.50000
       arg1 =       0.500000       1.00000       1.50000       2.00000       2.50000       3.00000       3.50000       4.00000       4.50000       5.00000
      0.365184      0.314988      0.284576      0.262978      0.246390      0.233027      0.221907      0.212434      0.204218      0.196989
  arg2 =      2.00000
       arg1 =       0.500000       1.00000       1.50000       2.00000       2.50000       3.00000       3.50000       4.00000       4.50000       5.00000
      0.335552      0.290460      0.262978      0.243386      0.228296      0.216113      0.205958      0.197293      0.189768      0.183141
  arg2 =      2.50000
       arg1 =       0.500000       1.00000       1.50000       2.00000       2.50000       3.00000       3.50000       4.00000       4.50000       5.00000
      0.313047      0.271699      0.246390      0.228296      0.214330      0.203037      0.193611      0.185560      0.178560      0.172390
  arg2 =      3.00000
       arg1 =       0.500000       1.00000       1.50000       2.00000       2.50000       3.00000       3.50000       4.00000       4.50000       5.00000
      0.295072      0.256633      0.233027      0.216113      0.203037      0.192450      0.183604      0.176041      0.169461      0.163657
  arg2 =      3.50000
       arg1 =       0.500000       1.00000       1.50000       2.00000       2.50000       3.00000       3.50000       4.00000       4.50000       5.00000
      0.280219      0.244129      0.221907      0.205958      0.193611      0.183604      0.175235      0.168074      0.161841      0.156339
  arg2 =      4.00000
       arg1 =       0.500000       1.00000       1.50000       2.00000       2.50000       3.00000       3.50000       4.00000       4.50000       5.00000
      0.267637      0.233499      0.212434      0.197293      0.185560      0.176041      0.168074      0.161254      0.155314      0.150069
  arg2 =      4.50000
       arg1 =       0.500000       1.00000       1.50000       2.00000       2.50000       3.00000       3.50000       4.00000       4.50000       5.00000
      0.256776      0.224296      0.204218      0.189768      0.178560      0.169461      0.161841      0.155314      0.149626      0.144602
  arg2 =      5.00000
       arg1 =       0.500000       1.00000       1.50000       2.00000       2.50000       3.00000       3.50000       4.00000       4.50000       5.00000
      0.247260      0.216212      0.196989      0.183141      0.172390      0.163657      0.156339      0.150069      0.144602      0.139771

  arg3 =      3.50000
  arg2 =      0.00000
       arg1 =       0.500000       1.00000       1.50000       2.00000       2.50000       3.00000       3.50000       4.00000       4.50000       5.00000
      0.680687      0.554115      0.485950      0.440552      0.407136      0.381040      0.359840      0.342122      0.326997      0.313868
  arg2 =     0.500000
       arg1 =       0.500000       1.00000       1.50000       2.00000       2.50000       3.00000       3.50000       4.00000       4.50000       5.00000
      0.405581      0.346563      0.311474      0.286830      0.268048      0.253005      0.240545      0.229970      0.220825      0.212801
  arg2 =      1.00000
       arg1 =       0.500000       1.00000       1.50000       2.00000       2.50000       3.00000       3.50000       4.00000       4.50000       5.00000
      0.346563      0.298866      0.270019      0.249549      0.233833      0.221176      0.210646      0.201675      0.193895      0.187049
  arg2 =      1.50000
       arg1 =       0.500000       1.00000       1.50000       2.00000       2.50000       3.00000       3.50000       4.00000       4.50000       5.00000
      0.311474      0.270019      0.244713      0.226650      0.212724      0.201472      0.192086      0.184072      0.177109      0.170973
  arg2 =      2.00000
       arg1 =       0.500000       1.00000       1.50000       2.00000       2.50000       3.00000       3.50000       4.00000       4.50000       5.00000
      0.286830      0.249549      0.226650      0.210241      0.197554      0.187279      0.178692      0.171351      0.164962      0.159326
  arg2 =      2.50000
       arg1 =       0.500000       1.00000       1.50000       2.00000       2.50000       3.00000       3.50000       4.00000       4.50000       5.00000
      0.268048      0.233833      0.212724      0.197554      0.185799      0.176263      0.168283      0.161452      0.155502      0.150248
  arg2 =      3.00000
       arg1 =       0.500000       1.00000       1.50000       2.00000       2.50000       3.00000       3.50000       4.00000       4.50000       5.00000
      0.253005      0.221176      0.201472      0.187279      0.176263      0.167315      0.159818      0.153395      0.147796      0.142848
  arg2 =      3.50000
       arg1 =       0.500000       1.00000       1.50000       2.00000       2.50000       3.00000       3.50000       4.00000       4.50000       5.00000
      0.240545      0.210646      0.192086      0.178692      0.168283      0.159818      0.152721      0.146634      0.141325      0.136632
  arg2 =      4.00000
       arg1 =       0.500000       1.00000       1.50000       2.00000       2.50000       3.00000       3.50000       4.00000       4.50000       5.00000
      0.229970      0.201675      0.184072      0.171351      0.161452      0.153395      0.146634      0.140833      0.135770      0.131292
  arg2 =      4.50000
       arg1 =       0.500000       1.00000       1.50000       2.00000       2.50000       3.00000       3.50000       4.00000       4.50000       5.00000
      0.220825      0.193895      0.177109      0.164962      0.155502      0.147796      0.141325      0.135770      0.130919      0.126627
  arg2 =      5.00000
       arg1 =       0.500000       1.00000       1.50000       2.00000       2.50000       3.00000       3.50000       4.00000       4.50000       5.00000
      0.212801      0.187049      0.170973      0.159326      0.150248      0.142848      0.136632      0.131292      0.126627      0.122497

  arg3 =      4.00000
  arg2 =      0.00000
       arg1 =       0.500000       1.00000       1.50000       2.00000       2.50000       3.00000       3.50000       4.00000       4.50000       5.00000
      0.578134      0.472730      0.415690      0.377573      0.349445      0.327432      0.309518      0.294524      0.281708      0.270569
  arg2 =     0.500000
       arg1 =       0.500000       1.00000       1.50000       2.00000       2.50000       3.00000       3.50000       4.00000       4.50000       5.00000
      0.350324      0.300616      0.270891      0.249932      0.233910      0.221047      0.210372      0.201296      0.193436      0.186531
  arg2 =      1.00000
       arg1 =       0.500000       1.00000       1.50000       2.00000       2.50000       3.00000       3.50000       4.00000       4.50000       5.00000
      0.300616      0.260346      0.235842      0.218381      0.204933      0.194076      0.185024      0.177300      0.170590      0.164678
  arg2 =      1.50000
       arg1 =       0.500000       1.00000       1.50000       2.00000       2.50000       3.00000       3.50000       4.00000       4.50000       5.00000
      0.270891      0.235842      0.214310      0.198876      0.186938      0.177267      0.169183      0.162269      0.156251      0.150940
  arg2 =      2.00000
       arg1 =       0.500000       1.00000       1.50000       2.00000       2.50000       3.00000       3.50000       4.00000       4.50000       5.00000
      0.249932      0.218381      0.198876      0.184838      0.173948      0.165105      0.157699      0.151355      0.145826      0.140941
  arg2 =      2.50000
       arg1 =       0.500000       1.00000       1.50000       2.00000       2.50000       3.00000       3.50000       4.00000       4.50000       5.00000
      0.233910      0.204933      0.186938      0.173948      0.163848      0.155633      0.148743      0.142834      0.137678      0.133119
  arg2 =      3.00000
       arg1 =       0.500000       1.00000       1.50000       2.00000       2.50000       3.00000       3.50000       4.00000       4.50000       5.00000
      0.221047      0.194076      0.177267      0.165105      0.155633      0.147918      0.141440      0.135879      0.131023      0.126726
  arg2 =      3.50000
       arg1 =       0.500000       1.00000       1.50000       2.00000       2.50000       3.00000       3.50000       4.00000       4.50000       5.00000
      0.210372      0.185024      0.169183      0.157699      0.148743      0.141440      0.135303      0.130029      0.125422      0.121342
  arg2 =      4.00000
       arg1 =       0.500000       1.00000       1.50000       2.00000       2.50000       3.00000       3.50000       4.00000       4.50000       5.00000
      0.201296      0.177300      0.162269      0.151355      0.142834      0.135879      0.130029      0.125000      0.120603      0.116708
  arg2 =      4.50000
       arg1 =       0.500000       1.00000       1.50000       2.00000       2.50000       3.00000       3.50000       4.00000       4.50000       5.00000
      0.193436      0.170590      0.156251      0.145826      0.137678      0.131023      0.125422      0.120603      0.116388      0.112653
  arg2 =      5.00000
       arg1 =       0.500000       1.00000       1.50000       2.00000       2.50000       3.00000       3.50000       4.00000       4.50000       5.00000
      0.186531      0.164678      0.150940      0.140941      0.133119      0.126726      0.121342      0.116708      0.112653      0.109057

  arg3 =      4.50000
  arg2 =      0.00000
       arg1 =       0.500000       1.00000       1.50000       2.00000       2.50000       3.00000       3.50000       4.00000       4.50000       5.00000
      0.500237      0.410627      0.361932      0.329298      0.305162      0.286238      0.270815      0.257889      0.246827      0.237203
  arg2 =     0.500000
       arg1 =       0.500000       1.00000       1.50000       2.00000       2.50000       3.00000       3.50000       4.00000       4.50000       5.00000
      0.307477      0.264818      0.239180      0.221043      0.207142      0.195958      0.186661      0.178744      0.171879      0.165841
  arg2 =      1.00000
       arg1 =       0.500000       1.00000       1.50000       2.00000       2.50000       3.00000       3.50000       4.00000       4.50000       5.00000
      0.264818      0.230186      0.209003      0.193854      0.182156      0.172691      0.164785      0.158028      0.152150      0.146965
  arg2 =      1.50000
       arg1 =       0.500000       1.00000       1.50000       2.00000       2.50000       3.00000       3.50000       4.00000       4.50000       5.00000
      0.239180      0.209003      0.190364      0.176953      0.166552      0.158107      0.151034      0.144974      0.139693      0.135027
  arg2 =      2.00000
       arg1 =       0.500000       1.00000       1.50000       2.00000       2.50000       3.00000       3.50000       4.00000       4.50000       5.00000
      0.221043      0.193854      0.176953      0.164743      0.155244      0.147513      0.141026      0.135459      0.130601      0.126304
  arg2 =      2.50000
       arg1 =       0.500000       1.00000       1.50000       2.00000       2.50000       3.00000       3.50000       4.00000       4.50000       5.00000
      0.207142      0.182156      0.166552      0.155244      0.146427      0.139238      0.133197      0.128008      0.123473      0.119459
  arg2 =      3.00000
       arg1 =       0.500000       1.00000       1.50000       2.00000       2.50000       3.00000       3.50000       4.00000       4.50000       5.00000
      0.195958      0.172691      0.158107      0.147513      0.139238      0.132483      0.126799      0.121911      0.117637      0.113850
  arg2 =      3.50000
       arg1 =       0.500000       1.00000       1.50000       2.00000       2.50000       3.00000       3.50000       4.00000       4.50000       5.00000
      0.186661      0.164785      0.151034      0.141026      0.133197      0.126799      0.121410      0.116773      0.112714      0.109116
  arg2 =      4.00000
       arg1 =       0.500000       1.00000       1.50000       2.00000       2.50000       3.00000       3.50000       4.00000       4.50000       5.00000
      0.178744      0.158028      0.144974      0.135459      0.128008      0.121911      0.116773      0.112347      0.108473      0.105035
  arg2 =      4.50000
       arg1 =       0.500000       1.00000       1.50000       2.00000       2.50000       3.00000       3.50000       4.00000       4.50000       5.00000
      0.171879      0.152150      0.139693      0.130601      0.123473      0.117637      0.112714      0.108473      0.104757      0.101459
  arg2 =      5.00000
       arg1 =       0.500000       1.00000       1.50000       2.00000       2.50000       3.00000       3.50000       4.00000       4.50000       5.00000
      0.165841      0.146965      0.135027      0.126304      0.119459      0.113850      0.109116      0.105035      0.101459     0.0982831

  arg3 =      5.00000
  arg2 =      0.00000
       arg1 =       0.500000       1.00000       1.50000       2.00000       2.50000       3.00000       3.50000       4.00000       4.50000       5.00000
      0.439258      0.361812      0.319576      0.291199      0.270169      0.253655      0.240177      0.228869      0.219180      0.210744
  arg2 =     0.500000
       arg1 =       0.500000       1.00000       1.50000       2.00000       2.50000       3.00000       3.50000       4.00000       4.50000       5.00000
      0.273340      0.236177      0.213746      0.197830      0.185604      0.175750      0.167544      0.160549      0.154476      0.149128
  arg2 =      1.00000
       arg1 =       0.500000       1.00000       1.50000       2.00000       2.50000       3.00000       3.50000       4.00000       4.50000       5.00000
      0.236177      0.205953      0.187381      0.174059      0.163747      0.155387      0.148393      0.142407      0.137194      0.132590
  arg2 =      1.50000
       arg1 =       0.500000       1.00000       1.50000       2.00000       2.50000       3.00000       3.50000       4.00000       4.50000       5.00000
      0.213746      0.187381      0.171020      0.159211      0.150030      0.142560      0.136294      0.130918      0.126227      0.122077
  arg2 =      2.00000
       arg1 =       0.500000       1.00000       1.50000       2.00000       2.50000       3.00000       3.50000       4.00000       4.50000       5.00000
      0.197830      0.174059      0.159211      0.148449      0.140056      0.133211      0.127458      0.122514      0.118193      0.114367
  arg2 =      2.50000
       arg1 =       0.500000       1.00000       1.50000       2.00000       2.50000       3.00000       3.50000       4.00000       4.50000       5.00000
      0.185604      0.163747      0.150030      0.140056      0.132259      0.125890      0.120528      0.115914      0.111879      0.108301
  arg2 =      3.00000
       arg1 =       0.500000       1.00000       1.50000       2.00000       2.50000       3.00000       3.50000       4.00000       4.50000       5.00000
      0.175750      0.155387      0.142560      0.133211      0.125890      0.119900      0.114851      0.110504      0.106697      0.103320
  arg2 =      3.50000
       arg1 =       0.500000       1.00000       1.50000       2.00000       2.50000       3.00000       3.50000       4.00000       4.50000       5.00000
      0.167544      0.148393      0.136294      0.127458      0.120528      0.114851      0.110063      0.105935      0.102319     0.0991081
  arg2 =      4.00000
       arg1 =       0.500000       1.00000       1.50000       2.00000       2.50000       3.00000       3.50000       4.00000       4.50000       5.00000
      0.160549      0.142407      0.130918      0.122514      0.115914      0.110504      0.105935      0.101995     0.0985398     0.0954714
  arg2 =      4.50000
       arg1 =       0.500000       1.00000       1.50000       2.00000       2.50000       3.00000       3.50000       4.00000       4.50000       5.00000
      0.154476      0.137194      0.126227      0.118193      0.111879      0.106697      0.102319     0.0985398     0.0952251     0.0922798
  arg2 =      5.00000
       arg1 =       0.500000       1.00000       1.50000       2.00000       2.50000       3.00000       3.50000       4.00000       4.50000       5.00000
      0.149128      0.132590      0.122077      0.114367      0.108301      0.103320     0.0991081     0.0954714     0.0922798     0.0894427

