  arg3 =    0.0500000
  arg2 =      4.50000
       arg1 =       0.500000       1.00000       1.50000       2.00000       2.50000       3.00000       3.50000       4.00000       4.50000       5.00000
      0.491353      0.206117     0.0780555     0.0274939    0.00917254    0.00293321   0.000906581   0.000272462   7.99856e-05   2.30170e-05
  arg2 =      4.00000
       arg1 =       0.500000       1.00000       1.50000       2.00000       2.50000       3.00000       3.50000       4.00000       4.50000       5.00000
      0.465408      0.185494     0.0670004     0.0225925    0.00723925    0.00222984   0.000665525   0.000193578   5.51076e-05   1.54049e-05
  arg2 =      3.50000
       arg1 =       0.500000       1.00000       1.50000       2.00000       2.50000       3.00000       3.50000       4.00000       4.50000       5.00000
      0.436972      0.164334     0.0563030     0.0180927    0.00554712    0.00164054   0.000471531   0.000132423   3.64807e-05   9.88831e-06
  arg2 =      3.00000
       arg1 =       0.500000       1.00000       1.50000       2.00000       2.50000       3.00000       3.50000       4.00000       4.50000       5.00000
      0.405497      0.142625     0.0460316     0.0140187    0.00409392    0.00115812   0.000319539   8.64063e-05   2.29804e-05   6.02734e-06
  arg2 =      2.50000
       arg1 =       0.500000       1.00000       1.50000       2.00000       2.50000       3.00000       3.50000       4.00000       4.50000       5.00000
      0.370188      0.120352     0.0362678     0.0103958    0.00287576   0.000774634   0.000204395   5.30482e-05   1.35833e-05   3.43913e-06
  arg2 =      2.00000
       arg1 =       0.500000       1.00000       1.50000       2.00000       2.50000       3.00000       3.50000       4.00000       4.50000       5.00000
      0.329820     0.0975000     0.0271123    0.00725000    0.00188668   0.000481250   0.000120887   3.00000e-05   7.37203e-06   1.79687e-06
  arg2 =      1.50000
       arg1 =       0.500000       1.00000       1.50000       2.00000       2.50000       3.00000       3.50000       4.00000       4.50000       5.00000
      0.282314     0.0740545     0.0186930    0.00460863    0.00111828   0.000268258   6.37968e-05   1.50700e-05   3.54055e-06   8.28130e-07
  arg2 =      1.00000
       arg1 =       0.500000       1.00000       1.50000       2.00000       2.50000       3.00000       3.50000       4.00000       4.50000       5.00000
      0.223607     0.0500000     0.0111803    0.00250000   0.000559017   0.000125000   2.79508e-05   6.25000e-06   1.39754e-06   3.12500e-07
  arg2 =     0.500000
       arg1 =       0.500000       1.00000       1.50000       2.00000       2.50000       3.00000       3.50000       4.00000       4.50000       5.00000
      0.143566     0.0253206    0.00481823   0.000953580   0.000193295   3.98177e-05   8.29763e-06   1.74427e-06   3.69169e-07   7.85599e-08
  arg2 =      0.00000
       arg1 =       0.500000       1.00000       1.50000       2.00000       2.50000       3.00000       3.50000       4.00000       4.50000       5.00000
       0.00000       0.00000       0.00000       0.00000       0.00000       0.00000       0.00000       0.00000       0.00000       0.00000

  arg3 =     0.100000
  arg2 =      4.50000
       arg1 =       0.500000       1.00000       1.50000       2.00000       2.50000       3.00000       3.50000       4.00000       4.50000       5.00000
      0.656564      0.377569      0.198302     0.0974748     0.0455483     0.0204490    0.00888740    0.00376010    0.00155521   0.000630927
  arg2 =      4.00000
       arg1 =       0.500000       1.00000       1.50000       2.00000       2.50000       3.00000       3.50000       4.00000       4.50000       5.00000
      0.626625      0.343900      0.172769     0.0814600     0.0366122     0.0158500    0.00665776    0.00272800    0.00109478   0.000431650
  arg2 =      3.50000
       arg1 =       0.500000       1.00000       1.50000       2.00000       2.50000       3.00000       3.50000       4.00000       4.50000       5.00000
      0.592916      0.308410      0.147384     0.0663533     0.0285757     0.0118906    0.00481396    0.00190578   0.000740527   0.000283242
  arg2 =      3.00000
       arg1 =       0.500000       1.00000       1.50000       2.00000       2.50000       3.00000       3.50000       4.00000       4.50000       5.00000
      0.554584      0.271000      0.122341     0.0523000     0.0214837    0.00856000    0.00332948    0.00127000   0.000476673   0.000176500
  arg2 =      2.50000
       arg1 =       0.500000       1.00000       1.50000       2.00000       2.50000       3.00000       3.50000       4.00000       4.50000       5.00000
      0.510410      0.231567     0.0978806     0.0394582     0.0153747    0.00583919    0.00217377   0.000796351   0.000287923   0.000102960
  arg2 =      2.00000
       arg1 =       0.500000       1.00000       1.50000       2.00000       2.50000       3.00000       3.50000       4.00000       4.50000       5.00000
      0.458530      0.190000     0.0743135     0.0280000     0.0102774    0.00370000    0.00131235   0.000460000   0.000159695   5.50000e-05
  arg2 =      1.50000
       arg1 =       0.500000       1.00000       1.50000       2.00000       2.50000       3.00000       3.50000       4.00000       4.50000       5.00000
      0.395819      0.146185     0.0520440     0.0181128    0.00620739    0.00210376   0.000707001   0.000236035   7.83843e-05   2.59171e-05
  arg2 =      1.00000
       arg1 =       0.500000       1.00000       1.50000       2.00000       2.50000       3.00000       3.50000       4.00000       4.50000       5.00000
      0.316228      0.100000     0.0316228     0.0100000    0.00316228    0.00100000   0.000316228   0.000100000   3.16227e-05   9.99999e-06
  arg2 =     0.500000
       arg1 =       0.500000       1.00000       1.50000       2.00000       2.50000       3.00000       3.50000       4.00000       4.50000       5.00000
      0.204833     0.0513167     0.0138468    0.00388254    0.00111444   0.000324975   9.58460e-05   2.85112e-05   8.53805e-06   2.57059e-06
  arg2 =      0.00000
       arg1 =       0.500000       1.00000       1.50000       2.00000       2.50000       3.00000       3.50000       4.00000       4.50000       5.00000
       0.00000       0.00000       0.00000       0.00000       0.00000       0.00000       0.00000       0.00000       0.00000       0.00000

  arg3 =     0.150000
  arg2 =      4.50000
       arg1 =       0.500000       1.00000       1.50000       2.00000       2.50000       3.00000       3.50000       4.00000       4.50000       5.00000
      0.760727      0.518734      0.326764      0.193879      0.109783     0.0598769     0.0316695     0.0163262    0.00823548    0.00407750
  arg2 =      4.00000
       arg1 =       0.500000       1.00000       1.50000       2.00000       2.50000       3.00000       3.50000       4.00000       4.50000       5.00000
      0.731162      0.477994      0.288910      0.164790     0.0898970     0.0473386     0.0242226     0.0121032    0.00592761    0.00285388
  arg2 =      3.50000
       arg1 =       0.500000       1.00000       1.50000       2.00000       2.50000       3.00000       3.50000       4.00000       4.50000       5.00000
      0.696910      0.433805      0.250183      0.136552     0.0714921     0.0362295     0.0178848    0.00864073    0.00410008    0.00191598
  arg2 =      3.00000
       arg1 =       0.500000       1.00000       1.50000       2.00000       2.50000       3.00000       3.50000       4.00000       4.50000       5.00000
      0.656834      0.385875      0.210866      0.109519     0.0547770     0.0266119     0.0126330    0.00588516    0.00269908    0.00122165
  arg2 =      2.50000
       arg1 =       0.500000       1.00000       1.50000       2.00000       2.50000       3.00000       3.50000       4.00000       4.50000       5.00000
      0.609316      0.333888      0.171349     0.0840959     0.0399584     0.0185255    0.00842469    0.00377213    0.00166748   0.000729253
  arg2 =      2.00000
       arg1 =       0.500000       1.00000       1.50000       2.00000       2.50000       3.00000       3.50000       4.00000       4.50000       5.00000
      0.551900      0.277500      0.132166     0.0607500     0.0272319     0.0119813    0.00519585    0.00222750   0.000946036   0.000398672
  arg2 =      1.50000
       arg1 =       0.500000       1.00000       1.50000       2.00000       2.50000       3.00000       3.50000       4.00000       4.50000       5.00000
      0.480502      0.216339     0.0940602     0.0400149     0.0167718    0.00695423    0.00285993    0.00116860   0.000475031   0.000192275
  arg2 =      1.00000
       arg1 =       0.500000       1.00000       1.50000       2.00000       2.50000       3.00000       3.50000       4.00000       4.50000       5.00000
      0.387298      0.150000     0.0580947     0.0225000    0.00871421    0.00337500    0.00130713   0.000506250   0.000196070   7.59376e-05
  arg2 =     0.500000
       arg1 =       0.500000       1.00000       1.50000       2.00000       2.50000       3.00000       3.50000       4.00000       4.50000       5.00000
      0.253183     0.0780456     0.0258646    0.00889898    0.00313271    0.00111998   0.000404887   0.000147606   5.41663e-05   1.99823e-05
  arg2 =      0.00000
       arg1 =       0.500000       1.00000       1.50000       2.00000       2.50000       3.00000       3.50000       4.00000       4.50000       5.00000
       0.00000       0.00000       0.00000       0.00000       0.00000       0.00000       0.00000       0.00000       0.00000       0.00000

  arg3 =     0.200000
  arg2 =      4.50000
       arg1 =       0.500000       1.00000       1.50000       2.00000       2.50000       3.00000       3.50000       4.00000       4.50000       5.00000
      0.832150      0.633642      0.450696      0.303921      0.196393      0.122574     0.0743277     0.0439904     0.0255016     0.0145215
  arg2 =      4.00000
       arg1 =       0.500000       1.00000       1.50000       2.00000       2.50000       3.00000       3.50000       4.00000       4.50000       5.00000
      0.804985      0.590400      0.404281      0.262720      0.163859     0.0988800     0.0580734     0.0333440     0.0187815     0.0104064
  arg2 =      3.50000
       arg1 =       0.500000       1.00000       1.50000       2.00000       2.50000       3.00000       3.50000       4.00000       4.50000       5.00000
      0.772547      0.542053      0.355332      0.221491      0.132817     0.0772374     0.0438114     0.0243445     0.0132951    0.00715433
  arg2 =      3.00000
       arg1 =       0.500000       1.00000       1.50000       2.00000       2.50000       3.00000       3.50000       4.00000       4.50000       5.00000
      0.733430      0.488000      0.304105      0.180800      0.103754     0.0579200     0.0316269     0.0169600    0.00895858    0.00467200
  arg2 =      2.50000
       arg1 =       0.500000       1.00000       1.50000       2.00000       2.50000       3.00000       3.50000       4.00000       4.50000       5.00000
      0.685627      0.427567      0.251028      0.141350     0.0771887     0.0411740     0.0215599     0.0111213    0.00566603    0.00285679
  arg2 =      2.00000
       arg1 =       0.500000       1.00000       1.50000       2.00000       2.50000       3.00000       3.50000       4.00000       4.50000       5.00000
      0.626099      0.360000      0.196774      0.104000     0.0536656     0.0272000     0.0135953    0.00672000    0.00329149    0.00160000
  arg2 =      1.50000
       arg1 =       0.500000       1.00000       1.50000       2.00000       2.50000       3.00000       3.50000       4.00000       4.50000       5.00000
      0.549815      0.284458      0.142378     0.0697957     0.0337287     0.0161301    0.00765277    0.00360811    0.00169255   0.000790664
  arg2 =      1.00000
       arg1 =       0.500000       1.00000       1.50000       2.00000       2.50000       3.00000       3.50000       4.00000       4.50000       5.00000
      0.447214      0.200000     0.0894427     0.0400000     0.0178885    0.00800000    0.00357771    0.00160000   0.000715541   0.000320000
  arg2 =     0.500000
       arg1 =       0.500000       1.00000       1.50000       2.00000       2.50000       3.00000       3.50000       4.00000       4.50000       5.00000
      0.295167      0.105573     0.0405193     0.0161301    0.00656627    0.00271368    0.00113378   0.000477614   0.000202499   8.63021e-05
  arg2 =      0.00000
       arg1 =       0.500000       1.00000       1.50000       2.00000       2.50000       3.00000       3.50000       4.00000       4.50000       5.00000
       0.00000       0.00000       0.00000       0.00000       0.00000       0.00000       0.00000       0.00000       0.00000       0.00000

  arg3 =     0.250000
  arg2 =      4.50000
       arg1 =       0.500000       1.00000       1.50000       2.00000       2.50000       3.00000       3.50000       4.00000       4.50000       5.00000
      0.882693      0.725984      0.563710      0.417716      0.297891      0.205782      0.138399     0.0909845     0.0586533     0.0371731
  arg2 =      4.00000
       arg1 =       0.500000       1.00000       1.50000       2.00000       2.50000       3.00000       3.50000       4.00000       4.50000       5.00000
      0.858887      0.683594      0.512817      0.367188      0.253265      0.169434      0.110512     0.0705567     0.0442333     0.0272980
  arg2 =      3.50000
       arg1 =       0.500000       1.00000       1.50000       2.00000       2.50000       3.00000       3.50000       4.00000       4.50000       5.00000
      0.829529      0.634646      0.457382      0.314960      0.209284      0.135137     0.0852353     0.0527186     0.0320715     0.0192360
  arg2 =      3.00000
       arg1 =       0.500000       1.00000       1.50000       2.00000       2.50000       3.00000       3.50000       4.00000       4.50000       5.00000
      0.792969      0.578125      0.397461      0.261719      0.166748      0.103516     0.0629272     0.0375977     0.0221405     0.0128784
  arg2 =      2.50000
       arg1 =       0.500000       1.00000       1.50000       2.00000       2.50000       3.00000       3.50000       4.00000       4.50000       5.00000
      0.746830      0.512861      0.333333      0.208399      0.126585     0.0751965     0.0438857     0.0252457     0.0143502    0.00807511
  arg2 =      2.00000
       arg1 =       0.500000       1.00000       1.50000       2.00000       2.50000       3.00000       3.50000       4.00000       4.50000       5.00000
      0.687500      0.437500      0.265625      0.156250     0.0898438     0.0507813     0.0283203     0.0156250    0.00854492    0.00463867
  arg2 =      1.50000
       arg1 =       0.500000       1.00000       1.50000       2.00000       2.50000       3.00000       3.50000       4.00000       4.50000       5.00000
      0.608998      0.350481      0.195501      0.106911     0.0576689     0.0307958     0.0163192    0.00859543    0.00450503    0.00235158
  arg2 =      1.00000
       arg1 =       0.500000       1.00000       1.50000       2.00000       2.50000       3.00000       3.50000       4.00000       4.50000       5.00000
      0.500000      0.250000      0.125000     0.0625000     0.0312500     0.0156250    0.00781250    0.00390625    0.00195312   0.000976562
  arg2 =     0.500000
       arg1 =       0.500000       1.00000       1.50000       2.00000       2.50000       3.00000       3.50000       4.00000       4.50000       5.00000
      0.333333      0.133975     0.0576689     0.0257214     0.0117248    0.00542395    0.00253599    0.00119531   0.000566964   0.000270296
  arg2 =      0.00000
       arg1 =       0.500000       1.00000       1.50000       2.00000       2.50000       3.00000       3.50000       4.00000       4.50000       5.00000
       0.00000       0.00000       0.00000       0.00000       0.00000       0.00000       0.00000       0.00000       0.00000       0.00000

  arg3 =     0.300000
  arg2 =      4.50000
       arg1 =       0.500000       1.00000       1.50000       2.00000       2.50000       3.00000       3.50000       4.00000       4.50000       5.00000
      0.918874      0.799118      0.662706      0.527927      0.406539      0.304195      0.222098      0.158769      0.111434     0.0769664
  arg2 =      4.00000
       arg1 =       0.500000       1.00000       1.50000       2.00000       2.50000       3.00000       3.50000       4.00000       4.50000       5.00000
      0.898778      0.759900      0.611104      0.471780      0.352198      0.255690      0.181319      0.126036     0.0861154     0.0579676
  arg2 =      3.50000
       arg1 =       0.500000       1.00000       1.50000       2.00000       2.50000       3.00000       3.50000       4.00000       4.50000       5.00000
      0.873130      0.713026      0.552920      0.411702      0.296753      0.208309      0.143053     0.0964432     0.0640066     0.0419084
  arg2 =      3.00000
       arg1 =       0.500000       1.00000       1.50000       2.00000       2.50000       3.00000       3.50000       4.00000       4.50000       5.00000
      0.840069      0.657000      0.487815      0.348300      0.241237      0.163080      0.108085     0.0704700     0.0453138     0.0287955
  arg2 =      2.50000
       arg1 =       0.500000       1.00000       1.50000       2.00000       2.50000       3.00000       3.50000       4.00000       4.50000       5.00000
      0.796889      0.590037      0.415688      0.282564      0.186967      0.121141     0.0771810     0.0485005     0.0301298     0.0185364
  arg2 =      2.00000
       arg1 =       0.500000       1.00000       1.50000       2.00000       2.50000       3.00000       3.50000       4.00000       4.50000       5.00000
      0.739425      0.510000      0.336849      0.216000      0.135561     0.0837000     0.0510204     0.0307800     0.0184117     0.0109350
  arg2 =      1.50000
       arg1 =       0.500000       1.00000       1.50000       2.00000       2.50000       3.00000       3.50000       4.00000       4.50000       5.00000
      0.660746      0.414338      0.252316      0.150790     0.0889437     0.0519596     0.0301298     0.0173689    0.00996500    0.00569459
  arg2 =      1.00000
       arg1 =       0.500000       1.00000       1.50000       2.00000       2.50000       3.00000       3.50000       4.00000       4.50000       5.00000
      0.547723      0.300000      0.164317     0.0900000     0.0492950     0.0270000     0.0147885    0.00810000    0.00443655    0.00243000
  arg2 =     0.500000
       arg1 =       0.500000       1.00000       1.50000       2.00000       2.50000       3.00000       3.50000       4.00000       4.50000       5.00000
      0.369010      0.163340     0.0772743     0.0378410     0.0189271    0.00960369    0.00492380    0.00254438    0.00132295   0.000691303
  arg2 =      0.00000
       arg1 =       0.500000       1.00000       1.50000       2.00000       2.50000       3.00000       3.50000       4.00000       4.50000       5.00000
       0.00000       0.00000       0.00000       0.00000       0.00000       0.00000       0.00000       0.00000       0.00000       0.00000

  arg3 =     0.350000
  arg2 =      4.50000
       arg1 =       0.500000       1.00000       1.50000       2.00000       2.50000       3.00000       3.50000       4.00000       4.50000       5.00000
      0.944785      0.856084      0.746557      0.629415      0.515290      0.411247      0.321026      0.245803      0.185041      0.137230
  arg2 =      4.00000
       arg1 =       0.500000       1.00000       1.50000       2.00000       2.50000       3.00000       3.50000       4.00000       4.50000       5.00000
      0.928385      0.821494      0.697373      0.571585      0.454810      0.352915      0.268036      0.199846      0.146633      0.106091
  arg2 =      3.50000
       arg1 =       0.500000       1.00000       1.50000       2.00000       2.50000       3.00000       3.50000       4.00000       4.50000       5.00000
      0.906665      0.778590      0.639818      0.507363      0.390762      0.293772      0.216423      0.156718      0.111819     0.0787680
  arg2 =      3.00000
       arg1 =       0.500000       1.00000       1.50000       2.00000       2.50000       3.00000       3.50000       4.00000       4.50000       5.00000
      0.877613      0.725375      0.572982      0.437019      0.324199      0.235169      0.167466      0.117424     0.0812625     0.0556076
  arg2 =      2.50000
       arg1 =       0.500000       1.00000       1.50000       2.00000       2.50000       3.00000       3.50000       4.00000       4.50000       5.00000
      0.838242      0.659370      0.496132      0.361318      0.256655      0.178761      0.122548     0.0829192     0.0554939     0.0367952
  arg2 =      2.00000
       arg1 =       0.500000       1.00000       1.50000       2.00000       2.50000       3.00000       3.50000       4.00000       4.50000       5.00000
      0.783881      0.577500      0.408949      0.281750      0.190239      0.126481     0.0830710     0.0540225     0.0348454     0.0223218
  arg2 =      1.50000
       arg1 =       0.500000       1.00000       1.50000       2.00000       2.50000       3.00000       3.50000       4.00000       4.50000       5.00000
      0.706662      0.475953      0.311919      0.200829      0.127706     0.0804617     0.0503360     0.0313119     0.0193881     0.0119591
  arg2 =      1.00000
       arg1 =       0.500000       1.00000       1.50000       2.00000       2.50000       3.00000       3.50000       4.00000       4.50000       5.00000
      0.591608      0.350000      0.207063      0.122500     0.0724720     0.0428750     0.0253652     0.0150063    0.00887781    0.00525219
  arg2 =     0.500000
       arg1 =       0.500000       1.00000       1.50000       2.00000       2.50000       3.00000       3.50000       4.00000       4.50000       5.00000
      0.403013      0.193774     0.0993650     0.0526847     0.0285138     0.0156487    0.00867542    0.00484655    0.00272391    0.00153839
  arg2 =      0.00000
       arg1 =       0.500000       1.00000       1.50000       2.00000       2.50000       3.00000       3.50000       4.00000       4.50000       5.00000
       0.00000       0.00000       0.00000       0.00000       0.00000       0.00000       0.00000       0.00000       0.00000       0.00000

  arg3 =     0.400000
  arg2 =      4.50000
       arg1 =       0.500000       1.00000       1.50000       2.00000       2.50000       3.00000       3.50000       4.00000       4.50000       5.00000
      0.963212      0.899612      0.815393      0.718914      0.618299      0.520147      0.429090      0.347881      0.277723      0.218682
  arg2 =      4.00000
       arg1 =       0.500000       1.00000       1.50000       2.00000       2.50000       3.00000       3.50000       4.00000       4.50000       5.00000
      0.950264      0.870400      0.770963      0.663040      0.555802      0.455680      0.366460      0.289792      0.225806      0.173671
  arg2 =      3.50000
       arg1 =       0.500000       1.00000       1.50000       2.00000       2.50000       3.00000       3.50000       4.00000       4.50000       5.00000
      0.932417      0.832687      0.716846      0.598449      0.486904      0.387635      0.302951      0.233038      0.176811      0.132550
  arg2 =      3.00000
       arg1 =       0.500000       1.00000       1.50000       2.00000       2.50000       3.00000       3.50000       4.00000       4.50000       5.00000
      0.907574      0.784000      0.651429      0.524800      0.412361      0.317440      0.240232      0.179200      0.132036     0.0962561
  arg2 =      2.50000
       arg1 =       0.500000       1.00000       1.50000       2.00000       2.50000       3.00000       3.50000       4.00000       4.50000       5.00000
      0.872536      0.721145      0.573133      0.442291      0.333610      0.247092      0.180315      0.129973     0.0927180     0.0655576
  arg2 =      2.00000
       arg1 =       0.500000       1.00000       1.50000       2.00000       2.50000       3.00000       3.50000       4.00000       4.50000       5.00000
      0.822192      0.640000      0.480666      0.352000      0.252982      0.179200      0.125479     0.0870400     0.0599062     0.0409600
  arg2 =      1.50000
       arg1 =       0.500000       1.00000       1.50000       2.00000       2.50000       3.00000       3.50000       4.00000       4.50000       5.00000
      0.747784      0.535242      0.373530      0.256387      0.173928      0.116960     0.0781185     0.0518937     0.0343200     0.0226139
  arg2 =      1.00000
       arg1 =       0.500000       1.00000       1.50000       2.00000       2.50000       3.00000       3.50000       4.00000       4.50000       5.00000
      0.632455      0.400000      0.252982      0.160000      0.101193     0.0640000     0.0404772     0.0256000     0.0161909     0.0102400
  arg2 =     0.500000
       arg1 =       0.500000       1.00000       1.50000       2.00000       2.50000       3.00000       3.50000       4.00000       4.50000       5.00000
      0.435906      0.225403      0.124027     0.0704840     0.0408594     0.0240082     0.0142458    0.00851626    0.00512107    0.00309409
  arg2 =      0.00000
       arg1 =       0.500000       1.00000       1.50000       2.00000       2.50000       3.00000       3.50000       4.00000       4.50000       5.00000
       0.00000       0.00000       0.00000       0.00000       0.00000       0.00000       0.00000       0.00000       0.00000       0.00000

  arg3 =     0.450000
  arg2 =      4.50000
       arg1 =       0.500000       1.00000       1.50000       2.00000       2.50000       3.00000       3.50000       4.00000       4.50000       5.00000
      0.976144      0.932137      0.870155      0.794715      0.711171      0.624655      0.539469      0.458846      0.384937      0.318945
  arg2 =      4.00000
       arg1 =       0.500000       1.00000       1.50000       2.00000       2.50000       3.00000       3.50000       4.00000       4.50000       5.00000
      0.966270      0.908494      0.831992      0.743782      0.650716      0.558482      0.471254      0.391712      0.321274      0.260381
  arg2 =      3.50000
       arg1 =       0.500000       1.00000       1.50000       2.00000       2.50000       3.00000       3.50000       4.00000       4.50000       5.00000
      0.952055      0.876613      0.783437      0.682278      0.581094      0.485515      0.398986      0.323185      0.258502      0.204481
  arg2 =      3.00000
       arg1 =       0.500000       1.00000       1.50000       2.00000       2.50000       3.00000       3.50000       4.00000       4.50000       5.00000
      0.931392      0.833625      0.722128      0.609019      0.502400      0.406873      0.324420      0.255264      0.198563      0.152928
  arg2 =      2.50000
       arg1 =       0.500000       1.00000       1.50000       2.00000       2.50000       3.00000       3.50000       4.00000       4.50000       5.00000
      0.900959      0.775660      0.645476      0.523278      0.415541      0.324526      0.249988      0.190369      0.143561      0.107360
  arg2 =      2.00000
       arg1 =       0.500000       1.00000       1.50000       2.00000       2.50000       3.00000       3.50000       4.00000       4.50000       5.00000
      0.855296      0.697500      0.550911      0.425250      0.322623      0.241481      0.178801      0.131220     0.0955897     0.0691980
  arg2 =      1.50000
       arg1 =       0.500000       1.00000       1.50000       2.00000       2.50000       3.00000       3.50000       4.00000       4.50000       5.00000
      0.784830      0.592109      0.436444      0.316783      0.227413      0.161912      0.114536     0.0806043     0.0564848     0.0394425
  arg2 =      1.00000
       arg1 =       0.500000       1.00000       1.50000       2.00000       2.50000       3.00000       3.50000       4.00000       4.50000       5.00000
      0.670820      0.450000      0.301869      0.202500      0.135841     0.0911250     0.0611285     0.0410062     0.0275078     0.0184528
  arg2 =     0.500000
       arg1 =       0.500000       1.00000       1.50000       2.00000       2.50000       3.00000       3.50000       4.00000       4.50000       5.00000
      0.468116      0.258380      0.151401     0.0915157     0.0563871     0.0351989     0.0221819     0.0140802    0.00898852    0.00576462
  arg2 =      0.00000
       arg1 =       0.500000       1.00000       1.50000       2.00000       2.50000       3.00000       3.50000       4.00000       4.50000       5.00000
       0.00000       0.00000       0.00000       0.00000       0.00000       0.00000       0.00000       0.00000       0.00000       0.00000

  arg3 =     0.500000
  arg2 =      4.50000
       arg1 =       0.500000       1.00000       1.50000       2.00000       2.50000       3.00000       3.50000       4.00000       4.50000       5.00000
      0.985044      0.955806      0.912287      0.856369      0.791026      0.719643      0.645513      0.571524      0.500001      0.432661
  arg2 =      4.00000
       arg1 =       0.500000       1.00000       1.50000       2.00000       2.50000       3.00000       3.50000       4.00000       4.50000       5.00000
      0.977796      0.937500      0.881121      0.812500      0.736109      0.656250      0.576596      0.500000      0.428476      0.363281
  arg2 =      3.50000
       arg1 =       0.500000       1.00000       1.50000       2.00000       2.50000       3.00000       3.50000       4.00000       4.50000       5.00000
      0.966855      0.911612      0.839531      0.756932      0.669765      0.582917      0.500000      0.423404      0.354487      0.293799
  arg2 =      3.00000
       arg1 =       0.500000       1.00000       1.50000       2.00000       2.50000       3.00000       3.50000       4.00000       4.50000       5.00000
      0.950175      0.875000      0.784447      0.687500      0.591097      0.500000      0.417083      0.343750      0.280357      0.226563
  arg2 =      2.50000
       arg1 =       0.500000       1.00000       1.50000       2.00000       2.50000       3.00000       3.50000       4.00000       4.50000       5.00000
      0.924413      0.823223      0.712206      0.602252      0.500000      0.408903      0.330235      0.263891      0.208974      0.164195
  arg2 =      2.00000
       arg1 =       0.500000       1.00000       1.50000       2.00000       2.50000       3.00000       3.50000       4.00000       4.50000       5.00000
      0.883883      0.750000      0.618718      0.500000      0.397748      0.312500      0.243068      0.187500      0.143631      0.109375
  arg2 =      1.50000
       arg1 =       0.500000       1.00000       1.50000       2.00000       2.50000       3.00000       3.50000       4.00000       4.50000       5.00000
      0.818310      0.646447      0.500000      0.381282      0.287794      0.215553      0.160469      0.118879     0.0877129     0.0644991
  arg2 =      1.00000
       arg1 =       0.500000       1.00000       1.50000       2.00000       2.50000       3.00000       3.50000       4.00000       4.50000       5.00000
      0.707107      0.500000      0.353553      0.250000      0.176777      0.125000     0.0883884     0.0625000     0.0441942     0.0312500
  arg2 =     0.500000
       arg1 =       0.500000       1.00000       1.50000       2.00000       2.50000       3.00000       3.50000       4.00000       4.50000       5.00000
      0.500000      0.292893      0.181690      0.116117     0.0755868     0.0498253     0.0331455     0.0222039     0.0149564     0.0101196
  arg2 =      0.00000
       arg1 =       0.500000       1.00000       1.50000       2.00000       2.50000       3.00000       3.50000       4.00000       4.50000       5.00000
       0.00000       0.00000       0.00000       0.00000       0.00000       0.00000       0.00000       0.00000       0.00000       0.00000

  arg3 =     0.550000
  arg2 =      4.50000
       arg1 =       0.500000       1.00000       1.50000       2.00000       2.50000       3.00000       3.50000       4.00000       4.50000       5.00000
      0.991012      0.972492      0.943515      0.904410      0.856439      0.801437      0.741498      0.678726      0.615063      0.552181
  arg2 =      4.00000
       arg1 =       0.500000       1.00000       1.50000       2.00000       2.50000       3.00000       3.50000       4.00000       4.50000       5.00000
      0.985920      0.958994      0.919396      0.868780      0.809631      0.744736      0.676815      0.608288      0.541154      0.476956
  arg2 =      3.50000
       arg1 =       0.500000       1.00000       1.50000       2.00000       2.50000       3.00000       3.50000       4.00000       4.50000       5.00000
      0.977818      0.938872      0.885464      0.821199      0.750012      0.675580      0.601014      0.528746      0.460531      0.397514
  arg2 =      3.00000
       arg1 =       0.500000       1.00000       1.50000       2.00000       2.50000       3.00000       3.50000       4.00000       4.50000       5.00000
      0.964801      0.908875      0.838088      0.758519      0.675474      0.593127      0.514485      0.441518      0.375345      0.316440
  arg2 =      2.50000
       arg1 =       0.500000       1.00000       1.50000       2.00000       2.50000       3.00000       3.50000       4.00000       4.50000       5.00000
      0.943613      0.864159      0.772587      0.677377      0.584459      0.497600      0.418906      0.349284      0.288829      0.237120
  arg2 =      2.00000
       arg1 =       0.500000       1.00000       1.50000       2.00000       2.50000       3.00000       3.50000       4.00000       4.50000       5.00000
      0.908484      0.797500      0.683217      0.574750      0.476722      0.390981      0.317722      0.256218      0.205285      0.163568
  arg2 =      1.50000
       arg1 =       0.500000       1.00000       1.50000       2.00000       2.50000       3.00000       3.50000       4.00000       4.50000       5.00000
      0.848599      0.698131      0.563556      0.449089      0.354524      0.277872      0.216564      0.168008      0.129845      0.100030
  arg2 =      1.00000
       arg1 =       0.500000       1.00000       1.50000       2.00000       2.50000       3.00000       3.50000       4.00000       4.50000       5.00000
      0.741620      0.550000      0.407891      0.302500      0.224340      0.166375      0.123387     0.0915063     0.0678628     0.0503285
  arg2 =     0.500000
       arg1 =       0.500000       1.00000       1.50000       2.00000       2.50000       3.00000       3.50000       4.00000       4.50000       5.00000
      0.531884      0.329180      0.215170      0.144704     0.0990414     0.0686078     0.0479448     0.0337304     0.0238564     0.0169456
  arg2 =      0.00000
       arg1 =       0.500000       1.00000       1.50000       2.00000       2.50000       3.00000       3.50000       4.00000       4.50000       5.00000
       0.00000       0.00000       0.00000       0.00000       0.00000       0.00000       0.00000       0.00000       0.00000       0.00000

  arg3 =     0.600000
  arg2 =      4.50000
       arg1 =       0.500000       1.00000       1.50000       2.00000       2.50000       3.00000       3.50000       4.00000       4.50000       5.00000
      0.994879      0.983809      0.965680      0.940094      0.907282      0.867964      0.823189      0.774194      0.722277      0.668704
  arg2 =      4.00000
       arg1 =       0.500000       1.00000       1.50000       2.00000       2.50000       3.00000       3.50000       4.00000       4.50000       5.00000
      0.991484      0.974400      0.948106      0.912960      0.870027      0.820800      0.766962      0.710208      0.652119      0.594086
  arg2 =      3.50000
       arg1 =       0.500000       1.00000       1.50000       2.00000       2.50000       3.00000       3.50000       4.00000       4.50000       5.00000
      0.985754      0.959523      0.921881      0.874521      0.819685      0.759768      0.697049      0.633540      0.570910      0.510468
  arg2 =      3.00000
       arg1 =       0.500000       1.00000       1.50000       2.00000       2.50000       3.00000       3.50000       4.00000       4.50000       5.00000
      0.975992      0.936000      0.883040      0.820800      0.752908      0.682560      0.612365      0.544320      0.479854      0.419904
  arg2 =      2.50000
       arg1 =       0.500000       1.00000       1.50000       2.00000       2.50000       3.00000       3.50000       4.00000       4.50000       5.00000
      0.959141      0.898807      0.826072      0.747018      0.666391      0.587639      0.513096      0.444198      0.381701      0.325859
  arg2 =      2.00000
       arg1 =       0.500000       1.00000       1.50000       2.00000       2.50000       3.00000       3.50000       4.00000       4.50000       5.00000
      0.929516      0.840000      0.743613      0.648000      0.557710      0.475200      0.401551      0.336960      0.281086      0.233280
  arg2 =      1.50000
       arg1 =       0.500000       1.00000       1.50000       2.00000       2.50000       3.00000       3.50000       4.00000       4.50000       5.00000
      0.875973      0.747018      0.626470      0.519334      0.426868      0.348571      0.283154      0.229037      0.184607      0.148351
  arg2 =      1.00000
       arg1 =       0.500000       1.00000       1.50000       2.00000       2.50000       3.00000       3.50000       4.00000       4.50000       5.00000
      0.774597      0.600000      0.464758      0.360000      0.278855      0.216000      0.167313      0.129600      0.100388     0.0777600
  arg2 =     0.500000
       arg1 =       0.500000       1.00000       1.50000       2.00000       2.50000       3.00000       3.50000       4.00000       4.50000       5.00000
      0.564094      0.367545      0.252215      0.177808      0.127464     0.0924263     0.0675833     0.0497356     0.0367875     0.0273229
  arg2 =      0.00000
       arg1 =       0.500000       1.00000       1.50000       2.00000       2.50000       3.00000       3.50000       4.00000       4.50000       5.00000
          -nan       0.00000       0.00000       0.00000       0.00000       0.00000       0.00000       0.00000       0.00000       0.00000

  arg3 =     0.650000
  arg2 =      4.50000
       arg1 =       0.500000       1.00000       1.50000       2.00000       2.50000       3.00000       3.50000       4.00000       4.50000       5.00000
      0.997276      0.991122      0.980612      0.965155      0.944506      0.918737      0.888181      0.853367      0.814959      0.773696
  arg2 =      4.00000
       arg1 =       0.500000       1.00000       1.50000       2.00000       2.50000       3.00000       3.50000       4.00000       4.50000       5.00000
      0.995153      0.984994      0.968688      0.945978      0.917081      0.882576      0.843282      0.800154      0.754197      0.706400
  arg2 =      3.50000
       arg1 =       0.500000       1.00000       1.50000       2.00000       2.50000       3.00000       3.50000       4.00000       4.50000       5.00000
      0.991325      0.974635      0.949664      0.916929      0.877452      0.832534      0.783577      0.731964      0.678974      0.625737
  arg2 =      3.00000
       arg1 =       0.500000       1.00000       1.50000       2.00000       2.50000       3.00000       3.50000       4.00000       4.50000       5.00000
      0.984351      0.957125      0.919538      0.873519      0.821239      0.764831      0.706228      0.647085      0.588753      0.532283
  arg2 =      2.50000
       arg1 =       0.500000       1.00000       1.50000       2.00000       2.50000       3.00000       3.50000       4.00000       4.50000       5.00000
      0.971486      0.927528      0.872294      0.809761      0.743345      0.675801      0.609238      0.545190      0.484710      0.428457
  arg2 =      2.00000
       arg1 =       0.500000       1.00000       1.50000       2.00000       2.50000       3.00000       3.50000       4.00000       4.50000       5.00000
      0.947315      0.877500      0.799171      0.718250      0.638682      0.562981      0.492637      0.428415      0.370585      0.319080
  arg2 =      1.50000
       arg1 =       0.500000       1.00000       1.50000       2.00000       2.50000       3.00000       3.50000       4.00000       4.50000       5.00000
      0.900635      0.792937      0.688081      0.591051      0.503868      0.427018      0.360181      0.302627      0.253443      0.211666
  arg2 =      1.00000
       arg1 =       0.500000       1.00000       1.50000       2.00000       2.50000       3.00000       3.50000       4.00000       4.50000       5.00000
      0.806226      0.650000      0.524047      0.422500      0.340630      0.274625      0.221410      0.178506      0.143916      0.116029
  arg2 =     0.500000
       arg1 =       0.500000       1.00000       1.50000       2.00000       2.50000       3.00000       3.50000       4.00000       4.50000       5.00000
      0.596987      0.408392      0.293338      0.216119      0.161758      0.122386     0.0933354     0.0716145     0.0552145     0.0427380
  arg2 =      0.00000
       arg1 =       0.500000       1.00000       1.50000       2.00000       2.50000       3.00000       3.50000       4.00000       4.50000       5.00000
          -nan       0.00000       0.00000       0.00000       0.00000       0.00000       0.00000       0.00000       0.00000       0.00000

  arg3 =     0.700000
  arg2 =      4.50000
       arg1 =       0.500000       1.00000       1.50000       2.00000       2.50000       3.00000       3.50000       4.00000       4.50000       5.00000
      0.998677      0.995563      0.990035      0.981588      0.969870      0.954686      0.935993      0.913885      0.888566      0.860333
  arg2 =      4.00000
       arg1 =       0.500000       1.00000       1.50000       2.00000       2.50000       3.00000       3.50000       4.00000       4.50000       5.00000
      0.997456      0.991900      0.982631      0.969220      0.951499      0.929530      0.903557      0.873964      0.841231      0.805896
  arg2 =      3.50000
       arg1 =       0.500000       1.00000       1.50000       2.00000       2.50000       3.00000       3.50000       4.00000       4.50000       5.00000
      0.995076      0.985211      0.969870      0.948980      0.922819      0.891915      0.856947      0.818681      0.777902      0.735378
  arg2 =      3.00000
       arg1 =       0.500000       1.00000       1.50000       2.00000       2.50000       3.00000       3.50000       4.00000       4.50000       5.00000
      0.990396      0.973000      0.948040      0.916300      0.878859      0.836920      0.791691      0.744310      0.695805      0.647069
  arg2 =      2.50000
       arg1 =       0.500000       1.00000       1.50000       2.00000       2.50000       3.00000       3.50000       4.00000       4.50000       5.00000
      0.981073      0.950705      0.911056      0.864439      0.813033      0.758762      0.703247      0.647802      0.593461      0.541004
  arg2 =      2.00000
       arg1 =       0.500000       1.00000       1.50000       2.00000       2.50000       3.00000       3.50000       4.00000       4.50000       5.00000
      0.962159      0.910000      0.849210      0.784000      0.717436      0.651700      0.588298      0.528220      0.472073      0.420175
  arg2 =      1.50000
       arg1 =       0.500000       1.00000       1.50000       2.00000       2.50000       3.00000       3.50000       4.00000       4.50000       5.00000
      0.922726      0.835683      0.747684      0.663151      0.584312      0.512185      0.447080      0.388896      0.337294      0.291805
  arg2 =      1.00000
       arg1 =       0.500000       1.00000       1.50000       2.00000       2.50000       3.00000       3.50000       4.00000       4.50000       5.00000
      0.836660      0.700000      0.585662      0.490000      0.409963      0.343000      0.286974      0.240100      0.200882      0.168070
  arg2 =     0.500000
       arg1 =       0.500000       1.00000       1.50000       2.00000       2.50000       3.00000       3.50000       4.00000       4.50000       5.00000
      0.630990      0.452277      0.339254      0.260575      0.203111      0.159931      0.126870      0.101222     0.0811262     0.0652622
  arg2 =      0.00000
       arg1 =       0.500000       1.00000       1.50000       2.00000       2.50000       3.00000       3.50000       4.00000       4.50000       5.00000
          -nan          -nan       0.00000       0.00000       0.00000       0.00000       0.00000       0.00000       0.00000       0.00000

  arg3 =     0.750000
  arg2 =      4.50000
       arg1 =       0.500000       1.00000       1.50000       2.00000       2.50000       3.00000       3.50000       4.00000       4.50000       5.00000
      0.999433      0.998047      0.995495      0.991455      0.985650      0.977859      0.967929      0.955767      0.941347      0.924699
  arg2 =      4.00000
       arg1 =       0.500000       1.00000       1.50000       2.00000       2.50000       3.00000       3.50000       4.00000       4.50000       5.00000
      0.998805      0.996094      0.991405      0.984375      0.974754      0.962402      0.947281      0.929443      0.909016      0.886185
  arg2 =      3.50000
       arg1 =       0.500000       1.00000       1.50000       2.00000       2.50000       3.00000       3.50000       4.00000       4.50000       5.00000
      0.997464      0.992188      0.983681      0.971680      0.956114      0.937073      0.914765      0.889488      0.861601      0.831495
  arg2 =      3.00000
       arg1 =       0.500000       1.00000       1.50000       2.00000       2.50000       3.00000       3.50000       4.00000       4.50000       5.00000
      0.994576      0.984375      0.969204      0.949219      0.924803      0.896484      0.864863      0.830566      0.794218      0.756409
  arg2 =      2.50000
       arg1 =       0.500000       1.00000       1.50000       2.00000       2.50000       3.00000       3.50000       4.00000       4.50000       5.00000
      0.988275      0.968750      0.942331      0.910156      0.873415      0.833252      0.790716      0.746735      0.702109      0.657514
  arg2 =      2.00000
       arg1 =       0.500000       1.00000       1.50000       2.00000       2.50000       3.00000       3.50000       4.00000       4.50000       5.00000
      0.974279      0.937500      0.893089      0.843750      0.791601      0.738281      0.685040      0.632812      0.582284      0.533936
  arg2 =      1.50000
       arg1 =       0.500000       1.00000       1.50000       2.00000       2.50000       3.00000       3.50000       4.00000       4.50000       5.00000
      0.942331      0.875000      0.804499      0.734375      0.666667      0.602539      0.542618      0.487183      0.436290      0.389851
  arg2 =      1.00000
       arg1 =       0.500000       1.00000       1.50000       2.00000       2.50000       3.00000       3.50000       4.00000       4.50000       5.00000
      0.866025      0.750000      0.649519      0.562500      0.487139      0.421875      0.365354      0.316406      0.274016      0.237305
  arg2 =     0.500000
       arg1 =       0.500000       1.00000       1.50000       2.00000       2.50000       3.00000       3.50000       4.00000       4.50000       5.00000
      0.666667      0.500000      0.391002      0.312500      0.253170      0.207031      0.170471      0.141113      0.117307     0.0978546
  arg2 =      0.00000
       arg1 =       0.500000       1.00000       1.50000       2.00000       2.50000       3.00000       3.50000       4.00000       4.50000       5.00000
          -nan          -nan          -nan          -nan       0.00000       0.00000       0.00000       0.00000       0.00000       0.00000

  arg3 =     0.800000
  arg2 =      4.50000
       arg1 =       0.500000       1.00000       1.50000       2.00000       2.50000       3.00000       3.50000       4.00000       4.50000       5.00000
      0.999798      0.999284      0.998307      0.996709      0.994334      0.991041      0.986705      0.981218      0.974498      0.966484
  arg2 =      4.00000
       arg1 =       0.500000       1.00000       1.50000       2.00000       2.50000       3.00000       3.50000       4.00000       4.50000       5.00000
      0.999522      0.998400      0.996392      0.993280      0.988879      0.983040      0.975655      0.966656      0.956010      0.943718
  arg2 =      3.50000
       arg1 =       0.500000       1.00000       1.50000       2.00000       2.50000       3.00000       3.50000       4.00000       4.50000       5.00000
      0.998866      0.996422      0.992347      0.986405      0.978440      0.968373      0.956189      0.941927      0.925672      0.907546
  arg2 =      3.00000
       arg1 =       0.500000       1.00000       1.50000       2.00000       2.50000       3.00000       3.50000       4.00000       4.50000       5.00000
      0.997286      0.992000      0.983870      0.972800      0.958826      0.942080      0.922763      0.901120      0.877426      0.851968
  arg2 =      2.50000
       arg1 =       0.500000       1.00000       1.50000       2.00000       2.50000       3.00000       3.50000       4.00000       4.50000       5.00000
      0.993434      0.982111      0.966271      0.946334      0.922811      0.896246      0.867183      0.836141      0.803607      0.770025
  arg2 =      2.00000
       arg1 =       0.500000       1.00000       1.50000       2.00000       2.50000       3.00000       3.50000       4.00000       4.50000       5.00000
      0.983870      0.960000      0.930204      0.896000      0.858650      0.819200      0.778509      0.737280      0.696079      0.655360
  arg2 =      1.50000
       arg1 =       0.500000       1.00000       1.50000       2.00000       2.50000       3.00000       3.50000       4.00000       4.50000       5.00000
      0.959481      0.910557      0.857621      0.803226      0.748972      0.695895      0.644668      0.595719      0.549305      0.505561
  arg2 =      1.00000
       arg1 =       0.500000       1.00000       1.50000       2.00000       2.50000       3.00000       3.50000       4.00000       4.50000       5.00000
      0.894427      0.800000      0.715542      0.640000      0.572433      0.512000      0.457947      0.409600      0.366358      0.327680
  arg2 =     0.500000
       arg1 =       0.500000       1.00000       1.50000       2.00000       2.50000       3.00000       3.50000       4.00000       4.50000       5.00000
      0.704833      0.552786      0.450185      0.373901      0.314373      0.266570      0.227453      0.195016      0.167851      0.144928
  arg2 =      0.00000
       arg1 =       0.500000       1.00000       1.50000       2.00000       2.50000       3.00000       3.50000       4.00000       4.50000       5.00000
          -nan          -nan          -nan          -nan          -nan          -nan       0.00000       0.00000       0.00000       0.00000

  arg3 =     0.850000
  arg2 =      4.50000
       arg1 =       0.500000       1.00000       1.50000       2.00000       2.50000       3.00000       3.50000       4.00000       4.50000       5.00000
      0.999946      0.999804      0.999525      0.999054      0.998333      0.997301      0.995900      0.994072      0.991765      0.988927
  arg2 =      4.00000
       arg1 =       0.500000       1.00000       1.50000       2.00000       2.50000       3.00000       3.50000       4.00000       4.50000       5.00000
      0.999852      0.999494      0.998831      0.997773      0.996228      0.994115      0.991359      0.987897      0.983674      0.978648
  arg2 =      3.50000
       arg1 =       0.500000       1.00000       1.50000       2.00000       2.50000       3.00000       3.50000       4.00000       4.50000       5.00000
      0.999595      0.998693      0.997140      0.994804      0.991575      0.987367      0.982115      0.975777      0.968331      0.959769
  arg2 =      3.00000
       arg1 =       0.500000       1.00000       1.50000       2.00000       2.50000       3.00000       3.50000       4.00000       4.50000       5.00000
      0.998880      0.996625      0.993046      0.988019      0.981475      0.973388      0.963771      0.952661      0.940123      0.926235
  arg2 =      2.50000
       arg1 =       0.500000       1.00000       1.50000       2.00000       2.50000       3.00000       3.50000       4.00000       4.50000       5.00000
      0.996867      0.991286      0.983228      0.972768      0.960042      0.945223      0.928508      0.910103      0.890217      0.869057
  arg2 =      2.00000
       arg1 =       0.500000       1.00000       1.50000       2.00000       2.50000       3.00000       3.50000       4.00000       4.50000       5.00000
      0.991101      0.977500      0.959985      0.939250      0.915904      0.890481      0.863448      0.835210      0.806121      0.776484
  arg2 =      1.50000
       arg1 =       0.500000       1.00000       1.50000       2.00000       2.50000       3.00000       3.50000       4.00000       4.50000       5.00000
      0.974135      0.941905      0.905940      0.867835      0.828651      0.789134      0.749817      0.711090      0.673236      0.636460
  arg2 =      1.00000
       arg1 =       0.500000       1.00000       1.50000       2.00000       2.50000       3.00000       3.50000       4.00000       4.50000       5.00000
      0.921954      0.850000      0.783661      0.722500      0.666112      0.614125      0.566195      0.522006      0.481266      0.443705
  arg2 =     0.500000
       arg1 =       0.500000       1.00000       1.50000       2.00000       2.50000       3.00000       3.50000       4.00000       4.50000       5.00000
      0.746817      0.612702      0.519498      0.448100      0.390684      0.343166      0.303090      0.268838      0.239273      0.213557
  arg2 =      0.00000
       arg1 =       0.500000       1.00000       1.50000       2.00000       2.50000       3.00000       3.50000       4.00000       4.50000       5.00000
          -nan          -nan          -nan          -nan          -nan          -nan          -nan          -nan          -nan       0.00000

  arg3 =     0.900000
  arg2 =      4.50000
       arg1 =       0.500000       1.00000       1.50000       2.00000       2.50000       3.00000       3.50000       4.00000       4.50000       5.00000
      0.999991      0.999968      0.999922      0.999840      0.999712      0.999523      0.999259      0.998905      0.998445      0.997862
  arg2 =      4.00000
       arg1 =       0.500000       1.00000       1.50000       2.00000       2.50000       3.00000       3.50000       4.00000       4.50000       5.00000
      0.999972      0.999900      0.999764      0.999540      0.999204      0.998730      0.998094      0.997272      0.996240      0.994976
  arg2 =      3.50000
       arg1 =       0.500000       1.00000       1.50000       2.00000       2.50000       3.00000       3.50000       4.00000       4.50000       5.00000
      0.999904      0.999684      0.999293      0.998688      0.997826      0.996670      0.995186      0.993342      0.991113      0.988475
  arg2 =      3.00000
       arg1 =       0.500000       1.00000       1.50000       2.00000       2.50000       3.00000       3.50000       4.00000       4.50000       5.00000
      0.999675      0.999000      0.997896      0.996300      0.994161      0.991440      0.988109      0.984150      0.979551      0.974308
  arg2 =      2.50000
       arg1 =       0.500000       1.00000       1.50000       2.00000       2.50000       3.00000       3.50000       4.00000       4.50000       5.00000
      0.998886      0.996838      0.993793      0.989723      0.984625      0.978516      0.971424      0.963388      0.954452      0.944666
  arg2 =      2.00000
       arg1 =       0.500000       1.00000       1.50000       2.00000       2.50000       3.00000       3.50000       4.00000       4.50000       5.00000
      0.996117      0.990000      0.981887      0.972000      0.960542      0.947700      0.933647      0.918540      0.902525      0.885735
  arg2 =      1.50000
       arg1 =       0.500000       1.00000       1.50000       2.00000       2.50000       3.00000       3.50000       4.00000       4.50000       5.00000
      0.986153      0.968377      0.947956      0.925686      0.902119      0.877659      0.852616      0.827231      0.801698      0.776172
  arg2 =      1.00000
       arg1 =       0.500000       1.00000       1.50000       2.00000       2.50000       3.00000       3.50000       4.00000       4.50000       5.00000
      0.948683      0.900000      0.853815      0.810000      0.768433      0.729000      0.691590      0.656100      0.622431      0.590490
  arg2 =     0.500000
       arg1 =       0.500000       1.00000       1.50000       2.00000       2.50000       3.00000       3.50000       4.00000       4.50000       5.00000
      0.795167      0.683772      0.604181      0.541470      0.489590      0.445416      0.407084      0.373375      0.343436      0.316643
  arg2 =      0.00000
       arg1 =       0.500000       1.00000       1.50000       2.00000       2.50000       3.00000       3.50000       4.00000       4.50000       5.00000
          -nan          -nan          -nan          -nan          -nan          -nan          -nan          -nan          -nan          -nan

  arg3 =     0.950000
  arg2 =      4.50000
       arg1 =       0.500000       1.00000       1.50000       2.00000       2.50000       3.00000       3.50000       4.00000       4.50000       5.00000
       1.00000      0.999999      0.999996      0.999993      0.999986      0.999977      0.999964      0.999945      0.999920      0.999888
  arg2 =      4.00000
       arg1 =       0.500000       1.00000       1.50000       2.00000       2.50000       3.00000       3.50000       4.00000       4.50000       5.00000
      0.999998      0.999994      0.999985      0.999970      0.999947      0.999914      0.999868      0.999806      0.999728      0.999628
  arg2 =      3.50000
       arg1 =       0.500000       1.00000       1.50000       2.00000       2.50000       3.00000       3.50000       4.00000       4.50000       5.00000
      0.999992      0.999972      0.999936      0.999879      0.999796      0.999680      0.999528      0.999334      0.999093      0.998800
  arg2 =      3.00000
       arg1 =       0.500000       1.00000       1.50000       2.00000       2.50000       3.00000       3.50000       4.00000       4.50000       5.00000
      0.999960      0.999875      0.999732      0.999519      0.999225      0.998842      0.998359      0.997770      0.997067      0.996243
  arg2 =      2.50000
       arg1 =       0.500000       1.00000       1.50000       2.00000       2.50000       3.00000       3.50000       4.00000       4.50000       5.00000
      0.999807      0.999441      0.998882      0.998113      0.997124      0.995906      0.994453      0.992761      0.990827      0.988652
  arg2 =      2.00000
       arg1 =       0.500000       1.00000       1.50000       2.00000       2.50000       3.00000       3.50000       4.00000       4.50000       5.00000
      0.999046      0.997500      0.995391      0.992750      0.989604      0.985981      0.981907      0.977408      0.972506      0.967226
  arg2 =      1.50000
       arg1 =       0.500000       1.00000       1.50000       2.00000       2.50000       3.00000       3.50000       4.00000       4.50000       5.00000
      0.995182      0.988820      0.981307      0.972888      0.963732      0.953968      0.943697      0.933000      0.921944      0.910589
  arg2 =      1.00000
       arg1 =       0.500000       1.00000       1.50000       2.00000       2.50000       3.00000       3.50000       4.00000       4.50000       5.00000
      0.974679      0.950000      0.925945      0.902500      0.879648      0.857375      0.835666      0.814506      0.793883      0.773781
  arg2 =     0.500000
       arg1 =       0.500000       1.00000       1.50000       2.00000       2.50000       3.00000       3.50000       4.00000       4.50000       5.00000
      0.856434      0.776393      0.717686      0.670180      0.629812      0.594503      0.563028      0.534592      0.508647      0.484791
  arg2 =      0.00000
       arg1 =       0.500000       1.00000       1.50000       2.00000       2.50000       3.00000       3.50000       4.00000       4.50000       5.00000
          -nan          -nan          -nan          -nan          -nan          -nan          -nan          -nan          -nan          -nan

