      -9.87500000000000000      -5.24478880600350212
      -9.37500000000000000       3.59162936947868347
      -8.87500000000000000      -5.34604462977571478
      -8.37500000000000000       3.48497270187460470
      -7.87500000000000000      -5.45871068700116417
      -7.37500000000000000       3.36557971596254799
      -6.87500000000000000      -5.58568481477272915
      -6.37500000000000000       3.22999649488611930
      -5.87500000000000000      -5.73112936091472733
      -5.37500000000000000       3.07314374915062073
      -4.87500000000000000      -5.90133212745963962
      -4.37500000000000000       2.88710723698524266
      -3.87500000000000000      -6.10645033307532098
      -3.37500000000000000       2.65854580797633321
      -2.87500000000000000      -6.36450484959183823
      -2.37500000000000000       2.36225951134254832
      -1.87500000000000000      -6.71232093683585169
      -1.37500000000000000       1.94121687952610659
     -0.875000000000000000      -7.24564427035668151
     -0.375000000000000000       1.21395415211588120
      0.125000000000000000      -8.38848391330132371
      0.625000000000000000      -1.45270501458828530
       1.12500000000000000     -0.388493913288823651
       1.62500000000000000      0.147284985474214301
       2.12500000000000000      0.500384975712563977
       2.62500000000000000      0.762659601021327048
       3.12500000000000000      0.970963211219177111
       3.62500000000000000       1.14360198223620111
       4.12500000000000000       1.29095321153166733
       4.62500000000000000       1.41945405156420519
       5.12500000000000000       1.53336745436839275
       5.62500000000000000       1.63566026824290004
       6.12500000000000000       1.72847940610037869
       6.62500000000000000       1.81342804658314617
       7.12500000000000000       1.89173471283529015
       7.62500000000000000       1.96436144347201740
       8.12500000000000000       2.03207559074072182
       8.62500000000000000       2.09549898521806580
       9.12500000000000000       2.15514251463007890
       9.62500000000000000       2.21143101506599865
       10.1250000000000000       2.26472155663838606
