      -1.00000       1.00000
     -0.980000       1.05009
     -0.960000       1.08655
     -0.940000       1.11792
     -0.920000       1.14602
     -0.900000       1.17170
     -0.880000       1.19544
     -0.860000       1.21757
     -0.840000       1.23833
     -0.820000       1.25788
     -0.800000       1.27635
     -0.780000       1.29385
     -0.760000       1.31047
     -0.740000       1.32628
     -0.720000       1.34132
     -0.700000       1.35566
     -0.680000       1.36934
     -0.660000       1.38239
     -0.640000       1.39484
     -0.620000       1.40673
     -0.600000       1.41808
     -0.580000       1.42892
     -0.560000       1.43926
     -0.540000       1.44911
     -0.520000       1.45851
     -0.500000       1.46746
     -0.480000       1.47598
     -0.460000       1.48407
     -0.440000       1.49176
     -0.420000       1.49905
     -0.400000       1.50594
     -0.380000       1.51245
     -0.360000       1.51859
     -0.340000       1.52437
     -0.320000       1.52978
     -0.300000       1.53483
     -0.280000       1.53954
     -0.260000       1.54390
     -0.240000       1.54793
     -0.220000       1.55161
     -0.200000       1.55497
     -0.180000       1.55799
     -0.160000       1.56069
     -0.140000       1.56307
     -0.120000       1.56513
     -0.100000       1.56686
    -0.0800000       1.56828
    -0.0600000       1.56938
    -0.0400000       1.57017
    -0.0200000       1.57064
       0.00000       1.57080
     0.0200000       1.57064
     0.0400000       1.57017
     0.0599999       1.56938
     0.0800000       1.56828
      0.100000       1.56686
      0.120000       1.56513
      0.140000       1.56307
      0.160000       1.56069
      0.180000       1.55799
      0.200000       1.55497
      0.220000       1.55161
      0.240000       1.54793
      0.260000       1.54390
      0.280000       1.53954
      0.300000       1.53483
      0.320000       1.52978
      0.340000       1.52437
      0.360000       1.51859
      0.380000       1.51245
      0.400000       1.50594
      0.420000       1.49905
      0.440000       1.49176
      0.460000       1.48407
      0.480000       1.47598
      0.500000       1.46746
      0.520000       1.45851
      0.540000       1.44911
      0.560000       1.43926
      0.580000       1.42892
      0.600000       1.41808
      0.620000       1.40673
      0.640000       1.39484
      0.660000       1.38239
      0.680000       1.36934
      0.700000       1.35566
      0.720000       1.34132
      0.740000       1.32628
      0.760000       1.31047
      0.780000       1.29385
      0.800000       1.27635
      0.820000       1.25788
      0.840000       1.23833
      0.860000       1.21757
      0.880000       1.19544
      0.900000       1.17170
      0.920000       1.14602
      0.940000       1.11792
      0.960000       1.08655
      0.980000       1.05009
       1.00000       1.00000
