      -1.00000000000000       1.00000000000000
     -0.980000000000000       1.05009226138934
     -0.960000000000000       1.08654646339873
     -0.940000000000000       1.11792393435938
     -0.920000000000000       1.14602471375755
     -0.900000000000000       1.17169705278161
     -0.880000000000000       1.19543697705597
     -0.860000000000000       1.21756999046145
     -0.840000000000000       1.23832588720842
     -0.820000000000000       1.25787534037984
     -0.800000000000000       1.27634994316991
     -0.780000000000000       1.29385411357509
     -0.760000000000000       1.31047261233318
     -0.740000000000000       1.32627552401715
     -0.720000000000000       1.34132168757089
     -0.700000000000000       1.35566113557195
     -0.680000000000000       1.36933687572665
     -0.660000000000000       1.38238622197135
     -0.640000000000000       1.39484180877679
     -0.620000000000000       1.40673237738060
     -0.600000000000000       1.41808339444872
     -0.580000000000000       1.42891754538654
     -0.560000000000000       1.43925513237247
     -0.540000000000000       1.44911439892784
     -0.520000000000000       1.45851179710668
     -0.500000000000000       1.46746220933943
     -0.480000000000000       1.47597913405589
     -0.460000000000000       1.48407484209108
     -0.440000000000000       1.49176050930897
     -0.420000000000000       1.49904632970522
     -0.400000000000000       1.50594161236004
     -0.380000000000000       1.51245486493197
     -0.360000000000000       1.51859386585637
     -0.340000000000000       1.52436572700190
     -0.320000000000000       1.52977694821472
     -0.300000000000000       1.53483346492325
     -0.280000000000000       1.53954068977126
     -0.260000000000000       1.54390354908129
     -0.240000000000000       1.54792651481616
     -0.220000000000000       1.55161363259661
     -0.200000000000000       1.55496854624253
     -0.180000000000000       1.55799451923044
     -0.160000000000000       1.56069445339735
     -0.140000000000000       1.56307090516842
     -0.120000000000000       1.56512609954127
     -0.100000000000000       1.56686194202167
    -0.0800000000000000       1.56828002867234
    -0.0600000000000001       1.56938165440780
    -0.0400000000000000       1.57016781964285
    -0.0200000000000000       1.57063923537928
       0.00000000000000       1.57079632679490
     0.0200000000000000       1.57063923537928
     0.0400000000000000       1.57016781964285
     0.0600000000000001       1.56938165440780
     0.0800000000000001       1.56828002867234
      0.100000000000000       1.56686194202167
      0.120000000000000       1.56512609954127
      0.140000000000000       1.56307090516842
      0.160000000000000       1.56069445339735
      0.180000000000000       1.55799451923044
      0.200000000000000       1.55496854624253
      0.220000000000000       1.55161363259661
      0.240000000000000       1.54792651481616
      0.260000000000000       1.54390354908129
      0.280000000000000       1.53954068977126
      0.300000000000000       1.53483346492325
      0.320000000000000       1.52977694821472
      0.340000000000000       1.52436572700190
      0.360000000000000       1.51859386585637
      0.380000000000000       1.51245486493197
      0.400000000000000       1.50594161236004
      0.420000000000000       1.49904632970522
      0.440000000000000       1.49176050930897
      0.460000000000000       1.48407484209108
      0.480000000000000       1.47597913405589
      0.500000000000000       1.46746220933943
      0.520000000000000       1.45851179710668
      0.540000000000000       1.44911439892784
      0.560000000000000       1.43925513237247
      0.580000000000000       1.42891754538654
      0.600000000000000       1.41808339444872
      0.620000000000000       1.40673237738060
      0.640000000000000       1.39484180877679
      0.660000000000000       1.38238622197135
      0.680000000000000       1.36933687572665
      0.700000000000000       1.35566113557195
      0.720000000000000       1.34132168757089
      0.740000000000000       1.32627552401715
      0.760000000000000       1.31047261233318
      0.780000000000000       1.29385411357509
      0.800000000000000       1.27634994316991
      0.820000000000000       1.25787534037984
      0.840000000000000       1.23832588720842
      0.860000000000000       1.21756999046145
      0.880000000000000       1.19543697705597
      0.900000000000000       1.17169705278161
      0.920000000000000       1.14602471375755
      0.940000000000000       1.11792393435938
      0.960000000000000       1.08654646339873
      0.980000000000000       1.05009226138934
       1.00000000000000       1.00000000000000
