  arg2 =     -10.0000000000000000
                   arg1 =                          0                         1                         2                         3                         4                         5                        10                        20                        50                       100
       1.00000000000000000      -20.0000000000000000       398.000000000000000      -7880.00000000000000       155212.000000000000      -3041200.00000000000       8093278209760.00000   3.65367109708880298e+25   1.35166430498193114e+61  -1.87386892232565891e+115
  arg2 =     -9.80000000000000000
                   arg1 =                          0                         1                         2                         3                         4                         5                        10                        20                        50                       100
       1.00000000000000000      -19.6000000000000000       382.160000000000000      -7411.93600000000000       142980.985600000000      -2743131.82976000000       6545846221520.67206   2.32287690395483757e+25   2.43448148637410187e+60  8.37616766543062623e+113
  arg2 =     -9.60000000000000000
                   arg1 =                          0                         1                         2                         3                         4                         5                        10                        20                        50                       100
       1.00000000000000000      -19.2000000000000000       366.640000000000000      -6962.68800000000000       131483.769600000000      -2468786.87232000000       5268651052510.46898   1.45919718345454336e+25   3.61943129677802374e+59  2.49046261304299972e+113
  arg2 =     -9.40000000000000000
                   arg1 =                          0                         1                         2                         3                         4                         5                        10                        20                        50                       100
       1.00000000000000000      -18.8000000000000000       351.440000000000000      -6531.87200000000000       120690.553600000000      -2216727.43168000000       4219112842239.11262   9.05039412459915151e+24   3.75468819180128874e+58  -5.33742245411418690e+112
  arg2 =     -9.20000000000000000
                   arg1 =                          0                         1                         2                         3                         4                         5                        10                        20                        50                       100
       1.00000000000000000      -18.4000000000000000       336.560000000000000      -6119.10400000000000       110572.153600000000      -1985574.79424000000       3360611490639.09149   5.53765314052021189e+24   5.31632097695300774e+56  2.96860375833927166e+111
  arg2 =     -9.00000000000000000
                   arg1 =                          0                         1                         2                         3                         4                         5                        10                        20                        50                       100
       1.00000000000000000      -18.0000000000000000       322.000000000000000      -5724.00000000000000       101100.000000000000      -1774008.00000000000       2661760648224.00000   3.33953602695241434e+24  -8.05639309023690119e+56  7.72941366830436992e+110
  arg2 =     -8.80000000000000000
                   arg1 =                          0                         1                         2                         3                         4                         5                        10                        20                        50                       100
       1.00000000000000000      -17.6000000000000000       307.760000000000000      -5346.17600000000000       92246.1376000000000      -1580762.61376000000       2095756556225.34105   1.98288242610628243e+24  -1.82107715776455040e+56  -2.26697733002930246e+110
  arg2 =     -8.60000000000000000
                   arg1 =                          0                         1                         2                         3                         4                         5                        10                        20                        50                       100
       1.00000000000000000      -17.2000000000000000       293.840000000000000      -4985.24800000000000       83983.2256000000000      -1404629.49632000000       1639795465805.47533   1.15783914315158268e+24  -1.23920137209485610e+55  2.53861028246849081e+109
  arg2 =     -8.40000000000000000
                   arg1 =                          0                         1                         2                         3                         4                         5                        10                        20                        50                       100
       1.00000000000000000      -16.8000000000000000       280.240000000000000      -4640.83200000000000       76284.5376000000000      -1244453.57568000000       1274553765769.74600   6.63987338012060320e+23   3.43253650499093870e+54  1.24817352505393082e+108
  arg2 =     -8.20000000000000000
                   arg1 =                          0                         1                         2                         3                         4                         5                        10                        20                        50                       100
       1.00000000000000000      -16.4000000000000000       266.960000000000000      -4312.54400000000000       69123.9616000000000      -1099132.61824000000       983725331213.072652   3.73393065423180617e+23   1.00097121988624027e+54  -1.15341789735838806e+108
  arg2 =     -8.00000000000000000
                   arg1 =                          0                         1                         2                         3                         4                         5                        10                        20                        50                       100
       1.00000000000000000      -16.0000000000000000       254.000000000000000      -4000.00000000000000       62476.0000000000000      -967616.000000000000       753610971616.000000   2.05540273739912484e+23   2.94927971326850638e+52  2.57615055354434355e+107
  arg2 =     -7.80000000000000000
                   arg1 =                          0                         1                         2                         3                         4                         5                        10                        20                        50                       100
       1.00000000000000000      -15.6000000000000000       241.360000000000000      -3702.81600000000000       56315.7696000000000      -848903.477760000000       572755206432.813407   1.10522142183862543e+23  -3.56780313300238401e+52  -2.72523098510172953e+106
  arg2 =     -7.60000000000000000
                   arg1 =                          0                         1                         2                         3                         4                         5                        10                        20                        50                       100
       1.00000000000000000      -15.2000000000000000       229.040000000000000      -3420.60800000000000       50619.0016000000000      -742043.960320000000       431625929570.400807   5.79098329340091068e+22  -5.78876221987091958e+51  -2.74866388132392756e+105
  arg2 =     -7.40000000000000000
                   arg1 =                          0                         1                         2                         3                         4                         5                        10                        20                        50                       100
       1.00000000000000000      -14.8000000000000000       217.040000000000000      -3152.99200000000000       45362.0416000000000      -646134.279680000000       322332841721.557133   2.94791497292492085e+22   1.02195111668064207e+51  2.13751217598004070e+105
  arg2 =     -7.20000000000000000
                   arg1 =                          0                         1                         2                         3                         4                         5                        10                        20                        50                       100
       1.00000000000000000      -14.4000000000000000       205.360000000000000      -2899.58400000000000       40521.8496000000000      -560317.962240000000       238380831670.899858   1.45261714512384885e+22   3.91438993150953069e+50  -5.93488040748747126e+104
  arg2 =     -7.00000000000000000
                   arg1 =                          0                         1                         2                         3                         4                         5                        10                        20                        50                       100
       1.00000000000000000      -14.0000000000000000       194.000000000000000      -2660.00000000000000       36076.0000000000000      -483784.000000000000       174454774816.000000   6.89709656045022984e+21  -2.47148559834364785e+49  1.00022735232750687e+104
  arg2 =     -6.80000000000000000
                   arg1 =                          0                         1                         2                         3                         4                         5                        10                        20                        50                       100
       1.00000000000000000      -13.6000000000000000       182.960000000000000      -2433.85600000000000       32002.6816000000000      -415765.621760000000       126232489621.239258   3.13672681604196752e+21  -2.48649804140573454e+49  -3.78177300191239751e+102
  arg2 =     -6.60000000000000000
                   arg1 =                          0                         1                         2                         3                         4                         5                        10                        20                        50                       100
       1.00000000000000000      -13.2000000000000000       172.240000000000000      -2220.76800000000000       28280.6976000000000      -355539.064320000000       90222850927.7880090   1.35551747441481582e+21   4.25292385301780690e+47  -4.80390470855810744e+102
  arg2 =     -6.40000000000000000
                   arg1 =                          0                         1                         2                         3                         4                         5                        10                        20                        50                       100
       1.00000000000000000      -12.8000000000000000       161.840000000000000      -2020.35200000000000       24889.4656000000000      -302422.343680000000       63626303360.4680680   5.50332781337880301e+20   1.75003054812040801e+48  2.33412894329991371e+102
  arg2 =     -6.20000000000000000
                   arg1 =                          0                         1                         2                         3                         4                         5                        10                        20                        50                       100
       1.00000000000000000      -12.4000000000000000       151.760000000000000      -1832.22400000000000       21809.0176000000000      -255774.026240000000       44215248881.6255205   2.06318456487121747e+20  -1.14776724023821243e+46  -7.06721391507055212e+101
  arg2 =     -6.00000000000000000
                   arg1 =                          0                         1                         2                         3                         4                         5                        10                        20                        50                       100
       1.00000000000000000      -12.0000000000000000       142.000000000000000      -1656.00000000000000       19020.0000000000000      -214992.000000000000       30232000224.0000000   6.93642006416293263e+19  -1.43552669599035873e+47  1.51706939332607275e+101
  arg2 =     -5.80000000000000000
                   arg1 =                          0                         1                         2                         3                         4                         5                        10                        20                        50                       100
       1.00000000000000000      -11.6000000000000000       132.560000000000000      -1491.29600000000000       16503.6736000000000      -179512.245760000000       20302196869.4445900   1.97134039279258932e+19   4.65773568274630865e+45  -1.51407176055078110e+100
  arg2 =     -5.60000000000000000
                   arg1 =                          0                         1                         2                         3                         4                         5                        10                        20                        50                       100
       1.00000000000000000      -11.2000000000000000       123.440000000000000      -1337.72800000000000       14241.9136000000000      -148807.608320000000       13361772808.7324852   4.00464036287879635e+18   1.36305540186758907e+46  -6.29330576727800811e+99
  arg2 =     -5.40000000000000000
                   arg1 =                          0                         1                         2                         3                         4                         5                        10                        20                        50                       100
       1.00000000000000000      -10.8000000000000000       114.640000000000000      -1194.91200000000000       12217.2096000000000      -122386.567680000000       8595745900.08981258       85277679782822360.2  -1.36806388821454681e+45   5.09356708790563450e+99
  arg2 =     -5.20000000000000000
                   arg1 =                          0                         1                         2                         3                         4                         5                        10                        20                        50                       100
       1.00000000000000000      -10.4000000000000000       106.160000000000000      -1062.46400000000000       10412.6656000000000      -99792.0102400000000       5387267621.02589686      -409708735015775548.  -1.42704956296494194e+45  -2.30964668878873547e+99
  arg2 =     -5.00000000000000000
                   arg1 =                          0                         1                         2                         3                         4                         5                        10                        20                        50                       100
       1.00000000000000000      -10.0000000000000000       98.0000000000000000      -940.000000000000000       8812.00000000000000      -80600.0000000000000       3275529760.00000000      -225717767163827200.   3.19539267212720190e+44   8.19319371305915051e+98
  arg2 =     -4.80000000000000000
                   arg1 =                          0                         1                         2                         3                         4                         5                        10                        20                        50                       100
       1.00000000000000000      -9.60000000000000000       90.1600000000000000      -827.136000000000000       7399.54560000000000      -64418.5497600000000       1921271501.97442806      -62555669197022077.1   1.48968191149787879e+44  -2.31930211968026710e+98
  arg2 =     -4.60000000000000000
                   arg1 =                          0                         1                         2                         3                         4                         5                        10                        20                        50                       100
       1.00000000000000000      -9.20000000000000000       82.6400000000000000      -723.488000000000000       6160.24960000000000      -50886.3923200000000       1078766805.46514698       519073301695597.695  -6.84491686397007010e+43   4.24402189432987039e+97
  arg2 =     -4.40000000000000000
                   arg1 =                          0                         1                         2                         3                         4                         5                        10                        20                        50                       100
       1.00000000000000000      -8.80000000000000000       75.4400000000000000      -628.672000000000000       5079.67360000000000      -39671.7516800000000       573298328.819934823       10070625675125176.1  -1.14349434903450283e+43   5.21361639192745127e+96
  arg2 =     -4.20000000000000000
                   arg1 =                          0                         1                         2                         3                         4                         5                        10                        20                        50                       100
       1.00000000000000000      -8.40000000000000000       68.5600000000000000      -542.304000000000000       4143.99360000000000      -30471.1142400000000       283240820.637882777       4973623686173561.96   1.38435489944805993e+43  -1.09882904564477256e+97
  arg2 =     -4.00000000000000000
                   arg1 =                          0                         1                         2                         3                         4                         5                        10                        20                        50                       100
       1.00000000000000000      -8.00000000000000000       62.0000000000000000      -464.000000000000000       3340.00000000000000      -23008.0000000000000       125984224.000000000       619678016654336.000  -9.55996406705540722e+41   7.70706827476435276e+96
  arg2 =     -3.80000000000000000
                   arg1 =                          0                         1                         2                         3                         4                         5                        10                        20                        50                       100
       1.00000000000000000      -7.60000000000000000       55.7600000000000000      -393.376000000000000       2655.09760000000000      -17031.7337600000000       47025137.0160357377      -687467334428204.160  -2.52064617346245281e+42  -4.19938870709616407e+96
  arg2 =     -3.60000000000000000
                   arg1 =                          0                         1                         2                         3                         4                         5                        10                        20                        50                       100
       1.00000000000000000      -7.20000000000000000       49.8400000000000000      -330.048000000000000       2077.30560000000000      -12316.2163200000000       11645103.6146663424      -469585152350671.139   8.89213711653348127e+41   1.98527242962411818e+96
  arg2 =     -3.40000000000000000
                   arg1 =                          0                         1                         2                         3                         4                         5                        10                        20                        50                       100
       1.00000000000000000      -6.80000000000000000       44.2400000000000000      -273.632000000000000       1595.25760000000000      -8658.69568000000000      -1324140.97983733760      -66042773886778.4167   3.25357657072827943e+41  -8.24331166449486791e+95
  arg2 =     -3.20000000000000000
                   arg1 =                          0                         1                         2                         3                         4                         5                        10                        20                        50                       100
       1.00000000000000000      -6.40000000000000000       38.9600000000000000      -223.744000000000000       1198.20160000000000      -5878.53824000000000      -4074495.52418570240       87626632986465.3716  -3.30762828479156595e+41   2.82120124545661480e+95
  arg2 =     -3.00000000000000000
                   arg1 =                          0                         1                         2                         3                         4                         5                        10                        20                        50                       100
       1.00000000000000000      -6.00000000000000000       34.0000000000000000      -180.000000000000000       876.000000000000000      -3816.00000000000000      -3093984.00000000000       59990281399296.0000   2.67518820086971228e+40  -5.50845428711963892e+94
  arg2 =     -2.80000000000000000
                   arg1 =                          0                         1                         2                         3                         4                         5                        10                        20                        50                       100
       1.00000000000000000      -5.60000000000000000       29.3600000000000000      -142.016000000000000       619.129600000000000      -2330.99776000000000      -1438117.19788298240       2296898915036.13946   8.83830351035581121e+40  -2.60581162486800419e+94
  arg2 =     -2.60000000000000000
                   arg1 =                          0                         1                         2                         3                         4                         5                        10                        20                        50                       100
       1.00000000000000000      -5.20000000000000000       25.0400000000000000      -109.408000000000000       418.681600000000000      -1301.88032000000000      -247597.050124697600      -18328180426561.0573  -4.46968117587136777e+40   4.56077067425333514e+94
  arg2 =     -2.40000000000000000
                   arg1 =                          0                         1                         2                         3                         4                         5                        10                        20                        50                       100
       1.00000000000000000      -4.80000000000000000       21.0400000000000000      -81.7920000000000000       266.361600000000000      -624.199680000000000       286617.473984102400      -9442592050214.27713  -1.13900803905751719e+40  -4.23032289325755794e+94
  arg2 =     -2.20000000000000000
                   arg1 =                          0                         1                         2                         3                         4                         5                        10                        20                        50                       100
       1.00000000000000000      -4.40000000000000000       17.3600000000000000      -58.7840000000000000       154.489600000000000      -209.482240000000000       350419.828267417600       2521759315047.84872   2.22845099529562001e+40   3.26024883401169386e+94
  arg2 =     -2.00000000000000000
                   arg1 =                          0                         1                         2                         3                         4                         5                        10                        20                        50                       100
       1.00000000000000000      -4.00000000000000000       14.0000000000000000      -40.0000000000000000       76.0000000000000000       16.0000000000000000       200416.000000000000       5080118660096.00000  -6.41266779974730012e+39  -2.27855743116613220e+94
  arg2 =     -1.80000000000000000
                   arg1 =                          0                         1                         2                         3                         4                         5                        10                        20                        50                       100
       1.00000000000000000      -3.60000000000000000       10.9600000000000000      -25.0560000000000000       24.4416000000000000       112.458240000000000       29012.0940158976001       1277254793997.09670  -6.54366542746984734e+39   1.47875734637143907e+94
  arg2 =     -1.60000000000000000
                   arg1 =                          0                         1                         2                         3                         4                         5                        10                        20                        50                       100
       1.00000000000000000      -3.20000000000000000       8.24000000000000000      -13.5680000000000000      -6.02239999999999997       127.815680000000000      -69648.5978341375999      -1851544254412.31891   6.77205308896996141e+39  -8.84968283469707128e+93
  arg2 =     -1.40000000000000000
                   arg1 =                          0                         1                         2                         3                         4                         5                        10                        20                        50                       100
       1.00000000000000000      -2.80000000000000000       5.84000000000000000      -5.15199999999999999      -20.6144000000000000       98.9363199999999999      -82507.6757528576000      -1559402933581.50267  -5.90050010525593502e+38   4.65554688199235435e+93
  arg2 =     -1.20000000000000000
                   arg1 =                          0                         1                         2                         3                         4                         5                        10                        20                        50                       100
       1.00000000000000000      -2.40000000000000000       3.76000000000000000      0.576000000000000003      -23.9424000000000000       52.8537600000000000      -42007.4651418624000       295481874887.328844  -3.47800499770841318e+39  -1.78200424403910929e+93
  arg2 =     -1.00000000000000000
                   arg1 =                          0                         1                         2                         3                         4                         5                        10                        20                        50                       100
       1.00000000000000000      -2.00000000000000000       2.00000000000000000       4.00000000000000000      -20.0000000000000000       8.00000000000000000       8224.00000000000000       1107214478336.00000   2.65868154316454599e+39  -1.44870672933793408e+92
  arg2 =    -0.800000000000000000
                   arg1 =                          0                         1                         2                         3                         4                         5                        10                        20                        50                       100
       1.00000000000000000      -1.60000000000000000      0.560000000000000001       5.50400000000000000      -12.1664000000000000      -24.5657600000000000       36668.3449163776000       358848462745.150579   4.77854410249497676e+38   1.41207621494780225e+93
  arg2 =    -0.600000000000000000
                   arg1 =                          0                         1                         2                         3                         4                         5                        10                        20                        50                       100
       1.00000000000000000      -1.20000000000000000     -0.559999999999999998       5.47200000000000000      -3.20640000000000002      -39.9283200000000000       33513.1678900224000      -617730863561.325249  -2.27259188166931707e+39  -2.22425815815533421e+93
  arg2 =    -0.400000000000000000
                   arg1 =                          0                         1                         2                         3                         4                         5                        10                        20                        50                       100
       1.00000000000000000     -0.799999999999999999      -1.36000000000000000       4.28800000000000000       4.72960000000000001      -38.0876800000000000       8467.69075978239995      -607451728035.031717   1.35816458589058147e+39   2.71954291397524158e+93
  arg2 =    -0.200000000000000000
                   arg1 =                          0                         1                         2                         3                         4                         5                        10                        20                        50                       100
       1.00000000000000000     -0.400000000000000000      -1.84000000000000000       2.33600000000000000       10.1056000000000000      -22.7302400000000000      -18778.8569575424000       195759209122.610616   8.50492488158183260e+38  -2.98506187394681451e+93
  arg2 =      0.00000000000000000
                   arg1 =                          0                         1                         2                         3                         4                         5                        10                        20                        50                       100
       1.00000000000000000       0.00000000000000000      -2.00000000000000000      -0.00000000000000000       12.0000000000000000       0.00000000000000000      -30240.0000000000000       670442572800.000000  -1.96078146816081942e+39   3.06851875625496604e+93
  arg2 =     0.200000000000000000
                   arg1 =                          0                         1                         2                         3                         4                         5                        10                        20                        50                       100
       1.00000000000000000      0.400000000000000000      -1.84000000000000000      -2.33600000000000000       10.1056000000000000       22.7302400000000000      -18778.8569575424000       195759209122.610616   8.50492488158183260e+38  -2.98506187394681451e+93
  arg2 =     0.400000000000000000
                   arg1 =                          0                         1                         2                         3                         4                         5                        10                        20                        50                       100
       1.00000000000000000      0.799999999999999999      -1.36000000000000000      -4.28800000000000000       4.72960000000000001       38.0876800000000000       8467.69075978239995      -607451728035.031717   1.35816458589058147e+39   2.71954291397524158e+93
  arg2 =     0.600000000000000000
                   arg1 =                          0                         1                         2                         3                         4                         5                        10                        20                        50                       100
       1.00000000000000000       1.20000000000000000     -0.559999999999999998      -5.47200000000000000      -3.20640000000000002       39.9283200000000000       33513.1678900224000      -617730863561.325249  -2.27259188166931707e+39  -2.22425815815533421e+93
  arg2 =     0.800000000000000000
                   arg1 =                          0                         1                         2                         3                         4                         5                        10                        20                        50                       100
       1.00000000000000000       1.60000000000000000      0.560000000000000001      -5.50400000000000000      -12.1664000000000000       24.5657600000000000       36668.3449163776000       358848462745.150579   4.77854410249497676e+38   1.41207621494780225e+93
  arg2 =      1.00000000000000000
                   arg1 =                          0                         1                         2                         3                         4                         5                        10                        20                        50                       100
       1.00000000000000000       2.00000000000000000       2.00000000000000000      -4.00000000000000000      -20.0000000000000000      -8.00000000000000000       8224.00000000000000       1107214478336.00000   2.65868154316454599e+39  -1.44870672933793408e+92
  arg2 =      1.20000000000000000
                   arg1 =                          0                         1                         2                         3                         4                         5                        10                        20                        50                       100
       1.00000000000000000       2.40000000000000000       3.76000000000000000     -0.576000000000000003      -23.9424000000000000      -52.8537600000000000      -42007.4651418624000       295481874887.328844  -3.47800499770841318e+39  -1.78200424403910929e+93
  arg2 =      1.40000000000000000
                   arg1 =                          0                         1                         2                         3                         4                         5                        10                        20                        50                       100
       1.00000000000000000       2.80000000000000000       5.84000000000000000       5.15199999999999999      -20.6144000000000000      -98.9363199999999999      -82507.6757528576000      -1559402933581.50267  -5.90050010525593502e+38   4.65554688199235435e+93
  arg2 =      1.60000000000000000
                   arg1 =                          0                         1                         2                         3                         4                         5                        10                        20                        50                       100
       1.00000000000000000       3.20000000000000000       8.24000000000000000       13.5680000000000000      -6.02239999999999997      -127.815680000000000      -69648.5978341375999      -1851544254412.31891   6.77205308896996141e+39  -8.84968283469707128e+93
  arg2 =      1.80000000000000000
                   arg1 =                          0                         1                         2                         3                         4                         5                        10                        20                        50                       100
       1.00000000000000000       3.60000000000000000       10.9600000000000000       25.0560000000000000       24.4416000000000000      -112.458240000000000       29012.0940158976001       1277254793997.09670  -6.54366542746984734e+39   1.47875734637143907e+94
  arg2 =      2.00000000000000000
                   arg1 =                          0                         1                         2                         3                         4                         5                        10                        20                        50                       100
       1.00000000000000000       4.00000000000000000       14.0000000000000000       40.0000000000000000       76.0000000000000000      -16.0000000000000000       200416.000000000000       5080118660096.00000  -6.41266779974730012e+39  -2.27855743116613220e+94
  arg2 =      2.20000000000000000
                   arg1 =                          0                         1                         2                         3                         4                         5                        10                        20                        50                       100
       1.00000000000000000       4.40000000000000000       17.3600000000000000       58.7840000000000000       154.489600000000000       209.482240000000000       350419.828267417600       2521759315047.84872   2.22845099529562001e+40   3.26024883401169386e+94
  arg2 =      2.40000000000000000
                   arg1 =                          0                         1                         2                         3                         4                         5                        10                        20                        50                       100
       1.00000000000000000       4.80000000000000000       21.0400000000000000       81.7920000000000000       266.361600000000000       624.199679999999999       286617.473984102400      -9442592050214.27710  -1.13900803905751718e+40  -4.23032289325755792e+94
  arg2 =      2.60000000000000000
                   arg1 =                          0                         1                         2                         3                         4                         5                        10                        20                        50                       100
       1.00000000000000000       5.20000000000000000       25.0400000000000000       109.408000000000000       418.681600000000000       1301.88032000000000      -247597.050124697602      -18328180426561.0573  -4.46968117587136776e+40   4.56077067425333519e+94
  arg2 =      2.80000000000000000
                   arg1 =                          0                         1                         2                         3                         4                         5                        10                        20                        50                       100
       1.00000000000000000       5.60000000000000000       29.3600000000000000       142.016000000000000       619.129600000000000       2330.99776000000000      -1438117.19788298240       2296898915036.13946   8.83830351035581121e+40  -2.60581162486800419e+94
  arg2 =      3.00000000000000000
                   arg1 =                          0                         1                         2                         3                         4                         5                        10                        20                        50                       100
       1.00000000000000000       6.00000000000000000       34.0000000000000000       180.000000000000000       876.000000000000000       3816.00000000000000      -3093984.00000000000       59990281399296.0000   2.67518820086971228e+40  -5.50845428711963892e+94
  arg2 =      3.20000000000000000
                   arg1 =                          0                         1                         2                         3                         4                         5                        10                        20                        50                       100
       1.00000000000000000       6.40000000000000000       38.9600000000000000       223.744000000000000       1198.20160000000000       5878.53824000000000      -4074495.52418570240       87626632986465.3716  -3.30762828479156595e+41   2.82120124545661480e+95
  arg2 =      3.40000000000000000
                   arg1 =                          0                         1                         2                         3                         4                         5                        10                        20                        50                       100
       1.00000000000000000       6.80000000000000000       44.2400000000000000       273.632000000000000       1595.25760000000000       8658.69567999999999      -1324140.97983733761      -66042773886778.4161   3.25357657072827940e+41  -8.24331166449486794e+95
  arg2 =      3.60000000000000000
                   arg1 =                          0                         1                         2                         3                         4                         5                        10                        20                        50                       100
       1.00000000000000000       7.20000000000000000       49.8400000000000000       330.048000000000000       2077.30560000000000       12316.2163200000000       11645103.6146663424      -469585152350671.140   8.89213711653348124e+41   1.98527242962411818e+96
  arg2 =      3.80000000000000000
                   arg1 =                          0                         1                         2                         3                         4                         5                        10                        20                        50                       100
       1.00000000000000000       7.60000000000000000       55.7600000000000000       393.376000000000000       2655.09760000000000       17031.7337600000000       47025137.0160357377      -687467334428204.160  -2.52064617346245281e+42  -4.19938870709616407e+96
  arg2 =      4.00000000000000000
                   arg1 =                          0                         1                         2                         3                         4                         5                        10                        20                        50                       100
       1.00000000000000000       8.00000000000000000       62.0000000000000000       464.000000000000000       3340.00000000000000       23008.0000000000000       125984224.000000000       619678016654336.000  -9.55996406705540722e+41   7.70706827476435276e+96
  arg2 =      4.20000000000000000
                   arg1 =                          0                         1                         2                         3                         4                         5                        10                        20                        50                       100
       1.00000000000000000       8.40000000000000000       68.5600000000000000       542.304000000000000       4143.99360000000000       30471.1142400000000       283240820.637882777       4973623686173561.96   1.38435489944805993e+43  -1.09882904564477256e+97
  arg2 =      4.40000000000000000
                   arg1 =                          0                         1                         2                         3                         4                         5                        10                        20                        50                       100
       1.00000000000000000       8.80000000000000000       75.4400000000000000       628.672000000000000       5079.67360000000000       39671.7516800000000       573298328.819934822       10070625675125176.1  -1.14349434903450281e+43   5.21361639192745096e+96
  arg2 =      4.60000000000000000
                   arg1 =                          0                         1                         2                         3                         4                         5                        10                        20                        50                       100
       1.00000000000000000       9.20000000000000000       82.6400000000000000       723.488000000000000       6160.24960000000000       50886.3923200000000       1078766805.46514698       519073301695597.631  -6.84491686397007009e+43   4.24402189432987033e+97
  arg2 =      4.80000000000000000
                   arg1 =                          0                         1                         2                         3                         4                         5                        10                        20                        50                       100
       1.00000000000000000       9.60000000000000000       90.1600000000000000       827.136000000000000       7399.54560000000000       64418.5497600000000       1921271501.97442806      -62555669197022077.1   1.48968191149787879e+44  -2.31930211968026710e+98
  arg2 =      5.00000000000000000
                   arg1 =                          0                         1                         2                         3                         4                         5                        10                        20                        50                       100
       1.00000000000000000       10.0000000000000000       98.0000000000000000       940.000000000000000       8812.00000000000000       80600.0000000000000       3275529760.00000000      -225717767163827200.   3.19539267212720190e+44   8.19319371305915051e+98
  arg2 =      5.20000000000000000
                   arg1 =                          0                         1                         2                         3                         4                         5                        10                        20                        50                       100
       1.00000000000000000       10.4000000000000000       106.160000000000000       1062.46400000000000       10412.6656000000000       99792.0102400000000       5387267621.02589686      -409708735015775548.  -1.42704956296494194e+45  -2.30964668878873547e+99
  arg2 =      5.40000000000000000
                   arg1 =                          0                         1                         2                         3                         4                         5                        10                        20                        50                       100
       1.00000000000000000       10.8000000000000000       114.640000000000000       1194.91200000000000       12217.2096000000000       122386.567680000000       8595745900.08981258       85277679782822357.2  -1.36806388821454682e+45   5.09356708790563446e+99
  arg2 =      5.60000000000000000
                   arg1 =                          0                         1                         2                         3                         4                         5                        10                        20                        50                       100
       1.00000000000000000       11.2000000000000000       123.440000000000000       1337.72800000000000       14241.9136000000000       148807.608320000000       13361772808.7324852   4.00464036287879637e+18   1.36305540186758907e+46  -6.29330576727800824e+99
  arg2 =      5.80000000000000000
                   arg1 =                          0                         1                         2                         3                         4                         5                        10                        20                        50                       100
       1.00000000000000000       11.6000000000000000       132.560000000000000       1491.29600000000000       16503.6736000000000       179512.245760000000       20302196869.4445900   1.97134039279258932e+19   4.65773568274630865e+45  -1.51407176055078110e+100
  arg2 =      6.00000000000000000
                   arg1 =                          0                         1                         2                         3                         4                         5                        10                        20                        50                       100
       1.00000000000000000       12.0000000000000000       142.000000000000000       1656.00000000000000       19020.0000000000000       214992.000000000000       30232000224.0000000   6.93642006416293263e+19  -1.43552669599035873e+47  1.51706939332607275e+101
  arg2 =      6.20000000000000000
                   arg1 =                          0                         1                         2                         3                         4                         5                        10                        20                        50                       100
       1.00000000000000000       12.4000000000000000       151.760000000000000       1832.22400000000000       21809.0176000000000       255774.026240000000       44215248881.6255206   2.06318456487121748e+20  -1.14776724023821209e+46  -7.06721391507055214e+101
  arg2 =      6.40000000000000000
                   arg1 =                          0                         1                         2                         3                         4                         5                        10                        20                        50                       100
       1.00000000000000000       12.8000000000000000       161.840000000000000       2020.35200000000000       24889.4656000000000       302422.343680000000       63626303360.4680679   5.50332781337880300e+20   1.75003054812040800e+48  2.33412894329991369e+102
  arg2 =      6.60000000000000000
                   arg1 =                          0                         1                         2                         3                         4                         5                        10                        20                        50                       100
       1.00000000000000000       13.2000000000000000       172.240000000000000       2220.76800000000000       28280.6976000000000       355539.064320000000       90222850927.7880091   1.35551747441481583e+21   4.25292385301780668e+47  -4.80390470855810750e+102
  arg2 =      6.80000000000000000
                   arg1 =                          0                         1                         2                         3                         4                         5                        10                        20                        50                       100
       1.00000000000000000       13.6000000000000000       182.960000000000000       2433.85600000000000       32002.6816000000000       415765.621760000000       126232489621.239257   3.13672681604196751e+21  -2.48649804140573452e+49  -3.78177300191239785e+102
  arg2 =      7.00000000000000000
                   arg1 =                          0                         1                         2                         3                         4                         5                        10                        20                        50                       100
       1.00000000000000000       14.0000000000000000       194.000000000000000       2660.00000000000000       36076.0000000000000       483784.000000000000       174454774816.000000   6.89709656045022984e+21  -2.47148559834364785e+49  1.00022735232750687e+104
  arg2 =      7.20000000000000000
                   arg1 =                          0                         1                         2                         3                         4                         5                        10                        20                        50                       100
       1.00000000000000000       14.4000000000000000       205.360000000000000       2899.58400000000000       40521.8496000000000       560317.962240000000       238380831670.899858   1.45261714512384886e+22   3.91438993150953073e+50  -5.93488040748747129e+104
  arg2 =      7.40000000000000000
                   arg1 =                          0                         1                         2                         3                         4                         5                        10                        20                        50                       100
       1.00000000000000000       14.8000000000000000       217.040000000000000       3152.99200000000000       45362.0416000000000       646134.279680000000       322332841721.557133   2.94791497292492085e+22   1.02195111668064207e+51  2.13751217598004068e+105
  arg2 =      7.60000000000000000
                   arg1 =                          0                         1                         2                         3                         4                         5                        10                        20                        50                       100
       1.00000000000000000       15.2000000000000000       229.040000000000000       3420.60800000000000       50619.0016000000000       742043.960320000000       431625929570.400807   5.79098329340091069e+22  -5.78876221987091962e+51  -2.74866388132392763e+105
  arg2 =      7.80000000000000000
                   arg1 =                          0                         1                         2                         3                         4                         5                        10                        20                        50                       100
       1.00000000000000000       15.6000000000000000       241.360000000000000       3702.81600000000000       56315.7696000000000       848903.477760000000       572755206432.813406   1.10522142183862543e+23  -3.56780313300238400e+52  -2.72523098510172956e+106
  arg2 =      8.00000000000000000
                   arg1 =                          0                         1                         2                         3                         4                         5                        10                        20                        50                       100
       1.00000000000000000       16.0000000000000000       254.000000000000000       4000.00000000000000       62476.0000000000000       967616.000000000000       753610971616.000000   2.05540273739912484e+23   2.94927971326850638e+52  2.57615055354434355e+107
  arg2 =      8.20000000000000000
                   arg1 =                          0                         1                         2                         3                         4                         5                        10                        20                        50                       100
       1.00000000000000000       16.4000000000000000       266.960000000000000       4312.54400000000000       69123.9616000000000       1099132.61824000000       983725331213.072654   3.73393065423180618e+23   1.00097121988624027e+54  -1.15341789735838808e+108
  arg2 =      8.40000000000000000
                   arg1 =                          0                         1                         2                         3                         4                         5                        10                        20                        50                       100
       1.00000000000000000       16.8000000000000000       280.240000000000000       4640.83200000000000       76284.5376000000000       1244453.57568000000       1274553765769.74600   6.63987338012060320e+23   3.43253650499093870e+54  1.24817352505393082e+108
  arg2 =      8.60000000000000000
                   arg1 =                          0                         1                         2                         3                         4                         5                        10                        20                        50                       100
       1.00000000000000000       17.2000000000000000       293.840000000000000       4985.24800000000000       83983.2256000000000       1404629.49632000000       1639795465805.47533   1.15783914315158268e+24  -1.23920137209485610e+55  2.53861028246849081e+109
  arg2 =      8.80000000000000000
                   arg1 =                          0                         1                         2                         3                         4                         5                        10                        20                        50                       100
       1.00000000000000000       17.6000000000000000       307.760000000000000       5346.17600000000000       92246.1376000000000       1580762.61376000000       2095756556225.34105   1.98288242610628243e+24  -1.82107715776455038e+56  -2.26697733002930244e+110
  arg2 =      9.00000000000000000
                   arg1 =                          0                         1                         2                         3                         4                         5                        10                        20                        50                       100
       1.00000000000000000       18.0000000000000000       322.000000000000000       5724.00000000000000       101100.000000000000       1774008.00000000000       2661760648224.00000   3.33953602695241434e+24  -8.05639309023690119e+56  7.72941366830436992e+110
  arg2 =      9.20000000000000000
                   arg1 =                          0                         1                         2                         3                         4                         5                        10                        20                        50                       100
       1.00000000000000000       18.4000000000000000       336.560000000000000       6119.10400000000000       110572.153600000000       1985574.79424000000       3360611490639.09149   5.53765314052021190e+24   5.31632097695300804e+56  2.96860375833927161e+111
  arg2 =      9.40000000000000000
                   arg1 =                          0                         1                         2                         3                         4                         5                        10                        20                        50                       100
       1.00000000000000000       18.8000000000000000       351.440000000000000       6531.87200000000000       120690.553600000000       2216727.43168000000       4219112842239.11262   9.05039412459915151e+24   3.75468819180128874e+58  -5.33742245411418690e+112
  arg2 =      9.60000000000000000
                   arg1 =                          0                         1                         2                         3                         4                         5                        10                        20                        50                       100
       1.00000000000000000       19.2000000000000000       366.640000000000000       6962.68800000000000       131483.769600000000       2468786.87232000000       5268651052510.46898   1.45919718345454336e+25   3.61943129677802374e+59  2.49046261304299972e+113
  arg2 =      9.80000000000000000
                   arg1 =                          0                         1                         2                         3                         4                         5                        10                        20                        50                       100
       1.00000000000000000       19.6000000000000000       382.160000000000000       7411.93600000000000       142980.985600000000       2743131.82976000000       6545846221520.67205   2.32287690395483757e+25   2.43448148637410185e+60  8.37616766543062637e+113
  arg2 =      10.0000000000000000
                   arg1 =                          0                         1                         2                         3                         4                         5                        10                        20                        50                       100
       1.00000000000000000       20.0000000000000000       398.000000000000000       7880.00000000000000       155212.000000000000       3041200.00000000000       8093278209760.00000   3.65367109708880298e+25   1.35166430498193114e+61  -1.87386892232565891e+115
