
    -0.900000000000000000033    -0.101193503985352026286    -0.101193503985351886445    -0.101193503985351886445                           0  1.39841751459895968779e-16
    -0.800000000000000000011    -0.121987077669771251665    -0.121987077669771142296    -0.121987077669771142296                           0  1.09368894149475259781e-16
    -0.699999999999999999989    -0.146237191725908016737    -0.146237191725908049426    -0.146237191725908049426                           0 -3.26886955004379586853e-17
    -0.600000000000000000022    -0.174595711938013820053    -0.174595711938013378728    -0.174595711938013378687  4.06575814682064162753e-20  4.41365151891692786279e-16
                        -0.5    -0.207886224977355121846    -0.207886224977354566043    -0.207886224977354566016  2.71050543121376108502e-20  5.55829796251849916899e-16
    -0.400000000000000000005    -0.247165460831715144696    -0.247165460831714836335    -0.247165460831714836335                           0  3.08360650382033529837e-16
    -0.300000000000000000011    -0.293813068129722021471    -0.293813068129721263017    -0.293813068129721262936  8.13151629364128325506e-20  7.58534944925171039642e-16
    -0.200000000000000000003    -0.349666280598314338501    -0.349666280598314137165    -0.349666280598314137057  1.08420217248550443401e-19  2.01444763647806723839e-16
    -0.100000000000000000001    -0.417228040767366692432    -0.417228040767366856959    -0.417228040767366856743  2.16840434497100886801e-19 -1.64310839240178196974e-16
                           0    -0.499999999999999944489                        -0.5                        -0.5                           0 -5.55111512312578270212e-17
     0.100000000000000000001     -0.60303751985624154397    -0.603037519856241721887    -0.603037519856241715165  6.72205346941012749085e-18  -1.7119552303546115013e-16
     0.200000000000000000003    -0.733920924896340420851    -0.733920924896340598769    -0.733920924896340592263  6.50521303491302660404e-18 -1.71412363469958251017e-16
     0.300000000000000000011     -0.90455925725398389492    -0.904559257253983995534    -0.904559257253983990167  5.36680075380324694834e-18 -9.52471608528515645276e-17
     0.400000000000000000005     -1.13479778386698160197     -1.13479778386698157053       -1.134797783866981565  5.52943107967607261344e-18  3.69712940817557011997e-17
                         0.5     -1.46035450880958683761     -1.46035450880958681799     -1.46035450880958681322  4.77048955893621950963e-18  2.43945488809238497652e-17
     0.600000000000000000022     -1.95266144822400056213     -1.95266144822400073507     -1.95266144822400073073  4.33680868994201773603e-18 -1.68593437821495939488e-16
     0.699999999999999999989     -2.77838844555369535172     -2.77838844555369605819     -2.77838844555369605168  6.50521303491302660404e-18 -6.99960922556641662595e-16
     0.800000000000000000011     -4.43753841589555175773     -4.43753841589555047924     -4.43753841589555047273  6.50521303491302660404e-18  1.28499641482981985519e-15
     0.900000000000000000033      -9.4301140194022536889     -9.43011401940225238612     -9.43011401940225237658  9.54097911787243901927e-18  1.31231830957645456692e-15
      1.10000000000000000002      10.5844484649507908358      10.5844484649508098302       10.584448464950809825 -5.20417042793042128324e-18   1.8989150529780118859e-14
      1.20000000000000000004      5.59158244117775016235      5.59158244117775077775      5.59158244117775077601 -1.73472347597680709441e-18  6.13658429626795509648e-16
      1.30000000000000000007      3.93194921180954848339      3.93194921180954422638      3.93194921180954422529 -1.08420217248550443401e-18 -4.25809561221957011412e-15
      1.39999999999999999998      3.10554727797757923469      3.10554727797758039955      3.10554727797758039955                           0   1.1648668141184259639e-15
                         1.5      2.61237534868549303724      2.61237534868548834351      2.61237534868548834308 -4.33680868994201773603e-19 -4.69416172599323999748e-15
      1.60000000000000000002      2.28576566568013239689      2.28576566568012987677      2.28576566568012987612 -6.50521303491302660404e-19 -2.52077005102879780907e-15
      1.70000000000000000004      2.05428875683774903038      2.05428875683775123868      2.05428875683775123868                           0  2.20830298491847543119e-15
      1.80000000000000000007      1.88222961810282196637      1.88222961810282204726      1.88222961810282204726                           0   8.0881482067418630777e-17
      1.89999999999999999998      1.74974643512506156107      1.74974643512506081427      1.74974643512506081416 -1.08420217248550443401e-19 -7.46906876625264004588e-16
                           2      1.64493406684822751629       1.6449340668482264361       1.6449340668482264361                           0  -1.0801906244473080676e-15
      2.10000000000000000013      1.56021653350336220178       1.5602165335033620835      1.56021653350336208339 -1.08420217248550443401e-19 -1.18394877235417084194e-16
      2.20000000000000000004      1.49054325650689367677      1.49054325650689350807      1.49054325650689350796 -1.08420217248550443401e-19 -1.68810278255993040375e-16
      2.29999999999999999996      1.43241779931532509096      1.43241779931532371576      1.43241779931532371576                           0  -1.3752020355806138241e-15
      2.40000000000000000009      1.38334285884073593387      1.38334285884073572798      1.38334285884073572798                           0 -2.05889992554997292018e-16
                         2.5      1.34148725725091710892      1.34148725725091717972      1.34148725725091717972                           0  7.07984018633034395407e-17
      2.60000000000000000013      1.30547780907278032636      1.30547780907278059372      1.30547780907278059383  1.08420217248550443401e-19   2.6747267595217394387e-16
      2.70000000000000000004      1.27426464444368003903      1.27426464444367994969      1.27426464444367994959 -1.08420217248550443401e-19 -8.94466792300541158056e-17
      2.79999999999999999996      1.24703142231725405686      1.24703142231725324697      1.24703142231725324697                           0 -8.09899022846671812204e-16
      2.90000000000000000009      1.22313389530435578934      1.22313389530435526361      1.22313389530435526361                           0  -5.2572963343822110005e-16
                           3      1.20205690315959445869      1.20205690315959428554      1.20205690315959428554                           0 -1.73147086945935058111e-16
      3.10000000000000000013      1.18338365211190632564      1.18338365211190645184      1.18338365211190645174 -1.08420217248550443401e-19  1.26092712660064165675e-16
      3.20000000000000000004      1.16677337098446742836      1.16677337098446702026      1.16677337098446702026                           0  -4.0809369772354386896e-16
      3.29999999999999999996      1.15194479472077415672      1.15194479472077368856      1.15194479472077368856                           0 -4.68158498079240814604e-16
      3.40000000000000000009      1.13866377572804200469      1.13866377572804167368      1.13866377572804167368                           0 -3.31006923259824503702e-16
                         3.5      1.12673386731705704733      1.12673386731705664639      1.12673386731705664639                           0 -4.00937963385139539696e-16
      3.60000000000000000013      1.11598907912333755732       1.1159890791233376446      1.11598907912333764471  1.08420217248550443401e-19   8.7386695102331657381e-17
      3.70000000000000000004      1.10628824146467952261      1.10628824146467926056      1.10628824146467926056                           0   -2.620516650897464217e-16
      3.79999999999999999996      1.09751057645900473858       1.0975105764590042586       1.0975105764590042586                           0 -4.79976301759332812935e-16
      3.90000000000000000009      1.08955218467032155516      1.08955218467032126839      1.08955218467032126839                           0 -2.86771474622415922795e-16
                           4      1.08232323371113814403      1.08232323371113819152      1.08232323371113819152                           0  4.74880551548650942095e-17
      4.09999999999999999991      1.07574569034350386865      1.07574569034350352257      1.07574569034350352257                           0 -3.46077333457373015335e-16
      4.20000000000000000026      1.06975147723380947795      1.06975147723380940921      1.06975147723380940921                           0 -6.87384177355809811161e-17
      4.30000000000000000017      1.06428096432583996211      1.06428096432584000993      1.06428096432584000993                           0  4.78133158066107455397e-17
      4.40000000000000000009      1.05928172597983549785      1.05928172597983541751      1.05928172597983541751                           0   -8.033938098117587856e-17
                         4.5      1.05470751076145452529      1.05470751076145426389      1.05470751076145426389                           0 -2.61401143786255119039e-16
      4.59999999999999999991      1.05051738256657345438      1.05051738256657347075      1.05051738256657347075                           0  1.63714528045311169535e-17
      4.70000000000000000026      1.04667500069913121941      1.04667500069913119859      1.04667500069913119859                           0 -2.08166817117216851329e-17
      4.80000000000000000017      1.04314801333517892523      1.04314801333517896307      1.04314801333517896296 -1.08420217248550443401e-19  3.77302356024955543035e-17
      4.90000000000000000009      1.03990754404935636934      1.03990754404935611954      1.03990754404935611954                           0 -2.49800180540660221595e-16
                           5       1.0369277551433699891      1.03692775514336992622      1.03692775514336992622                           0 -6.28837260041592571724e-17
      5.09999999999999999991      1.03418547468748966978      1.03418547468748962326      1.03418547468748962326                           0 -4.65122731996281402189e-17
      5.20000000000000000026      1.03165987667791680948      1.03165987667791660956      1.03165987667791660956                           0 -1.99926880606327017631e-16
      5.30000000000000000017      1.02933220568321948107      1.02933220568321935021      1.02933220568321935021                           0 -1.30863202219000385185e-16
      5.40000000000000000009      1.02718553892035369124      1.02718553892035382514      1.02718553892035382514                           0    1.338989683019597976e-16
                         5.5      1.02520457995468583512      1.02520457995468569428      1.02520457995468569428                           0 -1.40837862205867025978e-16
      5.59999999999999999991      1.02337547922702998271      1.02337547922702991083      1.02337547922702991083                           0 -7.18826040357889439747e-17
      5.70000000000000000026      1.02168567742622018457      1.02168567742622006119      1.02168567742622006119                           0  -1.2338220722885040459e-16
      5.80000000000000000017      1.02012376838834462056      1.02012376838834464387      1.02012376838834464387                           0  2.33103467084383453312e-17
      5.90000000000000000009      1.01867937874474057125      1.01867937874474041187      1.01867937874474041187                           0 -1.59377719355369151799e-16
                           6       1.0173430619844492373      1.01734306198444913951      1.01734306198444913961  1.08420217248550443401e-19 -9.76866157409439495041e-17
      6.09999999999999999991      1.01610620496221004672      1.01610620496220992507      1.01610620496220992507                           0 -1.21647483752873597496e-16
      6.20000000000000000026      1.01496094518522328443      1.01496094518522297998      1.01496094518522297998                           0 -3.04443970033929645069e-16
      6.30000000000000000017      1.01390009746280784775      1.01390009746280776871      1.01390009746280776871                           0 -7.90383383741932732391e-17
      6.40000000000000000009      1.01291708871218411048      1.01291708871218401127      1.01291708871218401127                           0 -9.92044987824236557117e-17
                         6.5      1.01200589988852485135      1.01200589988852479584      1.01200589988852479584                           0 -5.55111512312578270212e-17
      6.59999999999999999991      1.01116101415427084298      1.01116101415427096408      1.01116101415427096408                           0  1.21105382666630845279e-16
      6.70000000000000000026      1.01037737052638099122      1.01037737052638092856      1.01037737052638092856                           0 -6.26668855696621562856e-17
      6.80000000000000000017      1.00965032234471197015      1.00965032234471188645      1.00965032234471188645                           0 -8.37004077158809423054e-17
      6.90000000000000000009      1.00897559999333430447      1.00897559999333422869      1.00897559999333422869                           0 -7.57857318567367599371e-17
                           7      1.00834927738192292601       1.0083492773819228267       1.0083492773819228267                           0 -9.93129189996722061551e-17
      7.09999999999999999991      1.00776774175862038341      1.00776774175862037918      1.00776774175862037918                           0 -4.22838847269346729263e-18
      7.20000000000000000026      1.00722766648071693218      1.00722766648071711466      1.00722766648071711466                           0  1.82471225629310396243e-16
      7.30000000000000000017      1.00672598641661359409      1.00672598641661358531      1.00672598641661358531                           0 -8.78203759713258591546e-18
      7.40000000000000000009      1.00625987569305119784       1.0062598756930511007       1.0062598756930511007                           0 -9.71445146547011972871e-17
                         7.5       1.0058267275365229132      1.00582672753652280749      1.00582672753652280749                           0 -1.05709711817336682316e-16
      7.59999999999999999991      1.00542413598796342988      1.00542413598796348962      1.00542413598796348962                           0  5.97395397039512943138e-17
      7.70000000000000000026      1.00504987929596500962      1.00504987929596499802      1.00504987929596499802                           0 -1.16009632455948974439e-17
      7.80000000000000000017      1.00470190481646959313      1.00470190481646950314      1.00470190481646950314                           0 -8.99887803162968680226e-17
      7.90000000000000000009      1.00437831526665277693      1.00437831526665277498      1.00437831526665277498                           0 -1.95156391047390798121e-18
                           8      1.00407735619794435955      1.00407735619794433917      1.00407735619794433917                           0 -2.03830008427274833593e-17
      8.10000000000000000035      1.00379740456819566141      1.00379740456819558454      1.00379740456819558454                           0 -7.68699340292222643711e-17
      8.19999999999999999983       1.0035369583062012655       1.0035369583062013325       1.0035369583062013325                           0  6.70036942596041740217e-17
      8.30000000000000000017      1.00329462677336045395      1.00329462677336051239      1.00329462677336051239                           0   5.8438497096968688993e-17
      8.40000000000000000052      1.00306912203744480472       1.0030691220374447556       1.0030691220374447556                           0 -4.91143584135933508605e-17
                         8.5      1.00285925088241567593      1.00285925088241562768      1.00285925088241562768                           0 -4.82469966756049473133e-17
      8.60000000000000000035      1.00266390748615052964      1.00266390748615049548      1.00266390748615049548                           0 -3.41523684332933896712e-17
      8.69999999999999999983      1.00248206670493988923      1.00248206670493982852      1.00248206670493982852                           0 -6.07153216591882483044e-17
      8.80000000000000000017      1.00231277790982198361      1.00231277790982194664      1.00231277790982194664                           0 -3.69712940817557011997e-17
      8.90000000000000000052      1.00215515932532550636      1.00215515932532550441      1.00215515932532550441                           0 -1.95156391047390798121e-18
                           9      1.00200839282608233916      1.00200839282608221447      1.00200839282608221447                           0 -1.24683249835833009911e-16
      9.10000000000000000035      1.00187171915112749332      1.00187171915112747435      1.00187171915112747435                           0 -1.89735380184963275951e-17
      9.19999999999999999983      1.00174443349958974814      1.00174443349958976321      1.00174443349958976321                           0  1.50704101975485116327e-17
      9.30000000000000000017      1.00162588147493725188      1.00162588147493727183      1.00162588147493727183                           0  1.99493199737332815857e-17
      9.40000000000000000052       1.0015154553480514199      1.00151545534805135192      1.00151545534805135192                           0 -6.79794762148411280123e-17
                         9.5        1.001412590612173803      1.00141259061217366216      1.00141259061217366216                           0 -1.40837862205867025978e-16
      9.60000000000000000035      1.00131676280526482614      1.00131676280526472878      1.00131676280526472878                           0 -9.73613550891982981739e-17
      9.69999999999999999983      1.00122748457754862095      1.00122748457754854202      1.00122748457754854202                           0 -7.89299181569447227957e-17
      9.80000000000000000017      1.00114430298402945496      1.00114430298402935229      1.00114430298402935229                           0 -1.02673945734377269901e-16
      9.90000000000000000052      1.00106679698357781128      1.00106679698357801597      1.00106679698357801597                           0  2.04697370165263237141e-16

    -0.900000000000000000033    -0.101193503985351886445    -0.101193503985351886445                           0
    -0.800000000000000000011    -0.121987077669771142296    -0.121987077669771142296                           0
    -0.699999999999999999989    -0.146237191725908049426    -0.146237191725908049426                           0
    -0.600000000000000000022    -0.174595711938013378687    -0.174595711938013378687                           0
                        -0.5    -0.207886224977354566016    -0.207886224977354566016                           0
    -0.400000000000000000005    -0.247165460831714836335    -0.247165460831714836335                           0
    -0.300000000000000000011    -0.293813068129721262936    -0.293813068129721262936                           0
    -0.200000000000000000003    -0.349666280598314137057    -0.349666280598314137057                           0
    -0.100000000000000000001    -0.417228040767366856743    -0.417228040767366856743                           0
                           0                        -0.5                        -0.5                           0
     0.100000000000000000001    -0.603037519856241715165    -0.603037519856241715165                           0
     0.200000000000000000003    -0.733920924896340592263    -0.733920924896340592263                           0
     0.300000000000000000011    -0.904559257253983990167    -0.904559257253983990167                           0
     0.400000000000000000005       -1.134797783866981565       -1.134797783866981565                           0
                         0.5     -1.46035450880958681322     -1.46035450880958681322                           0
     0.600000000000000000022     -1.95266144822400073073     -1.95266144822400073073                           0
     0.699999999999999999989     -2.77838844555369605168     -2.77838844555369605168                           0
     0.800000000000000000011     -4.43753841589555047273     -4.43753841589555047273                           0
     0.900000000000000000033     -9.43011401940225237658     -9.43011401940225237658                           0
      1.10000000000000000002       10.584448464950809825       10.584448464950809825                           0
      1.20000000000000000004      5.59158244117775077601      5.59158244117775077601                           0
      1.30000000000000000007      3.93194921180954422529      3.93194921180954422529                           0
      1.39999999999999999998      3.10554727797758039955      3.10554727797758039955                           0
                         1.5      2.61237534868548834308      2.61237534868548834308                           0
      1.60000000000000000002      2.28576566568012987612      2.28576566568012987612                           0
      1.70000000000000000004      2.05428875683775123868      2.05428875683775123868                           0
      1.80000000000000000007      1.88222961810282204726      1.88222961810282204726                           0
      1.89999999999999999998      1.74974643512506081416      1.74974643512506081416                           0
                           2       1.6449340668482264361       1.6449340668482264361                           0
      2.10000000000000000013      1.56021653350336208339      1.56021653350336208339                           0
      2.20000000000000000004      1.49054325650689350796      1.49054325650689350796                           0
      2.29999999999999999996      1.43241779931532371576      1.43241779931532371576                           0
      2.40000000000000000009      1.38334285884073572798      1.38334285884073572798                           0
                         2.5      1.34148725725091717972      1.34148725725091717972                           0
      2.60000000000000000013      1.30547780907278059383      1.30547780907278059383                           0
      2.70000000000000000004      1.27426464444367994959      1.27426464444367994959                           0
      2.79999999999999999996      1.24703142231725324697      1.24703142231725324697                           0
      2.90000000000000000009      1.22313389530435526361      1.22313389530435526361                           0
                           3      1.20205690315959428554      1.20205690315959428554                           0
      3.10000000000000000013      1.18338365211190645174      1.18338365211190645174                           0
      3.20000000000000000004      1.16677337098446702026      1.16677337098446702026                           0
      3.29999999999999999996      1.15194479472077368856      1.15194479472077368856                           0
      3.40000000000000000009      1.13866377572804167368      1.13866377572804167368                           0
                         3.5      1.12673386731705664639      1.12673386731705664639                           0
      3.60000000000000000013      1.11598907912333764471      1.11598907912333764471                           0
      3.70000000000000000004      1.10628824146467926056      1.10628824146467926056                           0
      3.79999999999999999996       1.0975105764590042586       1.0975105764590042586                           0
      3.90000000000000000009      1.08955218467032126839      1.08955218467032126839                           0
                           4      1.08232323371113819152      1.08232323371113819152                           0
      4.09999999999999999991      1.07574569034350352257      1.07574569034350352257                           0
      4.20000000000000000026      1.06975147723380940921      1.06975147723380940921                           0
      4.30000000000000000017      1.06428096432584000993      1.06428096432584000993                           0
      4.40000000000000000009      1.05928172597983541751      1.05928172597983541751                           0
                         4.5      1.05470751076145426389      1.05470751076145426389                           0
      4.59999999999999999991      1.05051738256657347075      1.05051738256657347075                           0
      4.70000000000000000026      1.04667500069913119859      1.04667500069913119859                           0
      4.80000000000000000017      1.04314801333517896296      1.04314801333517896296                           0
      4.90000000000000000009      1.03990754404935611954      1.03990754404935611954                           0
                           5      1.03692775514336992622      1.03692775514336992622                           0
      5.09999999999999999991      1.03418547468748962326      1.03418547468748962326                           0
      5.20000000000000000026      1.03165987667791660956      1.03165987667791660956                           0
      5.30000000000000000017      1.02933220568321935021      1.02933220568321935021                           0
      5.40000000000000000009      1.02718553892035382514      1.02718553892035382514                           0
                         5.5      1.02520457995468569428      1.02520457995468569428                           0
      5.59999999999999999991      1.02337547922702991083      1.02337547922702991083                           0
      5.70000000000000000026      1.02168567742622006119      1.02168567742622006119                           0
      5.80000000000000000017      1.02012376838834464387      1.02012376838834464387                           0
      5.90000000000000000009      1.01867937874474041187      1.01867937874474041187                           0
                           6      1.01734306198444913961      1.01734306198444913961                           0
      6.09999999999999999991      1.01610620496220992507      1.01610620496220992507                           0
      6.20000000000000000026      1.01496094518522297998      1.01496094518522297998                           0
      6.30000000000000000017      1.01390009746280776871      1.01390009746280776871                           0
      6.40000000000000000009      1.01291708871218401127      1.01291708871218401127                           0
                         6.5      1.01200589988852479584      1.01200589988852479584                           0
      6.59999999999999999991      1.01116101415427096408      1.01116101415427096408                           0
      6.70000000000000000026      1.01037737052638092856      1.01037737052638092856                           0
      6.80000000000000000017      1.00965032234471188645      1.00965032234471188645                           0
      6.90000000000000000009      1.00897559999333422869      1.00897559999333422869                           0
                           7       1.0083492773819228267       1.0083492773819228267                           0
      7.09999999999999999991      1.00776774175862037918      1.00776774175862037918                           0
      7.20000000000000000026      1.00722766648071711466      1.00722766648071711466                           0
      7.30000000000000000017      1.00672598641661358531      1.00672598641661358531                           0
      7.40000000000000000009       1.0062598756930511007       1.0062598756930511007                           0
                         7.5      1.00582672753652280749      1.00582672753652280749                           0
      7.59999999999999999991      1.00542413598796348962      1.00542413598796348962                           0
      7.70000000000000000026      1.00504987929596499802      1.00504987929596499802                           0
      7.80000000000000000017      1.00470190481646950314      1.00470190481646950314                           0
      7.90000000000000000009      1.00437831526665277498      1.00437831526665277498                           0
                           8      1.00407735619794433917      1.00407735619794433917                           0
      8.10000000000000000035      1.00379740456819558454      1.00379740456819558454                           0
      8.19999999999999999983       1.0035369583062013325       1.0035369583062013325                           0
      8.30000000000000000017      1.00329462677336051239      1.00329462677336051239                           0
      8.40000000000000000052       1.0030691220374447556       1.0030691220374447556                           0
                         8.5      1.00285925088241562768      1.00285925088241562768                           0
      8.60000000000000000035      1.00266390748615049548      1.00266390748615049548                           0
      8.69999999999999999983      1.00248206670493982852      1.00248206670493982852                           0
      8.80000000000000000017      1.00231277790982194664      1.00231277790982194664                           0
      8.90000000000000000052      1.00215515932532550441      1.00215515932532550441                           0
                           9      1.00200839282608221447      1.00200839282608221447                           0
      9.10000000000000000035      1.00187171915112747435      1.00187171915112747435                           0
      9.19999999999999999983      1.00174443349958976321      1.00174443349958976321                           0
      9.30000000000000000017      1.00162588147493727183      1.00162588147493727183                           0
      9.40000000000000000052      1.00151545534805135192      1.00151545534805135192                           0
                         9.5      1.00141259061217366216      1.00141259061217366216                           0
      9.60000000000000000035      1.00131676280526472878      1.00131676280526472878                           0
      9.69999999999999999983      1.00122748457754854202      1.00122748457754854202                           0
      9.80000000000000000017      1.00114430298402935229      1.00114430298402935229                           0
      9.90000000000000000052      1.00106679698357801597      1.00106679698357801597                           0
