ln(2) = 0.693147180559945
ln(2) = 0.693147180559945

                       1                       1                       2
                       1                       1                       2
                       1                       1                       2

                    -0.5                    -1.5       0.888888888888889
                    -0.5                    -1.5       0.888888888888889
                    -0.5                    -1.5       0.888888888888889

                   0.375                   1.875       0.568888888888889
                   0.375                   1.875       0.568888888888889
                   0.375                   1.875       0.568888888888889

                 -0.3125                 -2.1875       0.417959183673469
                 -0.3125                 -2.1875       0.417959183673469
                 -0.3125                 -2.1875       0.417959183673469

               0.2734375               2.4609375        0.33023935500126
               0.2734375               2.4609375       0.330239355001259
               0.2734375               2.4609375        0.33023935500126

             -0.24609375             -2.70703125       0.272925086777901
             -0.24609375             -2.70703125         0.2729250867779
             -0.24609375             -2.70703125       0.272925086777901

            0.2255859375            2.9326171875       0.232551553230874
            0.2255859375            2.9326171875       0.232551553230874
            0.2255859375            2.9326171875       0.232551553230874

          -0.20947265625          -3.14208984375       0.202578241925561
          -0.20947265625       -3.14208984374999       0.202578241925562
          -0.20947265625          -3.14208984375       0.202578241925561

       0.196380615234375        3.33847045898438       0.179446470356207
       0.196380615234375        3.33847045898437       0.179446470356207
       0.196380615234375        3.33847045898438       0.179446470356207

      -0.185470581054688       -3.52394104003906       0.161054449848784
      -0.185470581054688       -3.52394104003906       0.161054449848784
      -0.185470581054688       -3.52394104003906       0.161054449848784

       0.176197052001953        3.70013809204102        0.14608113364969
       0.176197052001953        3.70013809204101       0.146081133649691
       0.176197052001953        3.70013809204102        0.14608113364969

      -0.168188095092773       -3.86832618713379       0.133654572186106
      -0.168188095092774        -3.8683261871338       0.133654572186106
      -0.168188095092773       -3.86832618713379       0.133654572186106

       0.161180257797241        4.02950644493103       0.123176053726715
       0.161180257797242        4.02950644493105       0.123176053726715
       0.161180257797241        4.02950644493103       0.123176053726715

      -0.154981017112732       -4.18448746204376       0.114220867378957
      -0.154981017112732       -4.18448746204375       0.114220867378958
      -0.154981017112732       -4.18448746204376       0.114220867378957

       0.149445980787277        4.33393344283104       0.106479381718314
       0.149445980787279        4.33393344283108       0.106479381718312
       0.149445980787277        4.33393344283104       0.106479381718314

      -0.144464448094368       -4.47839789092541      0.0997205447934264
      -0.144464448094368       -4.47839789092539       0.099720544793427
      -0.144464448094368       -4.47839789092541      0.0997205447934264

       0.139949934091419        4.61834782501683        0.09376844616021
        0.13994993409142        4.61834782501686      0.0937684461602084
       0.139949934091419        4.61834782501683        0.09376844616021

      -0.135833759559318       -4.75418158457615      0.0884867949071043
      -0.135833759559318       -4.75418158457614      0.0884867949071044
      -0.135833759559318       -4.75418158457614      0.0884867949071043

        0.13206059957156         4.8862421841477      0.0837683609931389
        0.13206059957156        4.88624218414771      0.0837683609931386
        0.13206059957156         4.8862421841477      0.0837683609931389

      -0.128585320635466       -5.01482750478317      0.0795276221394429
      -0.128585320635465       -5.01482750478315      0.0795276221394435
      -0.128585320635466       -5.01482750478317      0.0795276221394429

       0.125370687619579        5.14019819240275      0.0756955356472984
       0.125370687619579        5.14019819240273       0.075695535647299
       0.125370687619579        5.14019819240275      0.0756955356472984

      -0.122385671247685       -5.26258386365043       0.072215751693799
      -0.122385671247684       -5.26258386365043      0.0722157516937992
      -0.122385671247685       -5.26258386365043       0.072215751693799

       0.119604178719328        5.38218804236976       0.069041824829232
       0.119604178719328        5.38218804236974      0.0690418248292326
       0.119604178719328        5.38218804236976       0.069041824829232

      -0.117004087877604       -5.49919213024736      0.0661351296236555
      -0.117004087877604       -5.49919213024738      0.0661351296236551
      -0.117004087877604       -5.49919213024737      0.0661351296236555

       0.114566502713487        5.61375863296085      0.0634632814047906
       0.114566502713486        5.61375863296082      0.0634632814047912
       0.114566502713487        5.61375863296085      0.0634632814047906

      -0.112275172659217       -5.72603380562007      0.0609989248412059
      -0.112275172659216       -5.72603380562002      0.0609989248412069
      -0.112275172659217       -5.72603380562007      0.0609989248412059

       0.110116034723463        5.83614984034353      0.0587187941511644
       0.110116034723465        5.83614984034363      0.0587187941511624
       0.110116034723463        5.83614984034353      0.0587187941511644

      -0.108076848895251       -5.94422668923878      0.0566029764445604
      -0.108076848895248       -5.94422668923863      0.0566029764445633
      -0.108076848895251       -5.94422668923878      0.0566029764445604

       0.106146905164978        6.05037359440376       0.054634328756584
       0.106146905164976        6.05037359440363      0.0546343287565863
       0.106146905164978        6.05037359440376       0.054634328756584

       -0.10431678611041       -6.15469038051417      0.0527980126219904
      -0.104316786110409       -6.15469038051415      0.0527980126219907
       -0.10431678611041       -6.15469038051417      0.0527980126219904

        0.10257817300857        6.25726855352274      0.0510811194407862
       0.102578173008572        6.25726855352287      0.0510811194407841
        0.10257817300857        6.25726855352274      0.0510811194407862

      -0.100923686347141       -6.35819223986988       0.049472366623931
      -0.100923686347143          -6.35819223987      0.0494723666239291
      -0.100923686347141       -6.35819223986988       0.049472366623931

      0.0993467537479669        6.45753899361785      0.0479618493944666
       0.099346753747966        6.45753899361779      0.0479618493944675
      0.0993467537479669        6.45753899361785      0.0479618493944666

     -0.0978414999033007       -6.55538049352115      0.0465408367035635
      -0.097841499903302       -6.55538049352123      0.0465408367035623
     -0.0978414999033007       -6.55538049352115      0.0465408367035635

      0.0964026543164875        6.65178314783764        0.04520160237708
       0.096402654316487         6.6517831478376      0.0452016023770804
      0.0964026543164875        6.65178314783764      0.0452016023770799

     -0.0950254735405377       -6.74680862137817      0.0439372845958524
     -0.0950254735405383       -6.74680862137822      0.0439372845958517
     -0.0950254735405377       -6.74680862137818      0.0439372845958523

      0.0937056752969191        6.84051429667509      0.0427417683139236
      0.0937056752969189        6.84051429667508      0.0427417683139237
      0.0937056752969191        6.84051429667509      0.0427417683139235

     -0.0924393823875012       -6.93295367906259      0.0416095863621414
      -0.092439382387501       -6.93295367906257      0.0416095863621417
     -0.0924393823875013        -6.9329536790626      0.0416095863621414

      0.0912230747245078         7.0241767537871      0.0405358358623256
      0.0912230747245093        7.02417675378722      0.0405358358623244
      0.0912230747245078         7.0241767537871      0.0405358358623256

     -0.0900535481254757       -7.11423030191258      0.0395161072562713
     -0.0900535481254737       -7.11423030191242       0.039516107256273
     -0.0900535481254757       -7.11423030191258      0.0395161072562713

      0.0889278787739072        7.20315818068649      0.0385464237829807
      0.0889278787739067        7.20315818068644      0.0385464237829812
      0.0889278787739073        7.20315818068649      0.0385464237829807

     -0.0878433924473962       -7.29100157313388      0.0376231896526001
     -0.0878433924473958       -7.29100157313385      0.0376231896526005
     -0.0878433924473962       -7.29100157313388      0.0376231896526001

      0.0867976377754033        7.37779921090929      0.0367431454932521
      0.0867976377754019        7.37779921090916      0.0367431454932533
      0.0867976377754034        7.37779921090929      0.0367431454932521

     -0.0857883629175498       -7.46358757382684      0.0359033299072655
     -0.0857883629175512       -7.46358757382696      0.0359033299072643
     -0.0857883629175499       -7.46358757382684      0.0359033299072655

      0.0848134951571231        7.54840106898396      0.0351010461812731
      0.0848134951571207        7.54840106898374      0.0351010461812751
      0.0848134951571232        7.54840106898396       0.035101046181273

     -0.0838711229887106       -7.63227219197267       0.034333833361709
     -0.0838711229887084       -7.63227219197246      0.0343338333617108
     -0.0838711229887107       -7.63227219197267      0.0343338333617089

       0.082959480347529         7.7152316723202      0.0335994410421442
       0.082959480347526        7.71523167231992      0.0335994410421466
       0.082959480347529         7.7152316723202      0.0335994410421441

     -0.0820769326842574       -7.79730860500445      0.0328958073183807
     -0.0820769326842575       -7.79730860500446      0.0328958073183806
     -0.0820769326842575       -7.79730860500446      0.0328958073183806

      0.0812219646354631        7.87853056963992      0.0322210394564987
      0.0812219646354658        7.87853056964018      0.0322210394564965
      0.0812219646354631        7.87853056963992      0.0322210394564987

     -0.0803931690779583       -7.95892373871788      0.0315733968921756
     -0.0803931690779554       -7.95892373871759      0.0315733968921779
     -0.0803931690779584       -7.95892373871788      0.0315733968921756

      0.0795892373871788        8.03851297610506      0.0309512762397565
      0.0795892373871789        8.03851297610507      0.0309512762397565
      0.0795892373871788        8.03851297610506      0.0309512762397565

      -0.078808950746128       -8.11732192685118      0.0303531980392522
     -0.0788089507461301        -8.1173219268514      0.0303531980392506
      -0.078808950746128       -8.11732192685119      0.0303531980392522

      0.0780511723735691        8.19537309922475      0.0297777950106623
      0.0780511723735661        8.19537309922444      0.0297777950106646
      0.0780511723735691        8.19537309922476      0.0297777950106623

     -0.0773148405587241       -8.27268793978348      0.0292238016193381
     -0.0773148405587243       -8.27268793978349       0.029223801619338
     -0.0773148405587241       -8.27268793978348      0.0292238016193381

      0.0765989624054026        8.34928690218888       0.028690044784779
      0.0765989624054055         8.3492869021892      0.0286900447847769
      0.0765989624054026        8.34928690218888       0.028690044784779

     -0.0759026082017171        -8.4251895103906       0.028175435589305
     -0.0759026082017196       -8.42518951039087      0.0281754355893031
     -0.0759026082017171        -8.4251895103906      0.0281754355893049

      0.0752249063427732        8.50041441673337      0.0276789618632815
      0.0752249063427743         8.5004144167335      0.0276789618632806
      0.0752249063427732        8.50041441673338      0.0276789618632814

     -0.0745650387432752       -8.57497945547665      0.0271996815406583
      -0.074565038743276       -8.57497945547674      0.0271996815406577
     -0.0745650387432752       -8.57497945547665      0.0271996815406583

      0.0739222366851435        8.64890169216179      0.0267367166930454
      0.0739222366851405        8.64890169216144      0.0267367166930475
      0.0739222366851435        8.64890169216179      0.0267367166930453

     -0.0732957770522185       -8.72219746921401      0.0262892481628391
     -0.0732957770522214       -8.72219746921434       0.026289248162837
     -0.0732957770522186       -8.72219746921401       0.026289248162839

      0.0726849789101167        8.79488244812412      0.0258565107263768
      0.0726849789101148        8.79488244812389      0.0258565107263782
      0.0726849789101168        8.79488244812413      0.0258565107263767

       -0.07208920039446       -8.86697164851858      0.0254377887270403
     -0.0720892003944621       -8.86697164851885      0.0254377887270388
     -0.0720892003944601       -8.86697164851859      0.0254377887270402

      0.0715078358751498        8.93847948439373      0.0250324121258862
      0.0715078358751478        8.93847948439348      0.0250324121258876
      0.0715078358751499        8.93847948439374      0.0250324121258861

     -0.0709403133682042       -9.00941979776194      0.0246397529239611
     -0.0709403133682064       -9.00941979776222      0.0246397529239596
     -0.0709403133682043       -9.00941979776194      0.0246397529239611

      0.0703860921700151        9.07980588993195      0.0242592219161215
      0.0703860921700163         9.0798058899321      0.0242592219161208
      0.0703860921700152        9.07980588993196      0.0242592219161215

     -0.0698446606917842       -9.14965055062373      0.0238902657410672
     -0.0698446606917839       -9.14965055062369      0.0238902657410674
     -0.0698446606917843       -9.14965055062374      0.0238902657410672

      0.0693155344744222        9.21896608509816      0.0235323641965264
       0.069315534474423        9.21896608509826      0.0235323641965259
      0.0693155344744223        9.21896608509816      0.0235323641965263

     -0.0687982543664042       -9.28776433946456       0.023185027792199
     -0.0687982543664049       -9.28776433946465      0.0231850277921986
     -0.0687982543664042       -9.28776433946457       0.023185027792199

      0.0682923848490041        9.35605672431357      0.0228477955162509
       0.068292384849003        9.35605672431341      0.0228477955162517
      0.0682923848490042        9.35605672431357      0.0228477955162509

     -0.0677975124950259       -9.42385423680859       0.022520232793928
     -0.0677975124950225       -9.42385423680813      0.0225202327939302
     -0.0677975124950259        -9.4238542368086      0.0225202327939279

      0.0673132445486328        9.49116748135723      0.0222019296192841
      0.0673132445486312          9.491167481357      0.0222019296192852
      0.0673132445486328        9.49116748135723      0.0222019296192841

     -0.0668392076151917       -9.55800668897242      0.0218924988431339
     -0.0668392076151964       -9.55800668897308      0.0218924988431309
     -0.0668392076151918       -9.55800668897242      0.0218924988431339

      0.0663750464511974        9.62438173542361      0.0215915746021986
      0.0663750464511971        9.62438173542358      0.0215915746021987
      0.0663750464511974        9.62438173542362      0.0215915746021985

     -0.0659204228453672       -9.69030215826898      0.0212988108760454
     -0.0659204228453675       -9.69030215826902      0.0212988108760452
     -0.0659204228453673       -9.69030215826899      0.0212988108760454

      0.0654750145828985        9.75577717285188      0.0210138801598531
      0.0654750145829023        9.75577717285244      0.0210138801598507
      0.0654750145828986        9.75577717285189       0.021013880159853

     -0.0650385144856792       -9.82081568733756      0.0207364722423005
     -0.0650385144856782        -9.8208156873374      0.0207364722423012
     -0.0650385144856792       -9.82081568733756      0.0207364722423005

      0.0646106295219576        9.88542631685952      0.0204662930789915
      0.0646106295219601        9.88542631685989      0.0204662930789899
      0.0646106295219577        9.88542631685952      0.0204662930789914

     -0.0641910799796073       -9.94961739683913      0.0202030637528142
     -0.0641910799796055       -9.94961739683886      0.0202030637528153
     -0.0641910799796073       -9.94961739683913      0.0202030637528142

      0.0637795986976867        10.0133969955368      0.0199465195135091
      0.0637795986976921        10.0133969955377      0.0199465195135058
      0.0637795986976867        10.0133969955368      0.0199465195135091

     -0.0633759303514988       -10.0767729258883      0.0196964088894918
     -0.0633759303515017       -10.0767729258888        0.01969640888949
     -0.0633759303514988       -10.0767729258883      0.0196964088894918

      0.0629798307868019        10.1397527566751      0.0194524928656684
      0.0629798307868036        10.1397527566754      0.0194524928656673
       0.062979830786802        10.1397527566751      0.0194524928656684

     -0.0625910663992291       -10.2023438230743      0.0192145441215929
     -0.0625910663992349       -10.2023438230753      0.0192145441215893
     -0.0625910663992291       -10.2023438230743      0.0192145441215928

      0.0622094135553313        10.2645532366297      0.0189823463248618
      0.0622094135553323        10.2645532366298      0.0189823463248612
      0.0622094135553314        10.2645532366297      0.0189823463248618

      -0.061834658051986       -10.3263878946817      0.0187556934751297
     -0.0618346580519874       -10.3263878946819      0.0187556934751288
      -0.061834658051986       -10.3263878946817      0.0187556934751296

      0.0614665946112003        10.3878544892929      0.0185343892945646
      0.0614665946112046        10.3878544892936       0.018534389294562
      0.0614665946112004        10.3878544892929      0.0185343892945646
