                      x                     f1                     f2                  delta                   frac
      -9.93750000000000      -13.4480658682326      -13.4480658682326       0.00000000000000      -0.00000000000000
      -9.91250000000000      -8.79585660974267      -8.79585660974267   1.77635683940025e-15  -2.01953819646478e-16
      -9.88750000000000      -6.17467081339329      -6.17467081339329       0.00000000000000      -0.00000000000000
      -9.86250000000000      -4.47606034857647      -4.47606034857647       0.00000000000000      -0.00000000000000
      -9.83750000000000      -3.27355000076034      -3.27355000076034   4.44089209850063e-16  -1.35659821828570e-16
      -9.81250000000000      -2.36797776244914      -2.36797776244914       0.00000000000000      -0.00000000000000
      -9.78750000000000      -1.65376866155739      -1.65376866155739  -4.44089209850063e-16   2.68531639384104e-16
      -9.76250000000000      -1.06966434114498      -1.06966434114498   1.33226762955019e-15  -1.24550064754343e-15
      -9.73750000000000     -0.577604030583059     -0.577604030583059       0.00000000000000      -0.00000000000000
      -9.71250000000000     -0.152620651046706     -0.152620651046706       0.00000000000000      -0.00000000000000
      -9.68750000000000      0.222417175233563      0.222417175233562   4.44089209850063e-16   1.99664980630979e-15
      -9.66250000000000      0.559730821286794      0.559730821286793   6.66133814775094e-16   1.19009672049805e-15
      -9.63750000000000      0.868352122281539      0.868352122281539       0.00000000000000       0.00000000000000
      -9.61250000000000       1.15518431716074       1.15518431716074   4.44089209850063e-16   3.84431474053911e-16
      -9.58750000000000       1.42568503937476       1.42568503937476       0.00000000000000       0.00000000000000
      -9.56250000000000       1.68432480988005       1.68432480988005   1.11022302462516e-15   6.59150193663788e-16
      -9.53750000000000       1.93490892997224       1.93490892997224   4.44089209850063e-16   2.29514269623240e-16
      -9.51250000000000       2.18081570605345       2.18081570605345       0.00000000000000       0.00000000000000
      -9.48750000000000       2.42518480392443       2.42518480392443       0.00000000000000       0.00000000000000
      -9.46250000000000       2.67107911097848       2.67107911097848       0.00000000000000       0.00000000000000
      -9.43750000000000       2.92163829255144       2.92163829255144   8.88178419700125e-16   3.04000129641129e-16
      -9.41250000000000       3.18024065411555       3.18024065411555   4.44089209850063e-16   1.39640127320354e-16
      -9.38750000000000       3.45069149557150       3.45069149557150       0.00000000000000       0.00000000000000
      -9.36250000000000       3.73746133601553       3.73746133601553  -8.88178419700125e-16  -2.37642169335992e-16
      -9.33750000000000       4.04600780657231       4.04600780657231       0.00000000000000       0.00000000000000
      -9.31250000000000       4.38323414339332       4.38323414339332       0.00000000000000       0.00000000000000
      -9.28750000000000       4.75817217838954       4.75817217838954       0.00000000000000       0.00000000000000
      -9.26250000000000       5.18304328086590       5.18304328086590  -8.88178419700125e-16  -1.71362338990876e-16
      -9.23750000000000       5.67497882440082       5.67497882440082  -8.88178419700125e-16  -1.56507794510388e-16
      -9.21250000000000       6.25894588316062       6.25894588316062  -8.88178419700125e-16  -1.41905432045630e-16
      -9.18750000000000       6.97300522264747       6.97300522264747       0.00000000000000       0.00000000000000
      -9.16250000000000       7.87841519420609       7.87841519420608   8.88178419700125e-16   1.12735670538576e-16
      -9.13750000000000       9.08075076385716       9.08075076385716       0.00000000000000       0.00000000000000
      -9.11250000000000       10.7791739325615       10.7791739325615   1.77635683940025e-15   1.64795266363990e-16
      -9.08750000000000       13.4001599078450       13.4001599078450       0.00000000000000       0.00000000000000
      -9.06250000000000       18.0521568128378       18.0521568128378   3.55271367880050e-15   1.96802726435103e-16
      -9.03750000000000       28.7988708868470       28.7988708868470       0.00000000000000       0.00000000000000
      -9.01250000000000       82.2119387256369       82.2119387256369   1.42108547152020e-14   1.72856338574224e-16
      -8.98750000000000      -77.7084352740371      -77.7084352740371  -2.84217094304040e-14   3.65748059784957e-16
      -8.96250000000000      -24.2953812476638      -24.2953812476638       0.00000000000000      -0.00000000000000
      -8.93750000000000      -13.5486947990502      -13.5486947990502  -3.55271367880050e-15   2.62218149533455e-16
      -8.91250000000000      -8.89673933357622      -8.89673933357622       0.00000000000000      -0.00000000000000
      -8.88750000000000      -6.27580861364614      -6.27580861364614   1.77635683940025e-15  -2.83048280908014e-16
      -8.86250000000000      -4.57745451841170      -4.57745451841170       0.00000000000000      -0.00000000000000
      -8.83750000000000      -3.37520184319998      -3.37520184319998   8.88178419700125e-16  -2.63148238523731e-16
      -8.81250000000000      -2.46988859047462      -2.46988859047462   1.33226762955019e-15  -5.39403936958215e-16
      -8.78750000000000      -1.75593979821129      -1.75593979821129   4.44089209850063e-16  -2.52906853812664e-16
      -8.76250000000000      -1.17209711963410      -1.17209711963410   4.44089209850063e-16  -3.78884311215351e-16
      -8.73750000000000     -0.680299794382803     -0.680299794382803   4.44089209850063e-16  -6.52784571621044e-16
      -8.71250000000000     -0.255580754006810     -0.255580754006809  -8.88178419700125e-16   3.47513811496332e-15
      -8.68750000000000      0.119191368781950      0.119191368781949   8.88178419700125e-16   7.45170081337834e-15
      -8.66250000000000      0.456237936422628      0.456237936422628       0.00000000000000       0.00000000000000
      -8.63750000000000      0.764590773384003      0.764590773384003  -2.22044604925031e-16  -2.90409736364309e-16
      -8.61250000000000       1.05115310779793       1.05115310779793   6.66133814775094e-16   6.33717210017659e-16
      -8.58750000000000       1.32138256219092       1.32138256219092   4.44089209850063e-16   3.36079211696073e-16
      -8.56250000000000       1.57974964648135       1.57974964648135   1.11022302462516e-15   7.02784157665745e-16
      -8.53750000000000       1.83005965081103       1.83005965081103   4.44089209850063e-16   2.42663789485362e-16
      -8.51250000000000       2.07569087031101       2.07569087031101  -4.44089209850063e-16  -2.13947662535859e-16
      -8.48750000000000       2.31978295939215       2.31978295939215       0.00000000000000       0.00000000000000
      -8.46250000000000       2.56539879393753       2.56539879393753       0.00000000000000       0.00000000000000
      -8.43750000000000       2.81567802765078       2.81567802765078   4.44089209850063e-16   1.57720167394488e-16
      -8.41250000000000       3.07399895424836       3.07399895424836   4.44089209850063e-16   1.44466285271932e-16
      -8.38750000000000       3.34416686174993       3.34416686174993       0.00000000000000       0.00000000000000
      -8.36250000000000       3.63065225724383       3.63065225724383   4.44089209850063e-16   1.22316646812986e-16
      -8.33750000000000       3.93891275971822       3.93891275971822   8.88178419700125e-16   2.25488218165985e-16
      -8.31250000000000       4.27585159305775       4.27585159305775       0.00000000000000       0.00000000000000
      -8.28750000000000       4.65050057677446       4.65050057677446  -8.88178419700125e-16  -1.90985551993234e-16
      -8.26250000000000       5.07508106764053       5.07508106764053       0.00000000000000       0.00000000000000
      -8.23750000000000       5.56672442656591       5.56672442656591   8.88178419700125e-16   1.59551354017364e-16
      -8.21250000000000       6.15039771491095       6.15039771491095   8.88178419700125e-16   1.44409916377739e-16
      -8.18750000000000       6.86416168523250       6.86416168523250       0.00000000000000       0.00000000000000
      -8.16250000000000       7.76927467578862       7.76927467578862   8.88178419700125e-16   1.14319348557460e-16
      -8.13750000000000       8.97131163937016       8.97131163937015   1.77635683940025e-15   1.98004139283803e-16
      -8.11250000000000       10.6694345635629       10.6694345635629       0.00000000000000       0.00000000000000
      -8.08750000000000       13.2901186423704       13.2901186423704       0.00000000000000       0.00000000000000
      -8.06250000000000       17.9418119852516       17.9418119852516       0.00000000000000       0.00000000000000
      -8.03750000000000       28.6882208176907       28.6882208176907       0.00000000000000       0.00000000000000
      -8.01250000000000       82.1009817214757       82.1009817214757   1.42108547152020e-14   1.73089948709892e-16
      -7.98750000000000      -77.8197009207617      -77.8197009207617       0.00000000000000      -0.00000000000000
      -7.96250000000000      -24.4069572588214      -24.4069572588214       0.00000000000000      -0.00000000000000
      -7.93750000000000      -13.6605829109384      -13.6605829109384       0.00000000000000      -0.00000000000000
      -7.91250000000000      -9.00894129711059      -9.00894129711058  -1.77635683940025e-15   1.97177091160532e-16
      -7.88750000000000      -6.38832619451825      -6.38832619451825       0.00000000000000      -0.00000000000000
      -7.86250000000000      -4.69028949725508      -4.69028949725508  -8.88178419700125e-16   1.89365372909267e-16
      -7.83750000000000      -3.48835601576010      -3.48835601576010  -4.44089209850063e-16   1.27306160220948e-16
      -7.81250000000000      -2.58336376777959      -2.58336376777959   8.88178419700125e-16  -3.43806950758436e-16
      -7.78750000000000      -1.86973780674614      -1.86973780674614       0.00000000000000      -0.00000000000000
      -7.76250000000000      -1.28621980151715      -1.28621980151715   8.88178419700125e-16  -6.90533934132007e-16
      -7.73750000000000     -0.794749007544463     -0.794749007544464   8.88178419700125e-16  -1.11755838795487e-15
      -7.71250000000000     -0.370358372371229     -0.370358372371229       0.00000000000000      -0.00000000000000
      -7.68750000000000    0.00408345511288433    0.00408345511288344   8.88178419700125e-16   2.17506595553822e-13
      -7.66250000000000      0.340797820982512      0.340797820982511   6.66133814775094e-16   1.95463049867704e-15
      -7.63750000000000      0.648816533152454      0.648816533152454       0.00000000000000       0.00000000000000
      -7.61250000000000      0.935042803008389      0.935042803008389   4.44089209850063e-16   4.74939979668587e-16
      -7.58750000000000       1.20493423613561       1.20493423613561   4.44089209850063e-16   3.68558877764415e-16
      -7.56250000000000       1.46296132531347       1.46296132531347   1.55431223447522e-15   1.06244246350270e-15
      -7.53750000000000       1.71292934334397       1.71292934334397   2.22044604925031e-16   1.29628583798767e-16
      -7.51250000000000       1.95821656781467       1.95821656781467       0.00000000000000       0.00000000000000
      -7.48750000000000       2.20196263538627       2.20196263538627   4.44089209850063e-16   2.01678812670752e-16
      -7.46250000000000       2.44723040398184       2.44723040398184       0.00000000000000       0.00000000000000
      -7.43750000000000       2.69715950913226       2.69715950913226   4.44089209850063e-16   1.64650703210704e-16
      -7.41250000000000       2.95512822616515       2.95512822616515   4.44089209850063e-16   1.50277475582288e-16
      -7.38750000000000       3.22494182449209       3.22494182449209       0.00000000000000       0.00000000000000
      -7.36250000000000       3.51107079237088       3.51107079237088       0.00000000000000       0.00000000000000
      -7.33750000000000       3.81897272973321       3.81897272973321       0.00000000000000       0.00000000000000
      -7.31250000000000       4.15555084117805       4.15555084117805       0.00000000000000       0.00000000000000
      -7.28750000000000       4.52983692669905       4.52983692669905       0.00000000000000       0.00000000000000
      -7.26250000000000       4.95405232331375       4.95405232331375       0.00000000000000       0.00000000000000
      -7.23750000000000       5.44532837193771       5.44532837193771       0.00000000000000       0.00000000000000
      -7.21250000000000       6.02863211369330       6.02863211369330       0.00000000000000       0.00000000000000
      -7.18750000000000       6.74202428065235       6.74202428065235       0.00000000000000       0.00000000000000
      -7.16250000000000       7.64676319033686       7.64676319033686       0.00000000000000       0.00000000000000
      -7.13750000000000       8.84842377454674       8.84842377454674   1.77635683940025e-15   2.00754042150433e-16
      -7.11250000000000       10.5461679996184       10.5461679996184  -1.77635683940025e-15  -1.68436235745962e-16
      -7.08750000000000       13.1664710380427       13.1664710380427       0.00000000000000       0.00000000000000
      -7.06250000000000       17.8177809774997       17.8177809774997       0.00000000000000       0.00000000000000
      -7.03750000000000       28.5638040214231       28.5638040214231   3.55271367880050e-15   1.24378170223263e-16
      -7.01250000000000       81.9761767292685       81.9761767292686  -1.42108547152020e-14  -1.73353470266541e-16
      -6.98750000000000      -77.9448965389153      -77.9448965389153  -1.42108547152020e-14   1.82319245341573e-16
      -6.96250000000000      -24.5325459558387      -24.5325459558387  -3.55271367880050e-15   1.44816346627691e-16
      -6.93750000000000      -13.7865671629069      -13.7865671629069   1.77635683940025e-15  -1.28846928928007e-16
      -6.91250000000000      -9.13532360358768      -9.13532360358768   1.77635683940025e-15  -1.94449251770635e-16
      -6.88750000000000      -6.51510907882887      -6.51510907882887       0.00000000000000      -0.00000000000000
      -6.86250000000000      -4.81747550679404      -4.81747550679404  -8.88178419700125e-16   1.84365944040097e-16
      -6.83750000000000      -3.61594772229917      -3.61594772229917  -4.44089209850063e-16   1.22814057048284e-16
      -6.81250000000000      -2.71136376777959      -2.71136376777959   8.88178419700125e-16  -3.27576266325739e-16
      -6.78750000000000      -1.99814872167391      -1.99814872167391       0.00000000000000      -0.00000000000000
      -6.76250000000000      -1.41504427816771      -1.41504427816771   4.44089209850063e-16  -3.13834144063037e-16
      -6.73750000000000     -0.923989718368373     -0.923989718368374   2.22044604925031e-16  -2.40310687998919e-16
      -6.71250000000000     -0.500018015807211     -0.500018015807210  -6.66133814775094e-16   1.33221962752625e-15
      -6.68750000000000     -0.125997845700124     -0.125997845700125   1.11022302462516e-15  -8.81144450094398e-15
      -6.66250000000000      0.210292111357715      0.210292111357715       0.00000000000000       0.00000000000000
      -6.63750000000000      0.517883636262110      0.517883636262110       0.00000000000000       0.00000000000000
      -6.61250000000000      0.803679913024809      0.803679913024809   2.22044604925031e-16   2.76284875765182e-16
      -6.58750000000000       1.07313851949640       1.07313851949640   2.22044604925031e-16   2.06911410680917e-16
      -6.56250000000000       1.33072992035479       1.33072992035479   1.11022302462516e-15   8.34296281794848e-16
      -6.53750000000000       1.58025935992772       1.58025935992772   2.22044604925031e-16   1.40511494856887e-16
      -6.51250000000000       1.82510508694944       1.82510508694944       0.00000000000000       0.00000000000000
      -6.48750000000000       2.06840670884203       2.06840670884203       0.00000000000000       0.00000000000000
      -6.46250000000000       2.31322705389809       2.31322705389809       0.00000000000000       0.00000000000000
      -6.43750000000000       2.56270572761965       2.56270572761965   8.88178419700125e-16   3.46578387884239e-16
      -6.41250000000000       2.82022097490039       2.82022097490039       0.00000000000000       0.00000000000000
      -6.38750000000000       3.08957803430597       3.08957803430597       0.00000000000000       0.00000000000000
      -6.36250000000000       3.37524736282929       3.37524736282929       0.00000000000000       0.00000000000000
      -6.33750000000000       3.68268652871107       3.68268652871107   4.44089209850063e-16   1.20588381983599e-16
      -6.31250000000000       4.01879870442591       4.01879870442591       0.00000000000000       0.00000000000000
      -6.28750000000000       4.39261565740230       4.39261565740230       0.00000000000000       0.00000000000000
      -6.26250000000000       4.81635869164422       4.81635869164422   8.88178419700125e-16   1.84408694734677e-16
      -6.23750000000000       5.30715911459746       5.30715911459746       0.00000000000000       0.00000000000000
      -6.21250000000000       5.88998393345066       5.88998393345066  -8.88178419700125e-16  -1.50794710093510e-16
      -6.18750000000000       6.60289384586974       6.60289384586974       0.00000000000000       0.00000000000000
      -6.16250000000000       7.50714713449043       7.50714713449043       0.00000000000000       0.00000000000000
      -6.13750000000000       8.70831869573763       8.70831869573763       0.00000000000000       0.00000000000000
      -6.11250000000000       10.4055704600754       10.4055704600754       0.00000000000000       0.00000000000000
      -6.08750000000000       13.0253775636159       13.0253775636159  -1.77635683940025e-15  -1.36376610253678e-16
      -6.06250000000000       17.6761880571457       17.6761880571457   3.55271367880050e-15   2.00988678515688e-16
      -6.03750000000000       28.4217081066807       28.4217081066807   3.55271367880050e-15   1.25000005821797e-16
      -6.01250000000000       81.8335742337246       81.8335742337246       0.00000000000000       0.00000000000000
      -5.98750000000000      -78.0880092401678      -78.0880092401678  -1.42108547152020e-14   1.81985106977117e-16
      -5.96250000000000      -24.6761725267543      -24.6761725267543  -3.55271367880050e-15   1.43973449486487e-16
      -5.93750000000000      -13.9307113070510      -13.9307113070510       0.00000000000000      -0.00000000000000
      -5.91250000000000      -9.27998906470885      -9.27998906470884  -1.77635683940025e-15   1.91417988427983e-16
      -5.88750000000000      -6.66029964144230      -6.66029964144230  -8.88178419700125e-16   1.33354123315057e-16
      -5.86250000000000      -4.96319499677582      -4.96319499677582  -1.77635683940025e-15   3.57905913540412e-16
      -5.83750000000000      -3.76220000749113      -3.76220000749113       0.00000000000000      -0.00000000000000
      -5.81250000000000      -2.85815275860528      -2.85815275860528   1.77635683940025e-15  -6.21505213131812e-16
      -5.78750000000000      -2.14547837176599      -2.14547837176599       0.00000000000000      -0.00000000000000
      -5.76250000000000      -1.56291858500690      -1.56291858500690   6.66133814775094e-16  -4.26211461790349e-16
      -5.73750000000000      -1.07241272393424      -1.07241272393424       0.00000000000000      -0.00000000000000
      -5.71250000000000     -0.648993807241103     -0.648993807241102  -2.22044604925031e-16   3.42136708313060e-16
      -5.68750000000000     -0.275530555980499     -0.275530555980499   4.44089209850063e-16  -1.61176029377117e-15
      -5.66250000000000     0.0601983027273207     0.0601983027273207       0.00000000000000       0.00000000000000
      -5.63750000000000      0.367224502552128      0.367224502552128   2.22044604925031e-16   6.04656288950958e-16
      -5.61250000000000      0.652451179565451      0.652451179565452  -2.22044604925031e-16  -3.40323708316258e-16
      -5.58750000000000      0.921335862949910      0.921335862949910   1.11022302462516e-16   1.20501444616567e-16
      -5.56250000000000       1.17834896797384       1.17834896797384   4.44089209850063e-16   3.76874102595999e-16
      -5.53750000000000       1.42729568879961       1.42729568879961  -2.22044604925031e-16  -1.55570150367214e-16
      -5.51250000000000       1.67155422322583       1.67155422322583  -6.66133814775094e-16  -3.98511639957190e-16
      -5.48750000000000       1.91426412695378       1.91426412695378   2.22044604925031e-16   1.15994758402738e-16
      -5.46250000000000       2.15848817575496       2.15848817575496   4.44089209850063e-16   2.05740858272127e-16
      -5.43750000000000       2.40736592179441       2.40736592179441       0.00000000000000       0.00000000000000
      -5.41250000000000       2.66427555579708       2.66427555579707   4.44089209850063e-16   1.66682912690389e-16
      -5.38750000000000       2.93302226131184       2.93302226131184  -4.44089209850063e-16  -1.51410105442376e-16
      -5.36250000000000       3.21807643945011       3.21807643945011       0.00000000000000       0.00000000000000
      -5.33750000000000       3.52489560168937       3.52489560168937   8.88178419700125e-16   2.51972971702892e-16
      -5.31250000000000       3.86038286284175       3.86038286284175   4.44089209850063e-16   1.15037607830213e-16
      -5.28750000000000       4.23356993175618       4.23356993175618  -8.88178419700125e-16  -2.09794200643259e-16
      -5.26250000000000       4.65667805292166       4.65667805292166   8.88178419700125e-16   1.90732193552198e-16
      -5.23750000000000       5.14683847331490       5.14683847331490  -8.88178419700125e-16  -1.72567766465785e-16
      -5.21250000000000       5.72901813868205       5.72901813868205       0.00000000000000       0.00000000000000
      -5.18750000000000       6.44127768425357       6.44127768425357   8.88178419700125e-16   1.37888546843956e-16
      -5.16250000000000       7.34487532921660       7.34487532921660       0.00000000000000       0.00000000000000
      -5.13750000000000       8.54538590551360       8.54538590551360       0.00000000000000       0.00000000000000
      -5.11250000000000       10.2419712780713       10.2419712780713  -3.55271367880050e-15  -3.46877918551392e-16
      -5.08750000000000       12.8611065163879       12.8611065163879       0.00000000000000       0.00000000000000
      -5.06250000000000       17.5112396035374       17.5112396035374  -3.55271367880050e-15  -2.02881906663125e-16
      -5.03750000000000       28.2560766367013       28.2560766367013       0.00000000000000       0.00000000000000
      -5.01250000000000       81.6672540674078       81.6672540674078   1.42108547152020e-14   1.74009214310945e-16
      -4.98750000000000      -78.2550238539504      -78.2550238539504  -1.42108547152020e-14   1.81596707985472e-16
      -4.96250000000000      -24.8438874114504      -24.8438874114504       0.00000000000000      -0.00000000000000
      -4.93750000000000      -14.0991323596826      -14.0991323596826       0.00000000000000      -0.00000000000000
      -4.91250000000000      -9.44912225709778      -9.44912225709778       0.00000000000000      -0.00000000000000
      -4.88750000000000      -6.83015102148477      -6.83015102148477       0.00000000000000      -0.00000000000000
      -4.86250000000000      -5.13377068973958      -5.13377068973958  -8.88178419700125e-16   1.73007029993617e-16
      -4.83750000000000      -3.93350621734122      -3.93350621734122   4.44089209850063e-16  -1.12899074086182e-16
      -4.81250000000000      -3.03019576935799      -3.03019576935799   8.88178419700125e-16  -2.93109253428964e-16
      -4.78750000000000      -2.31826454887183      -2.31826454887183       0.00000000000000      -0.00000000000000
      -4.76250000000000      -1.73645437676395      -1.73645437676395   8.88178419700125e-16  -5.11489637496455e-16
      -4.73750000000000      -1.24670466293205      -1.24670466293205       0.00000000000000      -0.00000000000000
      -4.71250000000000     -0.824048511836298     -0.824048511836298       0.00000000000000      -0.00000000000000
      -4.68750000000000     -0.451354731804675     -0.451354731804676   4.44089209850063e-16  -9.83902856350785e-16
      -4.66250000000000     -0.116402138773783     -0.116402138773783       0.00000000000000      -0.00000000000000
      -4.63750000000000      0.189840910534383      0.189840910534383       0.00000000000000       0.00000000000000
      -4.61250000000000      0.474277460189053      0.474277460189053       0.00000000000000       0.00000000000000
      -4.58750000000000      0.742364945723959      0.742364945723959   1.11022302462516e-16   1.49552188720665e-16
      -4.56250000000000      0.998573687074969      0.998573687074968   9.99200722162641e-16   1.00062793071337e-15
      -4.53750000000000       1.24670878135040       1.24670878135040  -2.22044604925031e-16  -1.78104628961159e-16
      -4.51250000000000       1.49014832753422       1.49014832753422  -4.44089209850063e-16  -2.98016782386291e-16
      -4.48750000000000       1.73203178071232       1.73203178071232       0.00000000000000       0.00000000000000
      -4.46250000000000       1.97542181419890       1.97542181419890       0.00000000000000       0.00000000000000
      -4.43750000000000       2.22345787581739       2.22345787581739   4.44089209850063e-16   1.99729086248961e-16
      -4.41250000000000       2.47951805002340       2.47951805002340       0.00000000000000       0.00000000000000
      -4.38750000000000       2.74740741212391       2.74740741212391       0.00000000000000       0.00000000000000
      -4.36250000000000       3.03159625296993       3.03159625296993       0.00000000000000       0.00000000000000
      -4.33750000000000       3.33754197171279       3.33754197171279       0.00000000000000       0.00000000000000
      -4.31250000000000       3.67214756872410       3.67214756872410  -8.88178419700125e-16  -2.41868934479865e-16
      -4.28750000000000       4.04444463624791       4.04444463624792  -8.88178419700125e-16  -2.19604543906948e-16
      -4.26250000000000       4.46665429995253       4.46665429995253  -8.88178419700125e-16  -1.98846465397952e-16
      -4.23750000000000       4.95590768572540       4.95590768572540       0.00000000000000       0.00000000000000
      -4.21250000000000       5.53717161590027       5.53717161590027       0.00000000000000       0.00000000000000
      -4.18750000000000       6.24850659991624       6.24850659991624       0.00000000000000       0.00000000000000
      -4.16250000000000       7.15117072873231       7.15117072873231  -8.88178419700125e-16  -1.24200421636077e-16
      -4.13750000000000       8.35073870356712       8.35073870356712       0.00000000000000       0.00000000000000
      -4.11250000000000       10.0463722560664       10.0463722560664  -1.77635683940025e-15  -1.76815749419162e-16
      -4.08750000000000       12.6645463198277       12.6645463198277  -1.77635683940025e-15  -1.40262177147173e-16
      -4.06250000000000       17.3137087393399       17.3137087393399       0.00000000000000       0.00000000000000
      -4.03750000000000       28.0575654704482       28.0575654704482       0.00000000000000       0.00000000000000
      -4.01250000000000       81.4677528205248       81.4677528205248   1.42108547152020e-14   1.74435334512158e-16
      -3.98750000000000      -78.4555251070835      -78.4555251070835  -1.42108547152020e-14   1.81132618713669e-16
      -3.96250000000000      -25.0453987464630      -25.0453987464630       0.00000000000000      -0.00000000000000
      -3.93750000000000      -14.3016640052522      -14.3016640052522       0.00000000000000      -0.00000000000000
      -3.91250000000000      -9.65268459806471      -9.65268459806471  -1.77635683940025e-15   1.84027233186133e-16
      -3.88750000000000      -7.03475460204743      -7.03475460204743   2.66453525910038e-15  -3.78767335867675e-16
      -3.86250000000000      -5.33942621673187      -5.33942621673187  -1.77635683940025e-15   3.32686840738389e-16
      -3.83750000000000      -4.14022456359445      -4.14022456359445  -8.88178419700125e-16   2.14524213857866e-16
      -3.81250000000000      -3.23798797715020      -3.23798797715020   8.88178419700125e-16  -2.74299480408147e-16
      -3.78750000000000      -2.52714183346713      -2.52714183346713  -4.44089209850063e-16   1.75727853486083e-16
      -3.76250000000000      -1.94642813004479      -1.94642813004479   1.11022302462516e-15  -5.70389940161627e-16
      -3.73750000000000      -1.45778645712730      -1.45778645712730   6.66133814775094e-16  -4.56948829177471e-16
      -3.71250000000000      -1.03625010334823      -1.03625010334823  -2.22044604925031e-16   2.14277040077083e-16
      -3.68750000000000     -0.664688065138009     -0.664688065138009   6.66133814775094e-16  -1.00217507988019e-15
      -3.66250000000000     -0.330879350570030     -0.330879350570030       0.00000000000000      -0.00000000000000
      -3.63750000000000    -0.0257925126462109    -0.0257925126462109       0.00000000000000      -0.00000000000000
      -3.61250000000000      0.257475292167372      0.257475292167372   6.66133814775094e-16   2.58717568263627e-15
      -3.58750000000000      0.524381294497800      0.524381294497800   4.44089209850063e-16   8.46882248680070e-16
      -3.56250000000000      0.779395604883188      0.779395604883187   9.99200722162641e-16   1.28201995995653e-15
      -3.53750000000000       1.02632310641927       1.02632310641927   2.22044604925031e-16   2.16349611088580e-16
      -3.51250000000000       1.26854167933478       1.26854167933478  -4.44089209850063e-16  -3.50078532762867e-16
      -3.48750000000000       1.50919055508558       1.50919055508558   2.22044604925031e-16   1.47128276264915e-16
      -3.46250000000000       1.75133217834456       1.75133217834456       0.00000000000000       0.00000000000000
      -3.43750000000000       1.99810576314133       1.99810576314133   4.44089209850063e-16   2.22255106832726e-16
      -3.41250000000000       2.25288915483927       2.25288915483927  -4.44089209850063e-16  -1.97119866681477e-16
      -3.38750000000000       2.51948718420368       2.51948718420368  -4.44089209850063e-16  -1.76261745895891e-16
      -3.36250000000000       2.80236989193841       2.80236989193841       0.00000000000000       0.00000000000000
      -3.33750000000000       3.10699442128051       3.10699442128051       0.00000000000000       0.00000000000000
      -3.31250000000000       3.44026351075309       3.44026351075309       0.00000000000000       0.00000000000000
      -3.28750000000000       3.81120848464441       3.81120848464442  -8.88178419700125e-16  -2.33043776869895e-16
      -3.26250000000000       4.23205019438068       4.23205019438068       0.00000000000000       0.00000000000000
      -3.23750000000000       4.71991948513543       4.71991948513543   8.88178419700125e-16   1.88176603964811e-16
      -3.21250000000000       5.29978289186466       5.29978289186466       0.00000000000000       0.00000000000000
      -3.18750000000000       6.00970062976699       6.00970062976699       0.00000000000000       0.00000000000000
      -3.16250000000000       6.91093048849207       6.91093048849207   8.88178419700125e-16   1.28517921165478e-16
      -3.13750000000000       8.10904686066682       8.10904686066682   1.77635683940025e-15   2.19058647695887e-16
      -3.11250000000000       9.80321116184144       9.80321116184144   1.77635683940025e-15   1.81201527751911e-16
      -3.08750000000000       12.4198980017849       12.4198980017849   1.77635683940025e-15   1.43025074694250e-16
      -3.06250000000000       17.0675548931860       17.0675548931860       0.00000000000000       0.00000000000000
      -3.03750000000000       27.8098874518723       27.8098874518723       0.00000000000000       0.00000000000000
      -3.01250000000000       81.2185316367239       81.2185316367239       0.00000000000000       0.00000000000000
      -2.98750000000000      -78.7063088061433      -78.7063088061433  -1.42108547152020e-14   1.80555471737391e-16
      -2.96250000000000      -25.2977646770624      -25.2977646770624   3.55271367880050e-15  -1.40435873451766e-16
      -2.93750000000000      -14.5556322592205      -14.5556322592205   1.77635683940025e-15  -1.22039139747776e-16
      -2.91250000000000      -9.90827565237781      -9.90827565237781   1.77635683940025e-15  -1.79280119136972e-16
      -2.88750000000000      -7.29198932873554      -7.29198932873554       0.00000000000000      -0.00000000000000
      -2.86250000000000      -5.59832589310728      -5.59832589310727  -1.77635683940025e-15   3.17301434985649e-16
      -2.83750000000000      -4.40081088281269      -4.40081088281269       0.00000000000000      -0.00000000000000
      -2.81250000000000      -3.50028305911741      -3.50028305911741       0.00000000000000      -0.00000000000000
      -2.78750000000000      -2.79116823610739      -2.79116823610739   4.44089209850063e-16  -1.59105138882419e-16
      -2.76250000000000      -2.21220886094180      -2.21220886094180   8.88178419700125e-16  -4.01489405173977e-16
      -2.73750000000000      -1.72534498555539      -1.72534498555539  -8.88178419700125e-16   5.14783088098881e-16
      -2.71250000000000      -1.30561037270850      -1.30561037270850       0.00000000000000      -0.00000000000000
      -2.68750000000000     -0.935874505815976     -0.935874505815976   4.44089209850063e-16  -4.74517905007859e-16
      -2.66250000000000     -0.603916893232147     -0.603916893232147   6.66133814775094e-16  -1.10302232350210e-15
      -2.63750000000000     -0.300706601993290     -0.300706601993291   2.22044604925031e-16  -7.38409477720697e-16
      -2.61250000000000    -0.0193413168291681    -0.0193413168291685   4.44089209850063e-16  -2.29606501859447e-14
      -2.58750000000000      0.245635649898497      0.245635649898496   5.55111512312578e-16   2.25989799339781e-15
      -2.56250000000000      0.498693850497223      0.498693850497222   7.77156117237610e-16   1.55838319735194e-15
      -2.53750000000000      0.743637594051775      0.743637594051775   1.11022302462516e-16   1.49296247729490e-16
      -2.51250000000000      0.983844170437980      0.983844170437980   1.11022302462516e-16   1.12845413733652e-16
      -2.48750000000000       1.22245220383110       1.22245220383110   4.44089209850063e-16   3.63277360422200e-16
      -2.46250000000000       1.46252351408463       1.46252351408463       0.00000000000000       0.00000000000000
      -2.43750000000000       1.70719667223225       1.70719667223224   4.44089209850063e-16   2.60127738691872e-16
      -2.41250000000000       1.95984886179897       1.95984886179897   2.22044604925031e-16   1.13296800203876e-16
      -2.38750000000000       2.22428423217416       2.22428423217416       0.00000000000000       0.00000000000000
      -2.36250000000000       2.50497212242168       2.50497212242168       0.00000000000000       0.00000000000000
      -2.33750000000000       2.80736895311571       2.80736895311571       0.00000000000000       0.00000000000000
      -2.31250000000000       3.13837671830026       3.13837671830026   8.88178419700125e-16   2.83005674405194e-16
      -2.28750000000000       3.50702597513871       3.50702597513871       0.00000000000000       0.00000000000000
      -2.26250000000000       3.92553678441900       3.92553678441900       0.00000000000000       0.00000000000000
      -2.23750000000000       4.41103917625511       4.41103917625511       0.00000000000000       0.00000000000000
      -2.21250000000000       4.98849884517206       4.98849884517206       0.00000000000000       0.00000000000000
      -2.18750000000000       5.69597513957091       5.69597513957091   8.88178419700125e-16   1.55930880654622e-16
      -2.16250000000000       6.59472495489524       6.59472495489524   1.77635683940025e-15   2.69360261656048e-16
      -2.13750000000000       7.79032176106522       7.79032176106522       0.00000000000000       0.00000000000000
      -2.11250000000000       9.48192602127921       9.48192602127921       0.00000000000000       0.00000000000000
      -2.08750000000000       12.0960113621088       12.0960113621088       0.00000000000000       0.00000000000000
      -2.06250000000000       16.7410242809410       16.7410242809410       0.00000000000000       0.00000000000000
      -2.03750000000000       27.4806693448764       27.4806693448764   3.55271367880050e-15   1.29280463813116e-16
      -2.01250000000000       80.8865814292548       80.8865814292548       0.00000000000000       0.00000000000000
      -1.98750000000000      -79.0410368396163      -79.0410368396161  -1.98951966012828e-13   2.51707181443641e-15
      -1.96250000000000      -25.6353174196785      -25.6353174196785   5.68434188608080e-14  -2.21738697166173e-15
      -1.93750000000000      -14.8960577911353      -14.8960577911354   3.73034936274053e-14  -2.50425274595837e-15
      -1.91250000000000      -10.2516232918628      -10.2516232918628   3.01980662698043e-14  -2.94568629865417e-15
      -1.88750000000000      -7.63830967505584      -7.63830967505584   8.88178419700125e-16  -1.16279446302186e-16
      -1.86250000000000      -5.94767087127326      -5.94767087127327   8.88178419700125e-15  -1.49332140080237e-15
      -1.83750000000000      -4.75323379030169      -4.75323379030169  -3.55271367880050e-15   7.47430872440846e-16
      -1.81250000000000      -3.85583861467297      -3.85583861467297       0.00000000000000      -0.00000000000000
      -1.78750000000000      -3.14991263072624      -3.14991263072624   1.77635683940025e-15  -5.63938447712023e-16
      -1.76250000000000      -2.57419981116802      -2.57419981116803   2.66453525910038e-15  -1.03509263249124e-15
      -1.73750000000000      -2.09064178920838      -2.09064178920838       0.00000000000000      -0.00000000000000
      -1.71250000000000      -1.67427396717855      -1.67427396717855   1.33226762955019e-15  -7.95728569915769e-16
      -1.68750000000000      -1.30796752907179      -1.30796752907179   3.33066907387547e-15  -2.54644629919758e-15
      -1.66250000000000     -0.979503747692238     -0.979503747692241   2.77555756156289e-15  -2.83363649001062e-15
      -1.63750000000000     -0.679853521424561     -0.679853521424560  -9.99200722162641e-16   1.46972942063891e-15
      -1.61250000000000     -0.402116436446400     -0.402116436446402   1.99840144432528e-15  -4.96970843068647e-15
      -1.58750000000000     -0.140837780053194     -0.140837780053194   1.66533453693773e-16  -1.18244872669019e-15
      -1.56250000000000      0.108449948058195      0.108449948058194   8.74300631892311e-16   8.06178930969299e-15
      -1.53750000000000      0.349548924101035      0.349548924101034   8.88178419700125e-16   2.54092734510435e-15
      -1.51250000000000      0.585834220189232      0.585834220189230   1.66533453693773e-15   2.84267200437662e-15
      -1.48750000000000      0.820442153579835      0.820442153579835       0.00000000000000       0.00000000000000
      -1.46250000000000       1.05643214352625       1.05643214352625   4.44089209850063e-16   4.20366999027257e-16
      -1.43750000000000       1.29694026197583       1.29694026197583   1.33226762955019e-15   1.02723900908168e-15
      -1.41250000000000       1.54534108977825       1.54534108977824   2.44249065417534e-15   1.58055116137877e-15
      -1.38750000000000       1.80543606463490       1.80543606463490  -4.44089209850063e-16  -2.45973379256644e-16
      -1.36250000000000       2.08169169914125       2.08169169914125   1.77635683940025e-15   8.53323688677359e-16
      -1.33750000000000       2.37956146648470       2.37956146648470       0.00000000000000       0.00000000000000
      -1.31250000000000       2.70594428586783       2.70594428586783   4.44089209850063e-16   1.64116169046562e-16
      -1.28750000000000       3.06986750519335       3.06986750519335       0.00000000000000       0.00000000000000
      -1.26250000000000       3.48354783414277       3.48354783414277   1.33226762955019e-15   3.82445625259523e-16
      -1.23750000000000       3.96411180195342       3.96411180195342  -4.44089209850063e-16  -1.12027418003505e-16
      -1.21250000000000       4.53652144404212       4.53652144404212   8.88178419700125e-16   1.95784023211570e-16
      -1.18750000000000       5.23883228242805       5.23883228242804   3.55271367880050e-15   6.78149917247193e-16
      -1.16250000000000       6.13229720923050       6.13229720923049   1.77635683940025e-15   2.89672333024960e-16
      -1.13750000000000       7.32248550375533       7.32248550375533   6.21724893790088e-15   8.49062648838617e-16
      -1.11250000000000       9.00855324021404       9.00855324021404  -1.77635683940025e-15  -1.97185584858468e-16
      -1.08750000000000       11.6169694459411       11.6169694459411   5.32907051820075e-15   4.58731560154244e-16
      -1.06250000000000       16.2561757960925       16.2561757960925  -7.10542735760100e-15  -4.37090952185010e-16
      -1.03750000000000       26.9898717988641       26.9898717988641   2.48689957516035e-14   9.21419558304466e-16
      -1.01250000000000       80.3896870193221       80.3896870193214   6.67910171614494e-13   8.30840616973623e-15
     -0.987500000000001      -79.5441814937101      -79.5441814937099  -1.84741111297626e-13   2.32249685430775e-15
     -0.962500000000000      -26.1448715598059      -26.1448715598059   2.84217094304040e-14  -1.08708544868503e-15
     -0.937500000000000      -15.4121868233934      -15.4121868233934   2.84217094304040e-14  -1.84410620998079e-15
     -0.912500000000000      -10.7744991088563      -10.7744991088563   7.10542735760100e-15  -6.59467069959714e-16
     -0.887499999999999      -8.16811099955915      -8.16811099955915   7.10542735760100e-15  -8.69898481789057e-16
     -0.862500000000001      -6.48458362295113      -6.48458362295112  -1.77635683940025e-15   2.73935373909456e-16
     -0.837500000000000      -5.29745147737652      -5.29745147737652   8.88178419700125e-16  -1.67661454473573e-16
     -0.812500000000000      -4.40756275260400      -4.40756275260400  -1.77635683940025e-15   4.03024741587802e-16
     -0.787500000000000      -3.70935319016680      -3.70935319016680   1.33226762955019e-15  -3.59164404479445e-16
     -0.762499999999999      -3.14157569769285      -3.14157569769285   1.77635683940025e-15  -5.65434995153800e-16
     -0.737500000000001      -2.66618135755371      -2.66618135755371  -4.44089209850063e-16   1.66563766786490e-16
     -0.712500000000000      -2.25821557301796      -2.25821557301796       0.00000000000000      -0.00000000000000
     -0.687500000000000      -1.90056012166438      -1.90056012166439   2.44249065417534e-15  -1.28514253578907e-15
     -0.662500000000000      -1.58100750709074      -1.58100750709074   6.66133814775094e-16  -4.21335010610334e-16
     -0.637499999999999      -1.29054054432532      -1.29054054432532   6.66133814775094e-16  -5.16166514647038e-16
     -0.612500000000001      -1.02227147520609      -1.02227147520609   6.66133814775094e-16  -6.51621248299822e-16
     -0.587500000000000     -0.770759039895713     -0.770759039895714   3.33066907387547e-16  -4.32128447604860e-16
     -0.562500000000000     -0.531550051941805     -0.531550051941806   7.77156117237610e-16  -1.46205632827723e-15
     -0.537500000000000     -0.300857579964007     -0.300857579964006  -1.66533453693773e-16   5.53529193825520e-16
     -0.512499999999999    -0.0753228046041581    -0.0753228046041587   5.55111512312578e-16  -7.36976690166858e-15
     -0.487500000000001      0.148173246016811      0.148173246016810   8.04911692853238e-16   5.43223364872442e-15
     -0.462500000000000      0.372671459765569      0.372671459765568   5.55111512312578e-16   1.48954661744630e-15
     -0.437500000000000      0.601288088062790      0.601288088062790   6.66133814775094e-16   1.10784468876013e-15
     -0.412500000000000      0.837376488008334      0.837376488008333   4.44089209850063e-16   5.30333985023046e-16
     -0.387499999999999       1.08471534391418       1.08471534391418       0.00000000000000       0.00000000000000
     -0.362500000000001       1.34774674501281       1.34774674501281   4.44089209850063e-16   3.29504939628581e-16
     -0.337500000000000       1.63189791508283       1.63189791508283   1.33226762955019e-15   8.16391526232550e-16
     -0.312500000000000       1.94403952396306       1.94403952396306       0.00000000000000       0.00000000000000
     -0.287500000000000       2.29316847606714       2.29316847606714  -4.44089209850063e-16  -1.93657471958489e-16
     -0.262499999999999       2.69146862622198       2.69146862622198  -8.88178419700125e-16  -3.29997686410658e-16
     -0.237500000000001       3.15603099387261       3.15603099387261   4.44089209850063e-16   1.40711295520309e-16
     -0.212500000000000       3.71177917600088       3.71177917600088  -4.44089209850063e-16  -1.19643219273764e-16
     -0.187500000000000       4.39672701927015       4.39672701927015       0.00000000000000       0.00000000000000
     -0.162500000000000       5.27208215546705       5.27208215546705       0.00000000000000       0.00000000000000
     -0.137499999999999       6.44336462463445       6.44336462463445       0.00000000000000       0.00000000000000
     -0.112500000000001       8.10967683571966       8.10967683571966       0.00000000000000       0.00000000000000
    -0.0875000000000004       10.6974292160561       10.6974292160561       0.00000000000000       0.00000000000000
    -0.0625000000000000       15.3149993255043       15.3149993255043       0.00000000000000       0.00000000000000
    -0.0374999999999996       26.0260163771773       26.0260163771773  -3.55271367880050e-15  -1.36506241574332e-16
    -0.0124999999999993       79.4020326983338       79.4020326983337   1.42108547152020e-14   1.78973437231667e-16
     0.0124999999999993      -80.5568397215580      -80.5568397215580       0.00000000000000      -0.00000000000000
     0.0374999999999996      -27.1838325987669      -27.1838325987669  -3.55271367880050e-15   1.30692155563144e-16
     0.0625000000000000      -16.4788534900601      -16.4788534900601       0.00000000000000      -0.00000000000000
     0.0875000000000004      -11.8703895198152      -11.8703895198152   3.55271367880050e-15  -2.99292089182918e-16
      0.112500000000001      -9.29487156293944      -9.29487156293944  -5.32907051820075e-15   5.73334497643717e-16
      0.137499999999999      -7.64400391280620      -7.64400391280619  -2.66453525910038e-15   3.48578479222965e-16
      0.162500000000000      -6.49148132812278      -6.49148132812279   2.66453525910038e-15  -4.10466444316325e-16
      0.187500000000000      -5.63833198337324      -5.63833198337323  -1.77635683940025e-15   3.15050061727212e-16
      0.212500000000000      -4.97919446000807      -4.97919446000807   8.88178419700125e-16  -1.78377933787042e-16
      0.237500000000001      -4.45305110752892      -4.45305110752892       0.00000000000000      -0.00000000000000
      0.262499999999999      -4.02211356094353      -4.02211356094354   1.77635683940025e-15  -4.41647609517902e-16
      0.287500000000000      -3.66172434494779      -3.66172434494779  -8.88178419700125e-16   2.42557422686822e-16
      0.312500000000000      -3.35510557620984      -3.35510557620984       0.00000000000000      -0.00000000000000
      0.337500000000000      -3.09044146935489      -3.09044146935489   1.33226762955019e-15  -4.31092982268417e-16
      0.362500000000001      -2.85916799530572      -2.85916799530572  -4.44089209850063e-16   1.55321132084293e-16
      0.387499999999999      -2.65492453643058      -2.65492453643058  -4.44089209850063e-16   1.67269993461705e-16
      0.412500000000000      -2.47288669947018      -2.47288669947018  -8.88178419700125e-16   3.59166645156213e-16
      0.437500000000000      -2.30932782971958      -2.30932782971958       0.00000000000000      -0.00000000000000
      0.462500000000000      -2.16132269624308      -2.16132269624308  -1.33226762955019e-15   6.16413102895743e-16
      0.487500000000001      -2.02654231679928      -2.02654231679928   4.44089209850063e-16  -2.19136410904785e-16
      0.512499999999999      -1.90310880526524      -1.90310880526524   1.11022302462516e-15  -5.83373384408478e-16
      0.537500000000000      -1.78949070239659      -1.78949070239659   1.33226762955019e-15  -7.44495418593646e-16
      0.562500000000000      -1.68442619765149      -1.68442619765150   3.10862446895044e-15  -1.84550945199298e-15
      0.587500000000000      -1.58686593623409      -1.58686593623409       0.00000000000000      -0.00000000000000
      0.612500000000001      -1.49592981737615      -1.49592981737615   1.33226762955019e-15  -8.90595009254495e-16
      0.637499999999999      -1.41087394464236      -1.41087394464236  -8.88178419700125e-16   6.29523582225675e-16
      0.662500000000000      -1.33106504788013      -1.33106504788013  -4.44089209850063e-16   3.33634491084658e-16
      0.687500000000000      -1.25596047603694      -1.25596047603694   4.44089209850063e-16  -3.53585338331142e-16
      0.712500000000000      -1.18509239349809      -1.18509239349809  -1.33226762955019e-15   1.12418882853317e-15
      0.737500000000001      -1.11805518330184      -1.11805518330184   2.22044604925031e-16  -1.98598967422421e-16
      0.762499999999999      -1.05449532191685      -1.05449532191685       0.00000000000000      -0.00000000000000
      0.787500000000000     -0.994103176940287     -0.994103176940287   2.22044604925031e-16  -2.23361729522336e-16
      0.812500000000000     -0.936606314063184     -0.936606314063184   2.22044604925031e-16  -2.37073572525641e-16
      0.837500000000000     -0.881763998379116     -0.881763998379116  -4.44089209850063e-16   5.03637266509407e-16
      0.862500000000001     -0.829362648092862     -0.829362648092862       0.00000000000000      -0.00000000000000
      0.887499999999999     -0.779212053169175     -0.779212053169175  -1.11022302462516e-16   1.42480217048711e-16
      0.912500000000000     -0.731142212515328     -0.731142212515327  -4.44089209850063e-16   6.07391014016651e-16
      0.937500000000000     -0.685000674495698     -0.685000674495698  -2.22044604925031e-16   3.24152388738160e-16
      0.962500000000000     -0.640650289489578     -0.640650289489578  -3.33066907387547e-16   5.19888795575055e-16
      0.987500000000001     -0.597967301670802     -0.597967301670801  -3.33066907387547e-16   5.56998528944497e-16
       1.01250000000000     -0.556839721553434     -0.556839721553434  -2.22044604925031e-16   3.98758558936109e-16
       1.03750000000000     -0.517165932100020     -0.517165932100020  -2.22044604925031e-16   4.29348862991400e-16
       1.06250000000000     -0.478853490060104     -0.478853490060104  -5.55111512312578e-17   1.15925126126344e-16
       1.08750000000000     -0.441818091243812     -0.441818091243812  -4.99600361081320e-16   1.13078294208107e-15
       1.11250000000000     -0.405982674050605     -0.405982674050604  -7.77156117237610e-16   1.91425931920617e-15
       1.13750000000000     -0.371276640078884     -0.371276640078884   2.77555756156289e-16  -7.47571288345309e-16
       1.16250000000000     -0.337635174276617     -0.337635174276618   8.32667268468867e-16  -2.46617453366005e-15
       1.18750000000000     -0.304998650039900     -0.304998650039901   5.55111512312578e-17  -1.82004580098947e-16
       1.21250000000000     -0.273312107066900     -0.273312107066899  -6.10622663543836e-16   2.23415885266426e-15
       1.23750000000000     -0.242524791739455     -0.242524791739455  -3.33066907387547e-16   1.37333138191234e-15
       1.26250000000000     -0.212589751419717     -0.212589751419717  -9.71445146547012e-16   4.56957656735336e-15
       1.28750000000000     -0.183463475382567     -0.183463475382566  -3.60822483003176e-16   1.96672652281754e-15
       1.31250000000000     -0.155105576209840     -0.155105576209840   2.49800180540660e-16  -1.61051708548962e-15
       1.33750000000000     -0.127478506391928     -0.127478506391929   1.24900090270330e-15  -9.79773718765799e-15
       1.36250000000000     -0.100547305650551     -0.100547305650551  -8.32667268468867e-17   8.28134839697023e-16
       1.38750000000000    -0.0742793751402515    -0.0742793751402515   2.77555756156289e-17  -3.73664635212963e-16
       1.41250000000000    -0.0486442752277538    -0.0486442752277543   4.85722573273506e-16  -9.98519498953031e-15
       1.43750000000000    -0.0236135440052974    -0.0236135440052979   5.44703171456717e-16  -2.30674045088068e-14
       1.46250000000000   0.000839465919083349   0.000839465919083047   3.01841884819964e-16   3.59564191896757e-13
       1.48750000000000     0.0247397344827660     0.0247397344827652   8.01442245901285e-16   3.23949412819933e-14
       1.51250000000000     0.0481107069298865     0.0481107069298864   1.52655665885959e-16   3.17300816444934e-15
       1.53750000000000     0.0709744138824786     0.0709744138824789  -2.91433543964104e-16  -4.10617753669183e-15
       1.56250000000000     0.0933515801262823     0.0933515801262818   4.99600361081320e-16   5.35181472456581e-15
       1.58750000000000      0.115261723340374      0.115261723340374  -1.11022302462516e-16  -9.63219178448869e-16
       1.61250000000000      0.136723243848338      0.136723243848338   2.49800180540660e-16   1.82704983812229e-15
       1.63750000000000      0.157753506338036      0.157753506338036  -3.05311331771918e-16  -1.93536954492595e-15
       1.66250000000000      0.178368914384022      0.178368914384022   3.05311331771918e-16   1.71168464430183e-15
       1.68750000000000      0.198584978508519      0.198584978508519   8.60422844084496e-16   4.33276902687575e-15
       1.71250000000000      0.218416378431738      0.218416378431739  -2.77555756156289e-16  -1.27076439115592e-15
       1.73750000000000      0.237877020087986      0.237877020087986  -1.94289029309402e-16  -8.16762498695917e-16
       1.76250000000000      0.256980087919214      0.256980087919214   2.22044604925031e-16   8.64053735536252e-16
       1.78750000000000      0.275738092900983      0.275738092900983       0.00000000000000       0.00000000000000
       1.81250000000000      0.294162916706047      0.294162916706047  -2.77555756156289e-16  -9.43544343604829e-16
       1.83750000000000      0.312265852367152      0.312265852367152  -4.99600361081320e-16  -1.59991993134717e-15
       1.86250000000000      0.330057641762209      0.330057641762209  -6.10622663543836e-16  -1.85004855601483e-15
       1.88750000000000      0.347548510211108      0.347548510211108  -3.33066907387547e-16  -9.58332139548621e-16
       1.91250000000000      0.364748198443578      0.364748198443577   4.44089209850063e-16   1.21752269578038e-15
       1.93750000000000      0.381665992170968      0.381665992170969  -4.99600361081320e-16  -1.30899889256448e-15
       1.96250000000000      0.398310749471460      0.398310749471461  -5.55111512312578e-16  -1.39366440159896e-15
       1.98750000000000      0.414690926177299      0.414690926177299  -3.33066907387547e-16  -8.03169026286208e-16
       2.01250000000000      0.430814599434221      0.430814599434221  -3.88578058618805e-16  -9.01961212849136e-16
       2.03750000000000      0.446689489586727      0.446689489586727  -1.66533453693773e-16  -3.72817040866237e-16
       2.06250000000000      0.462322980528131      0.462322980528131   1.66533453693773e-16   3.60210200893616e-16
       2.08750000000000      0.477722138641246      0.477722138641245   1.66533453693773e-16   3.48598987200874e-16
       2.11250000000000      0.492893730443776      0.492893730443777  -8.88178419700125e-16  -1.80196737114196e-15
       2.13750000000000      0.507844239041996      0.507844239041995   7.77156117237610e-16   1.53030409226193e-15
       2.16250000000000      0.522579879486824      0.522579879486823   6.66133814775094e-16   1.27470237742265e-15
       2.18750000000000      0.537106613117995      0.537106613117994   2.22044604925031e-16   4.13408808422642e-16
       2.21250000000000      0.551430160974337      0.551430160974338  -3.33066907387547e-16  -6.04005603899217e-16
       2.23750000000000      0.565556016341353      0.565556016341353       0.00000000000000       0.00000000000000
       2.26250000000000      0.579489456501076      0.579489456501076  -3.33066907387547e-16  -5.74759218914155e-16
       2.28750000000000      0.593235553743647      0.593235553743647  -4.44089209850063e-16  -7.48588325577609e-16
       2.31250000000000      0.606799185694923      0.606799185694922   7.77156117237610e-16   1.28074680315794e-15
       2.33750000000000      0.620185045009941      0.620185045009940   1.11022302462516e-15   1.79014801075599e-15
       2.36250000000000      0.633397648477889      0.633397648477889       0.00000000000000       0.00000000000000
       2.38750000000000      0.646441345580470      0.646441345580470   3.33066907387547e-16   5.15231443138079e-16
       2.41250000000000      0.659320326542158      0.659320326542157   5.55111512312578e-16   8.41945090975569e-16
       2.43750000000000      0.672038629907746      0.672038629907746   1.11022302462516e-16   1.65202262967765e-16
       2.46250000000000      0.684600149679766      0.684600149679767  -2.22044604925031e-16  -3.24342033855670e-16
       2.48750000000000      0.697008642045791      0.697008642045790   5.55111512312578e-16   7.96419841629611e-16
       2.51250000000000      0.709267731723275      0.709267731723275   3.33066907387547e-16   4.69592641100857e-16
       2.53750000000000      0.721380917947520      0.721380917947520   4.44089209850063e-16   6.15609865469674e-16
       2.56250000000000      0.733351580126283      0.733351580126282   9.99200722162641e-16   1.36251253728884e-15
       2.58750000000000      0.745182983182894      0.745182983182893   6.66133814775094e-16   8.93919788573060e-16
       2.61250000000000      0.756878282608028      0.756878282608027   3.33066907387547e-16   4.40053460432073e-16
       2.63750000000000      0.768440529238799      0.768440529238800  -4.44089209850063e-16  -5.77909666334189e-16
       2.66250000000000      0.779872673782518      0.779872673782518   2.22044604925031e-16   2.84719047595393e-16
       2.68750000000000      0.791177571101112      0.791177571101111   7.77156117237610e-16   9.82277740957713e-16
       2.71250000000000      0.802357984271155      0.802357984271155       0.00000000000000       0.00000000000000
       2.73750000000000      0.813416588433310      0.813416588433310   1.11022302462516e-16   1.36488859510907e-16
       2.76250000000000      0.824355974444037      0.824355974444037  -1.11022302462516e-16  -1.34677622173347e-16
       2.78750000000000      0.835178652341543      0.835178652341543  -2.22044604925031e-16  -2.65864799468350e-16
       2.81250000000000      0.845887054637082      0.845887054637081   5.55111512312578e-16   6.56247792503153e-16
       2.83750000000000      0.856483539441982      0.856483539441982  -2.22044604925031e-16  -2.59251456332364e-16
       2.86250000000000      0.866970393440061      0.866970393440061  -6.66133814775094e-16  -7.68346669984813e-16
       2.88750000000000      0.877349834714420      0.877349834714419   1.11022302462516e-16   1.26542797490415e-16
       2.91250000000000      0.887624015437042      0.887624015437041   4.44089209850063e-16   5.00312296790895e-16
       2.93750000000000      0.897795024429033      0.897795024429033   1.11022302462516e-16   1.23661080136997e-16
       2.96250000000000      0.907864889598849      0.907864889598849  -1.11022302462516e-16  -1.22289454889672e-16
       2.98750000000000      0.917835580265349      0.917835580265349   2.22044604925031e-16   2.41921984393803e-16
       3.01250000000000      0.927709009372109      0.927709009372109       0.00000000000000       0.00000000000000
       3.03750000000000      0.937487035598997      0.937487035598997       0.00000000000000       0.00000000000000
       3.06250000000000      0.947171465376615      0.947171465376616  -2.22044604925031e-16  -2.34429153581756e-16
       3.08750000000000      0.956764054808910      0.956764054808910   2.22044604925031e-16   2.32078748996668e-16
       3.11250000000000      0.966266511508865      0.966266511508866  -6.66133814775094e-16  -6.89389321518447e-16
       3.13750000000000      0.975680496351937      0.975680496351937       0.00000000000000       0.00000000000000
       3.16250000000000      0.985007625151564      0.985007625151563   5.55111512312578e-16   5.63560624444063e-16
       3.18750000000000      0.994249470260852      0.994249470260852   2.22044604925031e-16   2.23328864200225e-16
       3.21250000000000       1.00340756210428       1.00340756210428       0.00000000000000       0.00000000000000
       3.23750000000000       1.01248339064303       1.01248339064303  -2.22044604925031e-16  -2.19306911083263e-16
       3.26250000000000       1.02147840677732       1.02147840677732       0.00000000000000       0.00000000000000
       3.28750000000000       1.03039402368900       1.03039402368900  -6.66133814775094e-16  -6.46484548105404e-16
       3.31250000000000       1.03923161812735       1.03923161812735   4.44089209850063e-16   4.27324575295631e-16
       3.33750000000000       1.04799253164096       1.04799253164096       0.00000000000000       0.00000000000000
       3.36250000000000       1.05667807175831       1.05667807175831  -4.44089209850063e-16  -4.20269164014257e-16
       3.38750000000000       1.06528951311974       1.06528951311974       0.00000000000000       0.00000000000000
       3.41250000000000       1.07382809856288       1.07382809856288  -2.22044604925031e-16  -2.06778538596817e-16
       3.43750000000000       1.08229504016416       1.08229504016416   2.22044604925031e-16   2.05160881908276e-16
       3.46250000000000       1.09069152023814       1.09069152023814       0.00000000000000       0.00000000000000
       3.48750000000000       1.09901869229705       1.09901869229705   2.22044604925031e-16   2.02038970293525e-16
       3.51250000000000       1.10727768197203       1.10727768197203  -2.22044604925031e-16  -2.00531997113476e-16
       3.53750000000000       1.11546958789826       1.11546958789826   2.22044604925031e-16   1.99059308594332e-16
       3.56250000000000       1.12359548256531       1.12359548256531   6.66133814775094e-16   5.92859107313451e-16
       3.58750000000000       1.13165641313458       1.13165641313458   6.66133814775094e-16   5.88636097532434e-16
       3.61250000000000       1.13965340222525       1.13965340222525       0.00000000000000       0.00000000000000
       3.63750000000000       1.14758744867008       1.14758744867008  -2.22044604925031e-16  -1.93488178336523e-16
       3.66250000000000       1.15545952824261       1.15545952824261   2.22044604925031e-16   1.92169954461969e-16
       3.68750000000000       1.16327059435693       1.16327059435693   8.88178419700125e-16   7.63518328417065e-16
       3.71250000000000       1.17102157874120       1.17102157874120  -2.22044604925031e-16  -1.89616151363940e-16
       3.73750000000000       1.17871339208628       1.17871339208628  -2.22044604925031e-16  -1.88378792008141e-16
       3.76250000000000       1.18634692467028       1.18634692467028   6.66133814775094e-16   5.61500013969548e-16
       3.78750000000000       1.19392304696038       1.19392304696038       0.00000000000000       0.00000000000000
       3.81250000000000       1.20144261019264       1.20144261019264   6.66133814775094e-16   5.54444972338951e-16
       3.83750000000000       1.20890644693097       1.20890644693097       0.00000000000000       0.00000000000000
       3.86250000000000       1.21631537160600       1.21631537160600  -1.33226762955019e-15  -1.09533075109549e-15
       3.88750000000000       1.22367018103477       1.22367018103477   4.44089209850063e-16   3.62915773165715e-16
       3.91250000000000       1.23097165492202       1.23097165492202       0.00000000000000       0.00000000000000
       3.93750000000000       1.23822055634393       1.23822055634393       0.00000000000000       0.00000000000000
       3.96250000000000       1.24541763221488       1.24541763221488   2.22044604925031e-16   1.78289273558896e-16
       3.98750000000000       1.25256361373815       1.25256361373815       0.00000000000000       0.00000000000000
       4.01250000000000       1.25965921684099       1.25965921684099  -4.44089209850063e-16  -3.52547104735011e-16
       4.03750000000000       1.26670514259488       1.26670514259488  -4.44089209850063e-16  -3.50586095308915e-16
       4.06250000000000       1.27370207762151       1.27370207762151  -4.44089209850063e-16  -3.48660191148739e-16
       4.08750000000000       1.28065069448502       1.28065069448502  -2.22044604925031e-16  -1.73384206857687e-16
       4.11250000000000       1.28755165207111       1.28755165207111  -4.44089209850063e-16  -3.44909821004629e-16
       4.13750000000000       1.29440559595353       1.29440559595353  -2.22044604925031e-16  -1.71541752924408e-16
       4.16250000000000       1.30121315874840       1.30121315874840   4.44089209850063e-16   3.41288594312418e-16
       4.18750000000000       1.30797496045693       1.30797496045693       0.00000000000000       0.00000000000000
       4.21250000000000       1.31469160879689       1.31469160879689  -2.22044604925031e-16  -1.68894821750806e-16
       4.23750000000000       1.32136369952334       1.32136369952334  -2.22044604925031e-16  -1.68042004638943e-16
       4.26250000000000       1.32799181673901       1.32799181673901       0.00000000000000       0.00000000000000
       4.28750000000000       1.33457653319471       1.33457653319471  -8.88178419700125e-16  -6.65513290252456e-16
       4.31250000000000       1.34111841058018       1.34111841058018   4.44089209850063e-16   3.31133482581858e-16
       4.33750000000000       1.34761799980575       1.34761799980575       0.00000000000000       0.00000000000000
       4.36250000000000       1.35407584127504       1.35407584127504  -4.44089209850063e-16  -3.27964798066181e-16
       4.38750000000000       1.36049246514926       1.36049246514926   2.22044604925031e-16   1.63208992782383e-16
       4.41250000000000       1.36686839160318       1.36686839160318  -2.22044604925031e-16  -1.62447684275294e-16
       4.43750000000000       1.37320413107325       1.37320413107325   4.44089209850063e-16   3.23396354410162e-16
       4.46250000000000       1.37950018449807       1.37950018449807       0.00000000000000       0.00000000000000
       4.48750000000000       1.38575704355153       1.38575704355153   2.22044604925031e-16   1.60233430498003e-16
       4.51250000000000       1.39197519086883       1.39197519086883  -2.22044604925031e-16  -1.59517645416107e-16
       4.53750000000000       1.39815510026575       1.39815510026575       0.00000000000000       0.00000000000000
       4.56250000000000       1.40429723695127       1.40429723695127   8.88178419700125e-16   6.32471813181346e-16
       4.58750000000000       1.41040205773389       1.41040205773389   4.44089209850063e-16   3.14867102905101e-16
       4.61250000000000       1.41647001122179       1.41647001122179   4.44089209850063e-16   3.13518257592343e-16
       4.63750000000000       1.42250153801716       1.42250153801716   2.22044604925031e-16   1.56094456835907e-16
       4.66250000000000       1.42849707090473       1.42849707090473   2.22044604925031e-16   1.55439314120820e-16
       4.68750000000000       1.43445703503489       1.43445703503489   6.66133814775094e-16   4.64380457905378e-16
       4.71250000000000       1.44038184810147       1.44038184810147       0.00000000000000       0.00000000000000
       4.73750000000000       1.44627192051437       1.44627192051437       0.00000000000000       0.00000000000000
       4.76250000000000       1.45212765556729       1.45212765556729   1.11022302462516e-15   7.64549191228945e-16
       4.78750000000000       1.45794944960064       1.45794944960064       0.00000000000000       0.00000000000000
       4.81250000000000       1.46373769215985       1.46373769215985   8.88178419700125e-16   6.06787967856149e-16
       4.83750000000000       1.46949276614921       1.46949276614921       0.00000000000000       0.00000000000000
       4.86250000000000       1.47521504798140       1.47521504798141  -1.33226762955019e-15  -9.03100623446854e-16
       4.88750000000000       1.48090490772287       1.48090490772287   4.44089209850063e-16   2.99876924935661e-16
       4.91250000000000       1.48656270923512       1.48656270923512   2.22044604925031e-16   1.49367802344026e-16
       4.93750000000000       1.49218881031218       1.49218881031218       0.00000000000000       0.00000000000000
       4.96250000000000       1.49778356281425       1.49778356281425  -2.22044604925031e-16  -1.48248792707954e-16
       4.98750000000000       1.50334731279771       1.50334731279771   2.22044604925031e-16   1.47700137576199e-16
       5.01250000000000       1.50888040064161       1.50888040064161  -4.44089209850063e-16  -2.94317037759404e-16
       5.03750000000000       1.51438316117073       1.51438316117073  -4.44089209850063e-16  -2.93247588349271e-16
       5.06250000000000       1.51985592377536       1.51985592377536  -2.22044604925031e-16  -1.46095824907842e-16
       5.08750000000000       1.52529901252784       1.52529901252784       0.00000000000000       0.00000000000000
       5.11250000000000       1.53071274629604       1.53071274629604  -2.22044604925031e-16  -1.45059617137393e-16
       5.13750000000000       1.53609743885383       1.53609743885383       0.00000000000000       0.00000000000000
       5.16250000000000       1.54145339898864       1.54145339898864   4.44089209850063e-16   2.88097720074725e-16
       5.18750000000000       1.54678093060618       1.54678093060618  -2.22044604925031e-16  -1.43552716827206e-16
       5.21250000000000       1.55208033283250       1.55208033283250       0.00000000000000       0.00000000000000
       5.23750000000000       1.55735190011331       1.55735190011331       0.00000000000000       0.00000000000000
       5.26250000000000       1.56259592231085       1.56259592231085  -2.22044604925031e-16  -1.42099823604211e-16
       5.28750000000000       1.56781268479820       1.56781268479821  -8.88178419700125e-16  -5.66507994425650e-16
       5.31250000000000       1.57300246855120       1.57300246855120  -2.22044604925031e-16  -1.41159730746986e-16
       5.33750000000000       1.57816555023803       1.57816555023803       0.00000000000000       0.00000000000000
       5.36250000000000       1.58330220230656       1.58330220230656  -2.22044604925031e-16  -1.40241455232966e-16
       5.38750000000000       1.58841269306948       1.58841269306949  -2.22044604925031e-16  -1.39790248399455e-16
       5.41250000000000       1.59349728678731       1.59349728678731       0.00000000000000       0.00000000000000
       5.43750000000000       1.59855624374930       1.59855624374930  -2.22044604925031e-16  -1.38903217070574e-16
       5.46250000000000       1.60358982035241       1.60358982035241       0.00000000000000       0.00000000000000
       5.48750000000000       1.60859826917827       1.60859826917827  -2.22044604925031e-16  -1.38036083451998e-16
       5.51250000000000       1.61358183906827       1.61358183906827  -4.44089209850063e-16  -2.75219514187450e-16
       5.53750000000000       1.61854077519688       1.61854077519688  -4.44089209850063e-16  -2.74376287984492e-16
       5.56250000000000       1.62347531914305       1.62347531914305   8.88178419700125e-16   5.47084645653220e-16
       5.58750000000000       1.62838570896005       1.62838570896005   2.22044604925031e-16   1.36358728588228e-16
       5.61250000000000       1.63327217924347       1.63327217924347       0.00000000000000       0.00000000000000
       5.63750000000000       1.63813496119775       1.63813496119775       0.00000000000000       0.00000000000000
       5.66250000000000       1.64297428270098       1.64297428270098       0.00000000000000       0.00000000000000
       5.68750000000000       1.64779036836823       1.64779036836822   2.22044604925031e-16   1.34752945027175e-16
       5.71250000000000       1.65258343961341       1.65258343961341  -2.22044604925031e-16  -1.34362114252443e-16
       5.73750000000000       1.65735371470962       1.65735371470962       0.00000000000000       0.00000000000000
       5.76250000000000       1.66210140884813       1.66210140884813   8.88178419700125e-16   5.34370776038058e-16
       5.78750000000000       1.66682673419594       1.66682673419594  -2.22044604925031e-16  -1.33213969016488e-16
       5.81250000000000       1.67152989995206       1.67152989995206   8.88178419700125e-16   5.31356585201138e-16
       5.83750000000000       1.67621111240244       1.67621111240244  -4.44089209850063e-16  -2.64936323691095e-16
       5.86250000000000       1.68087057497369       1.68087057497369  -1.11022302462516e-15  -6.60504765301476e-16
       5.88750000000000       1.68550848828553       1.68550848828553  -2.22044604925031e-16  -1.31737458736201e-16
       5.91250000000000       1.69012505020204       1.69012505020204       0.00000000000000       0.00000000000000
       5.93750000000000       1.69472045588180       1.69472045588180  -2.22044604925031e-16  -1.31021375327352e-16
       5.96250000000000       1.69929489782685       1.69929489782685  -4.44089209850063e-16  -2.61337340809996e-16
       5.98750000000000       1.70384856593055       1.70384856593055       0.00000000000000       0.00000000000000
       6.01250000000000       1.70838164752441       1.70838164752441  -2.22044604925031e-16  -1.29973653865220e-16
       6.03750000000000       1.71289432742383       1.71289432742384  -6.66133814775094e-16  -3.88893701210949e-16
       6.06250000000000       1.71738678797289       1.71738678797289  -4.44089209850063e-16  -2.58584270567401e-16
       6.08750000000000       1.72185920908803       1.72185920908803  -4.44089209850063e-16  -2.57912614170859e-16
       6.11250000000000       1.72631176830093       1.72631176830093  -4.44089209850063e-16  -2.57247397604863e-16
       6.13750000000000       1.73074464080030       1.73074464080031  -2.22044604925031e-16  -1.28294261146668e-16
       6.16250000000000       1.73515799947290       1.73515799947290       0.00000000000000       0.00000000000000
       6.18750000000000       1.73955201494353       1.73955201494353       0.00000000000000       0.00000000000000
       6.21250000000000       1.74392685561427       1.74392685561427   2.22044604925031e-16   1.27324494264308e-16
       6.23750000000000       1.74828268770281       1.74828268770281       0.00000000000000       0.00000000000000
       6.26250000000000       1.75261967527997       1.75261967527997   4.44089209850063e-16   2.53385954815965e-16
       6.28750000000000       1.75693798030648       1.75693798030648  -4.44089209850063e-16  -2.52763167981943e-16
       6.31250000000000       1.76123776266885       1.76123776266885   4.44089209850063e-16   2.52146086839021e-16
       6.33750000000000       1.76551918021461       1.76551918021461   2.22044604925031e-16   1.25767313894625e-16
       6.36250000000000       1.76978238878675       1.76978238878675  -4.44089209850063e-16  -2.50928708898783e-16
       6.38750000000000       1.77402754225742       1.77402754225742  -2.22044604925031e-16  -1.25164124928119e-16
       6.41250000000000       1.77825479256098       1.77825479256098       0.00000000000000       0.00000000000000
       6.43750000000000       1.78246428972631       1.78246428972631       0.00000000000000       0.00000000000000
       6.46250000000000       1.78665618190848       1.78665618190848   2.22044604925031e-16   1.24279426099680e-16
       6.48750000000000       1.79083061541973       1.79083061541973       0.00000000000000       0.00000000000000
       6.51250000000000       1.79498773475988       1.79498773475988  -4.44089209850063e-16  -2.47405150046593e-16
       6.53750000000000       1.79912768264609       1.79912768264609  -2.22044604925031e-16  -1.23417924734756e-16
       6.56250000000000       1.80325060004193       1.80325060004193   6.66133814775094e-16   3.69407233115356e-16
       6.58750000000000       1.80735662618600       1.80735662618600   2.22044604925031e-16   1.22855999589635e-16
       6.61250000000000       1.81144589861986       1.81144589861986       0.00000000000000       0.00000000000000
       6.63750000000000       1.81551855321549       1.81551855321549   2.22044604925031e-16   1.22303682621015e-16
       6.66250000000000       1.81957472420208       1.81957472420208       0.00000000000000       0.00000000000000
       6.68750000000000       1.82361454419240       1.82361454419240   6.66133814775094e-16   3.65282135359419e-16
       6.71250000000000       1.82763814420859       1.82763814420859  -2.22044604925031e-16  -1.21492651939141e-16
       6.73750000000000       1.83164565370744       1.83164565370744       0.00000000000000       0.00000000000000
       6.76250000000000       1.83563720060518       1.83563720060518   8.88178419700125e-16   4.83852920069013e-16
       6.78750000000000       1.83961291130177       1.83961291130177   4.44089209850063e-16   2.41403616555295e-16
       6.81250000000000       1.84357291070475       1.84357291070475   1.11022302462516e-15   6.02212702399033e-16
       6.83750000000000       1.84751732225255       1.84751732225255  -2.22044604925031e-16  -1.20185398128938e-16
       6.86250000000000       1.85144626793744       1.85144626793745  -8.88178419700125e-16  -4.79721412973857e-16
       6.88750000000000       1.85535986832799       1.85535986832799       0.00000000000000       0.00000000000000
       6.91250000000000       1.85925824259105       1.85925824259105  -2.22044604925031e-16  -1.19426446438980e-16
       6.93750000000000       1.86314150851338       1.86314150851338       0.00000000000000       0.00000000000000
       6.96250000000000       1.86700978252286       1.86700978252286       0.00000000000000       0.00000000000000
       6.98750000000000       1.87086317970925       1.87086317970925   2.22044604925031e-16   1.18685645927106e-16
       7.01250000000000       1.87470181384457       1.87470181384457   2.22044604925031e-16   1.18442625533962e-16
       7.03750000000000       1.87852579740313       1.87852579740313  -4.44089209850063e-16  -2.36403040332994e-16
       7.06250000000000       1.88233524158114       1.88233524158114  -2.22044604925031e-16  -1.17962305555368e-16
       7.08750000000000       1.88613025631596       1.88613025631596       0.00000000000000       0.00000000000000
       7.11250000000000       1.88991095030502       1.88991095030502  -2.22044604925031e-16  -1.17489453611132e-16
       7.13750000000000       1.89367743102434       1.89367743102434   4.44089209850063e-16   2.34511539597239e-16
       7.16250000000000       1.89742980474674       1.89742980474674       0.00000000000000       0.00000000000000
       7.18750000000000       1.90116817655969       1.90116817655969       0.00000000000000       0.00000000000000
       7.21250000000000       1.90489265038288       1.90489265038288   4.44089209850063e-16   2.33130832732648e-16
       7.23750000000000       1.90860332898537       1.90860332898537       0.00000000000000       0.00000000000000
       7.26250000000000       1.91230031400253       1.91230031400253   2.22044604925031e-16   1.16113877772829e-16
       7.28750000000000       1.91598370595260       1.91598370595260  -2.22044604925031e-16  -1.15890654098561e-16
       7.31250000000000       1.91965360425300       1.91965360425300   2.22044604925031e-16   1.15669100109046e-16
       7.33750000000000       1.92331010723630       1.92331010723630   6.66133814775094e-16   3.46347587042161e-16
       7.36250000000000       1.92695331216592       1.92695331216592  -2.22044604925031e-16  -1.15230921020837e-16
       7.38750000000000       1.93058331525155       1.93058331525155   2.22044604925031e-16   1.15014256660609e-16
       7.41250000000000       1.93420021166430       1.93420021166430       0.00000000000000       0.00000000000000
       7.43750000000000       1.93780409555156       1.93780409555156   6.66133814775094e-16   3.43757047631532e-16
       7.46250000000000       1.94139506005161       1.94139506005161   4.44089209850063e-16   2.28747470820420e-16
       7.48750000000000       1.94497319730797       1.94497319730797       0.00000000000000       0.00000000000000
       7.51250000000000       1.94853859848349       1.94853859848349       0.00000000000000       0.00000000000000
       7.53750000000000       1.95209135377420       1.95209135377420   2.22044604925031e-16   1.13747035709024e-16
       7.56250000000000       1.95563155242288       1.95563155242288   1.11022302462516e-15   5.67705620851573e-16
       7.58750000000000       1.95915928273249       1.95915928273249   6.66133814775094e-16   3.40010034225508e-16
       7.61250000000000       1.96267463207922       1.96267463207922   2.22044604925031e-16   1.13133680588617e-16
       7.63750000000000       1.96617768692547       1.96617768692547   4.44089209850063e-16   2.25864230279456e-16
       7.66250000000000       1.96966853283247       1.96966853283247       0.00000000000000       0.00000000000000
       7.68750000000000       1.97314725447277       1.97314725447277   4.44089209850063e-16   2.25066430720460e-16
       7.71250000000000       1.97661393564248       1.97661393564248       0.00000000000000       0.00000000000000
       7.73750000000000       1.98006865927331       1.98006865927331       0.00000000000000       0.00000000000000
       7.76250000000000       1.98351150744437       1.98351150744437   6.66133814775094e-16   3.35835618938942e-16
       7.78750000000000       1.98694256139385       1.98694256139385       0.00000000000000       0.00000000000000
       7.81250000000000       1.99036190153044       1.99036190153043   1.11022302462516e-15   5.57799575932136e-16
       7.83750000000000       1.99376960744450       1.99376960744450       0.00000000000000       0.00000000000000
       7.86250000000000       1.99716575791923       1.99716575791923  -2.22044604925031e-16  -1.11179857778240e-16
       7.88750000000000       2.00055043094142       2.00055043094142       0.00000000000000       0.00000000000000
       7.91250000000000       2.00392370371220       2.00392370371220       0.00000000000000       0.00000000000000
       7.93750000000000       2.00728565265752       2.00728565265752   4.44089209850063e-16   2.21238670869846e-16
       7.96250000000000       2.01063635343848       2.01063635343848   4.44089209850063e-16   2.20869979342911e-16
       7.98750000000000       2.01397588096149       2.01397588096149   4.44089209850063e-16   2.20503737928605e-16
       8.01250000000000       2.01730430938824       2.01730430938824       0.00000000000000       0.00000000000000
       8.03750000000000       2.02062171214558       2.02062171214558       0.00000000000000       0.00000000000000
       8.06250000000000       2.02392816193512       2.02392816193512       0.00000000000000       0.00000000000000
       8.08750000000000       2.02722373074277       2.02722373074277       0.00000000000000       0.00000000000000
       8.11250000000000       2.03050848984808       2.03050848984808       0.00000000000000       0.00000000000000
       8.13750000000000       2.03378250983344       2.03378250983344   4.44089209850063e-16   2.18356293115349e-16
       8.16250000000000       2.03704586059316       2.03704586059316       0.00000000000000       0.00000000000000
       8.18750000000000       2.04029861134230       2.04029861134230       0.00000000000000       0.00000000000000
       8.21250000000000       2.04354083062552       2.04354083062552   4.44089209850063e-16   2.17313597651058e-16
       8.23750000000000       2.04677258632561       2.04677258632561   4.44089209850063e-16   2.16970469908089e-16
       8.26250000000000       2.04999394567206       2.04999394567206   4.44089209850063e-16   2.16629522632309e-16
       8.28750000000000       2.05320497524934       2.05320497524934  -8.88178419700125e-16  -4.32581466734593e-16
       8.31250000000000       2.05640574100514       2.05640574100514       0.00000000000000       0.00000000000000
       8.33750000000000       2.05959630825845       2.05959630825845   8.88178419700125e-16   4.31239081240707e-16
       8.36250000000000       2.06277674170752       2.06277674170752       0.00000000000000       0.00000000000000
       8.38750000000000       2.06594710543767       2.06594710543767   4.44089209850063e-16   2.14956718243753e-16
       8.41250000000000       2.06910746292905       2.06910746292905       0.00000000000000       0.00000000000000
       8.43750000000000       2.07225787706416       2.07225787706416   4.44089209850063e-16   2.14302097613073e-16
       8.46250000000000       2.07539841013536       2.07539841013536       0.00000000000000       0.00000000000000
       8.48750000000000       2.07852912385221       2.07852912385221       0.00000000000000       0.00000000000000
       8.51250000000000       2.08165007934872       2.08165007934872  -4.44089209850063e-16  -2.13335187434097e-16
       8.53750000000000       2.08476133719045       2.08476133719045       0.00000000000000       0.00000000000000
       8.56250000000000       2.08786295738156       2.08786295738156   8.88178419700125e-16   4.25400726882004e-16
       8.58750000000000       2.09095499937169       2.09095499937169       0.00000000000000       0.00000000000000
       8.61250000000000       2.09403752206280       2.09403752206280   4.44089209850063e-16   2.12073186450163e-16
       8.63750000000000       2.09711058381582       2.09711058381582       0.00000000000000       0.00000000000000
       8.66250000000000       2.10017424245727       2.10017424245727   4.44089209850063e-16   2.11453507462535e-16
       8.68750000000000       2.10322855528578       2.10322855528578   8.88178419700125e-16   4.22292868489246e-16
       8.71250000000000       2.10627357907846       2.10627357907846       0.00000000000000       0.00000000000000
       8.73750000000000       2.10930937009722       2.10930937009722   4.44089209850063e-16   2.10537731518063e-16
       8.76250000000000       2.11233598409493       2.11233598409493   4.44089209850063e-16   2.10236067175810e-16
       8.78750000000000       2.11535347632162       2.11535347632162  -4.44089209850063e-16  -2.09936171340162e-16
       8.81250000000000       2.11836190153043       2.11836190153043   1.33226762955019e-15   6.28914081483280e-16
       8.83750000000000       2.12136131398358       2.12136131398358   4.44089209850063e-16   2.09341618008548e-16
       8.86250000000000       2.12435176745818       2.12435176745818  -4.44089209850063e-16  -2.09046927468807e-16
       8.88750000000000       2.12733331525204       2.12733331525204   4.44089209850063e-16   2.08753939340929e-16
       8.91250000000000       2.13030601018930       2.13030601018930   4.44089209850063e-16   2.08462637633267e-16
       8.93750000000000       2.13326990462603       2.13326990462603       0.00000000000000       0.00000000000000
       8.96250000000000       2.13622505045575       2.13622505045575       0.00000000000000       0.00000000000000
       8.98750000000000       2.13917149911485       2.13917149911485   4.44089209850063e-16   2.07598694183154e-16
       9.01250000000000       2.14210930158793       2.14210930158793       0.00000000000000       0.00000000000000
       9.03750000000000       2.14503850841308       2.14503850841308  -8.88178419700125e-16  -4.14061759831626e-16
       9.06250000000000       2.14795916968706       2.14795916968706       0.00000000000000       0.00000000000000
       9.08750000000000       2.15087133507043       2.15087133507043       0.00000000000000       0.00000000000000
       9.11250000000000       2.15377505379261       2.15377505379261  -4.44089209850063e-16  -2.06191082521854e-16
       9.13750000000000       2.15667037465679       2.15667037465679       0.00000000000000       0.00000000000000
       9.16250000000000       2.15955734604492       2.15955734604492       0.00000000000000       0.00000000000000
       9.18750000000000       2.16243601592246       2.16243601592246       0.00000000000000       0.00000000000000
       9.21250000000000       2.16530643184317       2.16530643184317   8.88178419700125e-16   4.10186016463306e-16
       9.23750000000000       2.16816864095384       2.16816864095384       0.00000000000000       0.00000000000000
       9.26250000000000       2.17102268999884       2.17102268999884       0.00000000000000       0.00000000000000
       9.28750000000000       2.17386862532476       2.17386862532476       0.00000000000000       0.00000000000000
       9.31250000000000       2.17670649288484       2.17670649288484       0.00000000000000       0.00000000000000
       9.33750000000000       2.17953633824346       2.17953633824346   8.88178419700125e-16   4.07507965852926e-16
       9.36250000000000       2.18235820658046       2.18235820658046       0.00000000000000       0.00000000000000
       9.38750000000000       2.18517214269550       2.18517214269550       0.00000000000000       0.00000000000000
       9.41250000000000       2.18797819101226       2.18797819101226       0.00000000000000       0.00000000000000
       9.43750000000000       2.19077639558268       2.19077639558268   4.44089209850063e-16   2.02708597164682e-16
       9.46250000000000       2.19356680009105       2.19356680009105   4.44089209850063e-16   2.02450734498548e-16
       9.48750000000000       2.19634944785810       2.19634944785810       0.00000000000000       0.00000000000000
       9.51250000000000       2.19912438184505       2.19912438184505       0.00000000000000       0.00000000000000
       9.53750000000000       2.20189164465751       2.20189164465751       0.00000000000000       0.00000000000000
       9.56250000000000       2.20465127854944       2.20465127854944   4.44089209850063e-16   2.01432858870203e-16
       9.58750000000000       2.20740332542701       2.20740332542701   4.44089209850063e-16   2.01181725484697e-16
       9.61250000000000       2.21014782685235       2.21014782685235   4.44089209850063e-16   2.00931903492865e-16
       9.63750000000000       2.21288482404736       2.21288482404736  -4.44089209850063e-16  -2.00683381721523e-16
       9.66250000000000       2.21561435789738       2.21561435789738  -4.44089209850063e-16  -2.00436149128183e-16
       9.68750000000000       2.21833646895485       2.21833646895485   8.88178419700125e-16   4.00380389598240e-16
       9.71250000000000       2.22105119744288       2.22105119744288       0.00000000000000       0.00000000000000
       9.73750000000000       2.22375858325888       2.22375858325887   4.44089209850063e-16   1.99702077911379e-16
       9.76250000000000       2.22645866597796       2.22645866597796   4.44089209850063e-16   1.99459894152133e-16
       9.78750000000000       2.22915148485647       2.22915148485647   4.44089209850063e-16   1.99218946252392e-16
       9.81250000000000       2.23183707883540       2.23183707883540   8.88178419700125e-16   3.97958447828812e-16
       9.83750000000000       2.23451548654369       2.23451548654369       0.00000000000000       0.00000000000000
       9.86250000000000       2.23718674630162       2.23718674630162  -4.44089209850063e-16  -1.98503415320247e-16
       9.88750000000000       2.23985089612405       2.23985089612405       0.00000000000000       0.00000000000000
       9.91250000000000       2.24250797372366       2.24250797372366   4.44089209850063e-16   1.98032388314168e-16
       9.93750000000000       2.24515801651414       2.24515801651414       0.00000000000000       0.00000000000000
       9.96250000000000       2.24780106161335       2.24780106161335       0.00000000000000       0.00000000000000
       9.98750000000000       2.25043714584642       2.25043714584642   4.44089209850063e-16   1.97334642591422e-16
       10.0125000000000       2.25306630574882       2.25306630574882       0.00000000000000       0.00000000000000
       10.0375000000000       2.25568857756937       2.25568857756937       0.00000000000000       0.00000000000000
       10.0625000000000       2.25830399727327       2.25830399727327       0.00000000000000       0.00000000000000
max(abs(diff)) = 6.67910171614494e-13
max(abs(frac)) = 3.59564191896757e-13
