                      n                     f1                     f2                  delta                   frac
                      0       1.00000000000000       1.00000000000000       0.00000000000000       0.00000000000000
                      1     -0.500000000000000     -0.500000000000000       0.00000000000000      -0.00000000000000
                      2      0.166666666666667      0.166666666666667       0.00000000000000       0.00000000000000
                      3       0.00000000000000       0.00000000000000       0.00000000000000                      -
                      4    -0.0333333333333333    -0.0333333333333333       0.00000000000000      -0.00000000000000
                      5       0.00000000000000       0.00000000000000       0.00000000000000                      -
                      6     0.0238095238095238     0.0238095238095238       0.00000000000000       0.00000000000000
                      7       0.00000000000000       0.00000000000000       0.00000000000000                      -
                      8    -0.0333333333333333    -0.0333333333333333       0.00000000000000      -0.00000000000000
                      9       0.00000000000000       0.00000000000000       0.00000000000000                      -
                     10     0.0757575757575758     0.0757575757575758       0.00000000000000       0.00000000000000
                     11       0.00000000000000       0.00000000000000       0.00000000000000                      -
                     12     -0.253113553113553     -0.253113553113553       0.00000000000000      -0.00000000000000
                     13       0.00000000000000       0.00000000000000       0.00000000000000                      -
                     14       1.16666666666667       1.16666666666667       0.00000000000000       0.00000000000000
                     15       0.00000000000000       0.00000000000000       0.00000000000000                      -
                     16      -7.09215686274510      -7.09215686274510       0.00000000000000      -0.00000000000000
                     17       0.00000000000000       0.00000000000000       0.00000000000000                      -
                     18       54.9711779448622       54.9711779448622       0.00000000000000       0.00000000000000
                     19       0.00000000000000       0.00000000000000       0.00000000000000                      -
                     20      -529.124242424242      -529.124242424242       0.00000000000000      -0.00000000000000
                     21       0.00000000000000       0.00000000000000       0.00000000000000                      -
                     22       6192.12318840580       6192.12318840580       0.00000000000000       0.00000000000000
                     23       0.00000000000000       0.00000000000000       0.00000000000000                      -
                     24      -86580.2531135532      -86580.2531135531  -1.30967237055302e-10   1.51266867842871e-15
                     25       0.00000000000000       0.00000000000000       0.00000000000000                      -
                     26       1425517.16666667       1425517.16666667   2.09547579288483e-09   1.46997583886327e-15
                     27       0.00000000000000       0.00000000000000       0.00000000000000                      -
                     28      -27298231.0678161      -27298231.0678161  -4.09781932830811e-08   1.50112998828680e-15
                     29       0.00000000000000       0.00000000000000       0.00000000000000                      -
                     30       601580873.900643       601580873.900642   1.07288360595703e-06   1.78344035275003e-15
                     31       0.00000000000000       0.00000000000000       0.00000000000000                      -
                     32      -15116315767.0922      -15116315767.0922  -3.05175781250000e-05   2.01885026716867e-15
                     33       0.00000000000000       0.00000000000000       0.00000000000000                      -
                     34       429614643061.168       429614643061.167   0.000854492187500000   1.98897360995757e-15
                     35       0.00000000000000       0.00000000000000       0.00000000000000                      -
                     36      -13711655205088.4      -13711655205088.3    -0.0292968750000000   2.13664029337086e-15
                     37       0.00000000000000       0.00000000000000       0.00000000000000                      -
                     38       488332318973594.       488332318973593.       1.00000000000000   2.04778582360033e-15
                     39       0.00000000000000       0.00000000000000       0.00000000000000                      -
                     40  -1.92965793419401e+16  -1.92965793419401e+16      -44.0000000000000   2.28019687947326e-15
                     41       0.00000000000000       0.00000000000000       0.00000000000000                      -
                     42   8.41693047573685e+17   8.41693047573683e+17       2048.00000000000   2.43319106163903e-15
                     43       0.00000000000000       0.00000000000000       0.00000000000000                      -
                     44  -4.03380718540596e+19  -4.03380718540595e+19      -98304.0000000000   2.43700294738077e-15
                     45       0.00000000000000       0.00000000000000       0.00000000000000                      -
                     46   2.11507486380820e+21   2.11507486380820e+21       5242880.00000000   2.47881533165222e-15
                     47       0.00000000000000       0.00000000000000       0.00000000000000                      -
                     48  -1.20866265222966e+23  -1.20866265222965e+23      -301989888.000000   2.49854570622258e-15
                     49       0.00000000000000       0.00000000000000       0.00000000000000                      -
                     50   7.50086674607698e+24   7.50086674607696e+24       19327352832.0000   2.57668260032861e-15
                     51       0.00000000000000       0.00000000000000       0.00000000000000                      -
                     52  -5.03877810148108e+26  -5.03877810148107e+26      -1305670057984.00   2.59124341593891e-15
                     53       0.00000000000000       0.00000000000000       0.00000000000000                      -
                     54   3.65287764848182e+28   3.65287764848181e+28       87960930222080.0   2.40799004748045e-15
                     55       0.00000000000000       0.00000000000000       0.00000000000000                      -
                     56  -2.84987693024509e+30  -2.84987693024509e+30  -6.75539944105574e+15   2.37041795361836e-15
                     57       0.00000000000000       0.00000000000000       0.00000000000000                      -
                     58   2.38654274996837e+32   2.38654274996836e+32   6.48518346341351e+17   2.71739672943193e-15
                     59       0.00000000000000       0.00000000000000       0.00000000000000                      -
                     60  -2.13999492572254e+34  -2.13999492572253e+34  -5.99519182395560e+19   2.80149814931520e-15
                     61       0.00000000000000       0.00000000000000       0.00000000000000                      -
                     62   2.05009757234782e+36   2.05009757234781e+36   6.19810600876641e+21   3.02332244687663e-15
                     63       0.00000000000000       0.00000000000000       0.00000000000000                      -
                     64  -2.09380059113464e+38  -2.09380059113464e+38  -6.42241841670272e+23   3.06734960525653e-15
                     65       0.00000000000000       0.00000000000000       0.00000000000000                      -
                     66   2.27526964884636e+40   2.27526964884635e+40   7.73712524553363e+25   3.40053111922653e-15
                     67       0.00000000000000       0.00000000000000       0.00000000000000                      -
                     68  -2.62577102862397e+42  -2.62577102862396e+42  -8.97506528481901e+27   3.41806851663011e-15
                     69       0.00000000000000       0.00000000000000       0.00000000000000                      -
                     70   3.21250821027181e+44   3.21250821027180e+44   1.10919427519970e+30   3.45273600127501e-15
                     71       0.00000000000000       0.00000000000000       0.00000000000000                      -
                     72  -4.15982781667949e+46  -4.15982781667947e+46  -1.41976867225562e+32   3.41304672891228e-15
                     73       0.00000000000000       0.00000000000000       0.00000000000000                      -
                     74   5.69206954820355e+48   5.69206954820353e+48   1.88220761121888e+34   3.30671927895350e-15
                     75       0.00000000000000       0.00000000000000       0.00000000000000                      -
                     76  -8.21836294197849e+50  -8.21836294197846e+50  -2.82460949104295e+36   3.43694907487617e-15
                     77       0.00000000000000       0.00000000000000       0.00000000000000                      -
                     78   1.25029043271670e+53   1.25029043271670e+53   4.04085310718614e+38   3.23193155881866e-15
                     79       0.00000000000000       0.00000000000000       0.00000000000000                      -
                     80  -2.00155832332484e+55  -2.00155832332484e+55  -7.07787323195552e+40   3.53618135903144e-15
                     81       0.00000000000000       0.00000000000000       0.00000000000000                      -
                     82   3.36749829153645e+57   3.36749829153644e+57   1.18472708867194e+43   3.51812231545751e-15
                     83       0.00000000000000       0.00000000000000       0.00000000000000                      -
                     84  -5.94709705031357e+59  -5.94709705031355e+59  -2.14087153905894e+45   3.59985976510349e-15
                     85       0.00000000000000       0.00000000000000       0.00000000000000                      -
                     86   1.10119103236280e+62   1.10119103236280e+62   4.33883298582612e+47   3.94012742413675e-15
                     87       0.00000000000000       0.00000000000000       0.00000000000000                      -
                     88  -2.13552595452536e+64  -2.13552595452535e+64  -8.47670949651924e+49   3.96937788489829e-15
                     89       0.00000000000000       0.00000000000000       0.00000000000000                      -
                     90   4.33288969866414e+66   4.33288969866412e+66   1.79589321195221e+52   4.14479328311983e-15
                     91       0.00000000000000       0.00000000000000       0.00000000000000                      -
                     92  -9.18855282416697e+68  -9.18855282416693e+68  -3.83123885216472e+54   4.16957808860622e-15
                     93       0.00000000000000       0.00000000000000       0.00000000000000                      -
                     94   2.03468967763292e+71   2.03468967763291e+71   8.58197502884898e+56   4.21782993406295e-15
                     95       0.00000000000000       0.00000000000000       0.00000000000000                      -
                     96  -4.70038339580359e+73  -4.70038339580357e+73  -2.00867255532374e+59   4.27342279592990e-15
                     97       0.00000000000000       0.00000000000000       0.00000000000000                      -
                     98   1.13180434454843e+76   1.13180434454842e+76   4.82081413277697e+61   4.25940592647258e-15
                     99       0.00000000000000       0.00000000000000       0.00000000000000                      -
                    100  -2.83822495706938e+78  -2.83822495706937e+78  -1.19299080405787e+64   4.20329897066970e-15
max(abs(diff)) = 1.19299080405787e+64
max(abs(frac)) = 4.27342279592990e-15
