                      x                     f1                     f2                  delta                   frac
      0.100000000000000      -1.72786838665730      -1.72786838665730  -2.22044604925031e-16   1.28507823072448e-16
      0.200000000000000      -1.04220559567278      -1.04220559567278   2.22044604925031e-16  -2.13052593314559e-16
      0.300000000000000     -0.649172932971162     -0.649172932971162  -3.33066907387547e-16   5.13063454237306e-16
      0.400000000000000     -0.378809346425244     -0.378809346425244   1.66533453693773e-16  -4.39623402287509e-16
      0.500000000000000     -0.177784078806613     -0.177784078806613   8.32667268468867e-17  -4.68358738340463e-16
      0.600000000000000    -0.0222707069592798    -0.0222707069592798       0.00000000000000      -0.00000000000000
      0.700000000000000      0.100514707008898      0.100514707008898  -9.71445146547012e-17  -9.66470654350131e-16
      0.800000000000000      0.198278615952467      0.198278615952467       0.00000000000000       0.00000000000000
      0.900000000000000      0.276067830467773      0.276067830467773   5.55111512312578e-17   2.01077942102849e-16
       1.00000000000000      0.337403922900968      0.337403922900968  -5.55111512312578e-17  -1.64524320742859e-16
       1.10000000000000      0.384873377424651      0.384873377424651       0.00000000000000       0.00000000000000
       1.20000000000000      0.420459182894240      0.420459182894240       0.00000000000000       0.00000000000000
       1.30000000000000      0.445738567528534      0.445738567528535  -1.66533453693773e-16  -3.73612394855450e-16
       1.40000000000000      0.462006585094677      0.462006585094677  -5.55111512312578e-17  -1.20152294409142e-16
       1.50000000000000      0.470356317195400      0.470356317195400  -1.11022302462516e-16  -2.36038718740953e-16
       1.60000000000000      0.471732516931878      0.471732516931878  -1.66533453693773e-16  -3.53025173623599e-16
       1.70000000000000      0.466968364176955      0.466968364176955   5.55111512312578e-17   1.18875614473580e-16
       1.80000000000000      0.456811129418337      0.456811129418337  -5.55111512312578e-17  -1.21518823987368e-16
       1.90000000000000      0.441940349681599      0.441940349681599   5.55111512312578e-17   1.25607791348429e-16
       2.00000000000000      0.422980828774865      0.422980828774865  -2.77555756156289e-16  -6.56189919907742e-16
       2.10000000000000      0.400511987844396      0.400511987844396  -1.11022302462516e-16  -2.77200947367521e-16
       2.20000000000000      0.375074599049833      0.375074599049832   5.55111512312578e-16   1.48000294799709e-15
       2.30000000000000      0.347175617540316      0.347175617540316  -2.77555756156289e-16  -7.99467883495757e-16
       2.40000000000000      0.317291617436699      0.317291617436698   1.27675647831893e-15   4.02392123886996e-15
       2.50000000000000      0.285871196365384      0.285871196365384   6.10622663543836e-16   2.13600625494068e-15
       2.60000000000000      0.253336616062584      0.253336616062584  -5.55111512312578e-17  -2.19120125996885e-16
       2.70000000000000      0.220084878632962      0.220084878632962   3.88578058618805e-16   1.76558271986892e-15
       2.80000000000000      0.186488389643177      0.186488389643176   7.49400541621981e-16   4.01848363351666e-15
       2.90000000000000      0.152895324159589      0.152895324159588   8.32667268468867e-16   5.44599563816452e-15
       3.00000000000000      0.119629786008001      0.119629786008000   2.49800180540660e-16   2.08811023471993e-15
       3.10000000000000     0.0869918311955372     0.0869918311955369   3.05311331771918e-16   3.50965518918266e-15
       3.20000000000000     0.0552574117199428     0.0552574117199423   5.20417042793042e-16   9.41804957189526e-15
       3.30000000000000     0.0246782846079585     0.0246782846079582   3.60822483003176e-16   1.46210520194268e-14
       3.40000000000000   -0.00451807793074163   -0.00451807793074188   2.49800180540660e-16  -5.52890375885221e-14
       3.50000000000000    -0.0321285485124809    -0.0321285485124809   6.93889390390723e-17  -2.15972841138830e-15
       3.60000000000000    -0.0579743518598002    -0.0579743518598010   8.39606162372775e-16  -1.44823725568022e-14
       3.70000000000000    -0.0819010012842980    -0.0819010012842984   4.85722573273506e-16  -5.93060604457623e-15
       3.80000000000000     -0.103778150356897     -0.103778150356898   4.44089209850063e-16  -4.27921685174403e-15
       3.90000000000000     -0.123499349207815     -0.123499349207815   1.94289029309402e-16  -1.57319881080886e-15
       4.00000000000000     -0.140981697886930     -0.140981697886930   1.66533453693773e-16  -1.18124165185850e-15
       4.10000000000000     -0.156165391828121     -0.156165391828121   3.88578058618805e-16  -2.48824694171985e-15
       4.20000000000000     -0.169013156767157     -0.169013156767157   1.66533453693773e-16  -9.85328342947884e-16
       4.30000000000000     -0.179509572512633     -0.179509572512633   5.55111512312578e-16  -3.09237833137568e-15
       4.40000000000000     -0.187660286800440     -0.187660286800441   5.27355936696949e-16  -2.81016269178861e-15
       4.50000000000000     -0.193491122101739     -0.193491122101739  -1.11022302462516e-16   5.73784994663163e-16
       4.60000000000000     -0.197047079722356     -0.197047079722356   4.16333634234434e-16  -2.11286376241179e-15
       4.70000000000000     -0.198391246842473     -0.198391246842473   8.32667268468867e-17  -4.19709680604016e-16
       4.80000000000000     -0.197603613309935     -0.197603613309935   2.77555756156289e-16  -1.40460870885469e-15
       4.90000000000000     -0.194779806026237     -0.194779806026237  -1.11022302462516e-16   5.69988772078152e-16
       5.00000000000000     -0.190029749656644     -0.190029749656644   1.66533453693773e-16  -8.76354644442121e-16
       5.10000000000000     -0.183476263159299     -0.183476263159299   1.11022302462516e-16  -6.05104445396968e-16
       5.20000000000000     -0.175253602265659     -0.175253602265659   8.32667268468867e-17  -4.75121342845018e-16
       5.30000000000000     -0.165505958558927     -0.165505958558927  -2.77555756156289e-17   1.67701367716901e-16
       5.40000000000000     -0.154385926190724     -0.154385926190724   1.94289029309402e-16  -1.25846334638938e-15
       5.50000000000000     -0.142052947551519     -0.142052947551519  -1.66533453693773e-16   1.17233367250881e-15
       5.60000000000000     -0.128671749369808     -0.128671749369808   1.38777878078145e-16  -1.07854193914230e-15
       5.70000000000000     -0.114410780761679     -0.114410780761679   1.52655665885959e-16  -1.33427693500270e-15
       5.80000000000000    -0.0994406646893785    -0.0994406646893786   1.66533453693773e-16  -1.67470173508968e-15
       5.90000000000000    -0.0839326741185565    -0.0839326741185564  -9.71445146547012e-17   1.15740997978312e-15
       6.00000000000000    -0.0680572438932470    -0.0680572438932471   1.11022302462516e-16  -1.63130764796562e-15
       6.10000000000000    -0.0519825289800219    -0.0519825289800220   1.59594559789866e-16  -3.07015766491857e-15
       6.20000000000000    -0.0358730192734549    -0.0358730192734550   3.46944695195361e-17  -9.67146625018237e-16
       6.30000000000000    -0.0198882206098422    -0.0198882206098422  -3.46944695195361e-18   1.74447328396823e-16
       6.40000000000000   -0.00418141101133508   -0.00418141101133501  -7.28583859910259e-17   1.74243540741441e-14
       6.50000000000000     0.0111015195149301     0.0111015195149301  -3.12250225675825e-17  -2.81268005930079e-15
       6.60000000000000     0.0258231380612633     0.0258231380612632   4.16333634234434e-17   1.61225035178419e-15
       6.70000000000000     0.0398554400470435     0.0398554400470435   4.16333634234434e-17   1.04460930237632e-15
       6.80000000000000     0.0530807167201992     0.0530807167201992  -6.93889390390723e-18  -1.30723440312303e-16
       6.90000000000000     0.0653923139759515     0.0653923139759515  -9.71445146547012e-17  -1.48556472080842e-15
       7.00000000000000     0.0766952784821845     0.0766952784821845   1.38777878078145e-17   1.80947094559910e-16
       7.10000000000000     0.0869068880713477     0.0869068880713478  -1.24900090270330e-16  -1.43717135709417e-15
       7.20000000000000     0.0959570643451808     0.0959570643451808   4.16333634234434e-17   4.33874917991218e-16
       7.30000000000000      0.103788666432028      0.103788666432028  -4.16333634234434e-17  -4.01135931838083e-16
       7.40000000000000      0.110357665828378      0.110357665828378  -2.77555756156289e-17  -2.51505642197913e-16
       7.50000000000000      0.115633203237934      0.115633203237934   1.24900090270330e-16   1.08014036429768e-15
       7.60000000000000      0.119597529284566      0.119597529284566  -1.38777878078145e-17  -1.16037412234447e-16
       7.70000000000000      0.122245831911846      0.122245831911846  -9.71445146547012e-17  -7.94665250630008e-16
       7.80000000000000      0.123585954183609      0.123585954183609   1.38777878078145e-17   1.12292597483987e-16
       7.90000000000000      0.123638007059718      0.123638007059718  -1.38777878078145e-17  -1.12245321142320e-16
       8.00000000000000      0.122433882532010      0.122433882532010  -1.38777878078145e-17  -1.13349242226197e-16
       8.10000000000000      0.120016673260596      0.120016673260597  -6.93889390390723e-17  -5.78160826774506e-16
       8.20000000000000      0.116440005544567      0.116440005544567   2.77555756156289e-17   2.38368037564252e-16
       8.30000000000000      0.111767293088111      0.111767293088111   2.77555756156289e-17   2.48333612175325e-16
       8.40000000000000      0.106070919578644      0.106070919578644       0.00000000000000       0.00000000000000
       8.50000000000000     0.0994313585734219     0.0994313585734219   4.16333634234434e-17   4.18714619017305e-16
       8.60000000000000     0.0919362395922574     0.0919362395922574  -6.93889390390723e-17  -7.54750676629980e-16
       8.70000000000000     0.0836793696334441     0.0836793696334442  -6.93889390390723e-17  -8.29223969337116e-16
       8.80000000000000     0.0747597195661731     0.0747597195661731  -5.55111512312578e-17  -7.42527547633756e-16
       8.90000000000000     0.0652803850043153     0.0652803850043154  -9.71445146547012e-17  -1.48811185240834e-15
       9.00000000000000     0.0553475313331336     0.0553475313331336   3.46944695195361e-17   6.26847642231993e-16
       9.10000000000000     0.0450693325426122     0.0450693325426122   4.85722573273506e-17   1.07772302333136e-15
       9.20000000000000     0.0345549134197599     0.0345549134197600  -2.77555756156289e-17  -8.03230940806152e-16
       9.30000000000000     0.0239133044692756     0.0239133044692756  -3.46944695195361e-17  -1.45084379969788e-15
       9.40000000000000     0.0132524186698848     0.0132524186698849  -5.37764277552810e-17  -4.05785759526930e-15
       9.50000000000000    0.00267805883565064    0.00267805883565066  -1.38777878078145e-17  -5.18203245689438e-15
       9.60000000000000   -0.00770703605853354   -0.00770703605853349  -5.37764277552810e-17   6.97757573039222e-15
       9.70000000000000    -0.0178040977058375    -0.0178040977058374  -7.28583859910259e-17   4.09222568842329e-15
       9.80000000000000    -0.0275191811098095    -0.0275191811098095  -6.59194920871187e-17   2.39540165908575e-15
       9.90000000000000    -0.0367639562968365    -0.0367639562968364  -8.32667268468867e-17   2.26490114868437e-15
       10.0000000000000    -0.0454564330044554    -0.0454564330044554       0.00000000000000      -0.00000000000000
max(abs(diff)) = 1.27675647831893e-15
max(abs(frac)) = 5.52890375885221e-14
