  n =                       0
                      x                                              f1                                              f2                                           delta                                            frac
      0.250000000000000            (0.989615837018092,3.87564968684258)            (0.989615837018092,3.87564968684258)    (3.33066907387547e-16,-1.33226762955019e-15)   (-3.02112145932459e-16,-1.63080237541474e-16)
      0.500000000000000            (0.958851077208406,1.75516512378075)            (0.958851077208406,1.75516512378075)    (-1.11022302462516e-16,6.66133814775094e-16)     (2.65680246288482e-16,2.08396399776522e-16)
      0.750000000000000           (0.908851680031112,0.975585158498428)           (0.908851680031112,0.975585158498428)         (0.00000000000000,3.33066907387547e-16)     (1.82776011544272e-16,1.70273485317341e-16)
       1.00000000000000           (0.841470984807896,0.540302305868140)           (0.841470984807897,0.540302305868140)        (-2.22044604925031e-16,0.00000000000000)    (-1.86844092377546e-16,1.19971212046575e-16)
       1.25000000000000           (0.759187695484469,0.252257889916215)           (0.759187695484469,0.252257889916215)   (-3.33066907387547e-16,-5.55111512312578e-17)    (-4.16974099590793e-16,6.54302691899274e-17)
       1.50000000000000          (0.664996657736036,0.0471581344451354)          (0.664996657736036,0.0471581344451353)         (0.00000000000000,1.73472347597681e-16)     (1.84064226536805e-17,2.59556695564684e-16)
       1.75000000000000          (0.562277683927964,-0.101854888942567)          (0.562277683927964,-0.101854888942567)   (-2.22044604925031e-16,-1.38777878078145e-16)   (-3.39066282531499e-16,-3.08234599351027e-16)
       2.00000000000000          (0.454648713412841,-0.208073418273571)          (0.454648713412841,-0.208073418273571)     (2.77555756156289e-16,5.55111512312578e-17)     (4.58559889791184e-16,3.31960193729208e-16)
       2.25000000000000          (0.345810309727965,-0.279188276765662)          (0.345810309727965,-0.279188276765662)     (5.55111512312578e-17,5.55111512312578e-17)     (1.87224703447153e-17,1.75640354711736e-16)
       2.50000000000000          (0.239388857641583,-0.320457446218774)          (0.239388857641583,-0.320457446218773)        (0.00000000000000,-5.55111512312578e-17)    (1.11181011001456e-16,-8.30546942476246e-17)
       2.75000000000000          (0.138785815291757,-0.336109955866350)          (0.138785815291757,-0.336109955866350)             (0.00000000000000,0.00000000000000)            (-0.00000000000000,0.00000000000000)
       3.00000000000000         (0.0470400026866223,-0.329997498866815)         (0.0470400026866224,-0.329997498866815)   (-7.63278329429795e-17,-5.55111512312578e-17)    (1.32552716389477e-16,-2.50193148013469e-16)
       3.25000000000000        (-0.0332908106246487,-0.305886054178630)        (-0.0332908106246487,-0.305886054178630)     (7.63278329429795e-17,5.55111512312578e-17)    (-2.06191644574649e-16,2.27089613933478e-16)
       3.50000000000000         (-0.100223779339892,-0.267559053511656)         (-0.100223779339891,-0.267559053511656)        (-1.24900090270330e-16,0.00000000000000)    (1.53344998813129e-16,-4.09372336719062e-16)
       3.75000000000000         (-0.152416351664625,-0.218815828623883)         (-0.152416351664625,-0.218815828623883)    (1.38777878078145e-16,-8.32667268468867e-17)    (-4.12304067650939e-17,6.05503224947683e-16)
       4.00000000000000         (-0.189200623826982,-0.163410905215903)         (-0.189200623826982,-0.163410905215903)        (-5.55111512312578e-17,0.00000000000000)    (1.68043911076927e-16,-1.45138039556428e-16)
       4.25000000000000         (-0.210585731347902,-0.104961762332657)         (-0.210585731347902,-0.104961762332657)    (-5.55111512312578e-17,6.93889390390723e-17)    (7.95954958779075e-17,-3.69177066568303e-16)
       4.50000000000000        (-0.217228915036688,-0.0468435109846177)        (-0.217228915036688,-0.0468435109846177)        (0.00000000000000,-2.77555756156289e-17)     (2.63284143775108e-17,1.22093599938337e-16)
       4.75000000000000        (-0.210377429257974,0.00791624271325827)        (-0.210377429257974,0.00791624271325822)         (0.00000000000000,5.03069808033274e-17)    (8.98534122162129e-18,-2.38789164971467e-16)
       5.00000000000000         (-0.191784854932628,0.0567324370926453)         (-0.191784854932628,0.0567324370926453)     (2.77555756156289e-17,4.85722573273506e-17)   (-6.41869127435819e-17,-2.72251619321501e-16)
       5.00000000000000         (-0.191784854932628,0.0567324370926453)         (-0.191784854932628,0.0567324370926453)     (2.77555756156289e-17,4.85722573273506e-17)   (-6.41869127435819e-17,-2.72251619321501e-16)
       10.0000000000000       (-0.0544021110889371,-0.0839071529076452)       (-0.0544021110889370,-0.0839071529076452)    (-1.04083408558608e-16,6.93889390390723e-17)   (-1.59871163130083e-17,-1.25082472470232e-15)
       15.0000000000000        (0.0433525226771411,-0.0506458608572548)        (0.0433525226771411,-0.0506458608572548)   (-4.16333634234434e-17,-3.46944695195361e-17)   (-1.07505126310034e-17,-8.12846319205569e-16)
       20.0000000000000         (0.0456472625363813,0.0204041030906698)         (0.0456472625363814,0.0204041030906696)    (-7.63278329429795e-17,1.52655665885959e-16)    (-1.47741874027729e-16,3.41028569216738e-15)
       25.0000000000000       (-0.00529407000391109,0.0396481124745389)       (-0.00529407000391092,0.0396481124745389)   (-1.68268177169750e-16,-6.93889390390723e-18)     (3.84818414635086e-16,4.19265662774306e-15)
       30.0000000000000       (-0.0329343874697620,0.00514171499625294)       (-0.0329343874697621,0.00514171499625280)     (1.38777878078145e-17,1.37910516340156e-16)    (2.26836116209302e-16,-4.15201860988912e-15)
       35.0000000000000       (-0.0122337905570327,-0.0258197772883289)       (-0.0122337905570329,-0.0258197772883288)    (2.27248775352962e-16,-1.11022302462516e-16)     (1.05910071971365e-16,8.85152704607750e-15)
       40.0000000000000        (0.0186278290119840,-0.0166734515413062)        (0.0186278290119837,-0.0166734515413065)     (3.22658566531686e-16,3.46944695195361e-16)     (3.61060870001268e-16,1.89482534914680e-14)
       45.0000000000000         (0.0189089672118692,0.0116738219737275)         (0.0189089672118693,0.0116738219737273)    (-1.11022302462516e-16,1.82145964977565e-16)     (5.47205449451110e-17,9.59899951403146e-15)
       50.0000000000000       (-0.00524749707407899,0.0192993205698422)       (-0.00524749707407858,0.0192993205698423)   (-4.15466272496445e-16,-1.11022302462516e-16)     (9.37576091933776e-17,2.15020149654896e-14)
       55.0000000000000      (-0.0181773667883385,0.000402304659308048)      (-0.0181773667883385,0.000402304659308286)   (-3.46944695195361e-18,-2.37711326317447e-16)    (-9.85150671572897e-17,1.30751442722382e-14)
       60.0000000000000      (-0.00508017701836935,-0.0158735496735862)      (-0.00508017701837028,-0.0158735496735859)    (9.30679144861557e-16,-2.98372437868011e-16)     (2.95736778886271e-17,5.86402791764493e-14)
       65.0000000000000       (0.0127204412229240,-0.00865313617289597)       (0.0127204412229247,-0.00865313617289495)   (-6.86950496486816e-16,-1.01654795692241e-15)    (2.45111194512569e-16,-7.97477822192676e-14)
       70.0000000000000        (0.0110555811651134,0.00904741718694632)        (0.0110555811651127,0.00904741718694714)    (6.74807432154978e-16,-8.18789480661053e-16)    (2.57045754212907e-16,-7.42715438087221e-14)
       75.0000000000000       (-0.00517042180545800,0.0122900169296638)       (-0.00517042180545907,0.0122900169296633)     (1.07032438467769e-15,4.52762827229947e-16)    (1.71192793084779e-16,-8.71609477642386e-14)
       80.0000000000000      (-0.0124236081740423,-0.00137984054798729)      (-0.0124236081740422,-0.00137984054798809)    (-9.02056207507940e-17,8.00791724597794e-16)    (1.00572129348883e-16,-6.44684287269560e-14)
       85.0000000000000      (-0.00207147788174886,-0.0115809016869886)      (-0.00207147788174808,-0.0115809016869887)    (-7.77156117237610e-16,1.37043154602168e-16)    (1.64573992023086e-16,-6.70772645212923e-14)
       90.0000000000000      (0.00993329626222799,-0.00497859573476943)      (0.00993329626222842,-0.00497859573476856)   (-4.31946145518225e-16,-8.70831184940357e-16)    (3.63425861327558e-16,-8.74857460762267e-14)
       95.0000000000000       (0.00719222857616929,0.00768603748415637)       (0.00719222857616969,0.00768603748415600)    (-4.05925293378573e-16,3.74700270810990e-16)    (-3.56913191658145e-16,5.24793553184980e-14)
       100.000000000000      (-0.00506365641109810,0.00862318872287654)      (-0.00506365641109759,0.00862318872287684)   (-5.15212872365112e-16,-3.01841884819964e-16)     (6.02142696019421e-17,5.97120142606621e-14)
max(abs(diff)) =    1.37327003955667e-15
max(abs(frac)) =    8.74865009294045e-14

  n =                       1
                      x                                              f1                                              f2                                           delta                                            frac
      0.250000000000000           (0.0828136612297877,16.4922145843884)           (0.0828136612297877,16.4922145843884)         (0.00000000000000,3.55271367880050e-15)     (2.15412192454668e-16,1.08166627589198e-18)
      0.500000000000000            (0.162537030636067,4.46918132476990)            (0.162537030636067,4.46918132476990)     (5.55111512312578e-17,8.88178419700125e-16)    (1.98922651203788e-16,-5.18637586930613e-18)
      0.750000000000000            (0.236217081543055,2.20963189136235)            (0.236217081543055,2.20963189136235)     (2.77555756156289e-17,4.44089209850063e-16)     (2.00035579407023e-16,8.82330004055640e-18)
       1.00000000000000            (0.301168678939757,1.38177329067604)            (0.301168678939757,1.38177329067604)         (0.00000000000000,4.44089209850063e-16)     (3.06815304424121e-16,6.68728803309719e-17)
       1.25000000000000           (0.355092266471360,0.960994007417441)           (0.355092266471360,0.960994007417441)    (-5.55111512312578e-17,3.33066907387547e-16)     (2.86169704233375e-16,1.63505494196773e-16)
       1.50000000000000           (0.396172970712222,0.696435414032793)           (0.396172970712222,0.696435414032793)     (1.66533453693773e-16,1.11022302462516e-16)    (2.23210946474422e-16,-1.12147240590837e-16)
       1.75000000000000           (0.423156422615689,0.504074890246497)           (0.423156422615689,0.504074890246497)    (-2.22044604925031e-16,3.33066907387547e-16)     (1.70681235496088e-16,5.83781242904763e-16)
       2.00000000000000           (0.435397774979992,0.350612004276055)           (0.435397774979992,0.350612004276055)    (1.11022302462516e-16,-1.11022302462516e-16)    (3.01219567347517e-17,-2.79246769443392e-16)
       2.25000000000000           (0.432881747755868,0.221726631165449)           (0.432881747755868,0.221726631165449)        (0.00000000000000,-2.77555756156289e-17)   (-2.60163530730923e-17,-5.07922946797962e-17)
       2.50000000000000           (0.416212989275407,0.111205879154073)           (0.416212989275407,0.111205879154073)    (1.11022302462516e-16,-1.38777878078145e-17)    (2.40655349085562e-16,-9.76425016113886e-17)
       2.75000000000000          (0.386577525063353,0.0165640131585387)          (0.386577525063353,0.0165640131585387)    (-5.55111512312578e-17,6.93889390390723e-17)    (-1.35656373569369e-16,1.85308116358226e-16)
       3.00000000000000         (0.345677499762356,-0.0629591636023163)         (0.345677499762356,-0.0629591636023160)    (5.55111512312578e-17,-2.91433543964104e-16)    (3.04052681935539e-16,-7.87701373695406e-16)
       3.25000000000000          (0.295642727832584,-0.127409596525765)          (0.295642727832584,-0.127409596525766)     (1.11022302462516e-16,1.38777878078145e-16)     (1.46098227047069e-16,5.32372960408041e-16)
       3.50000000000000          (0.238923687985973,-0.176669223200365)          (0.238923687985973,-0.176669223200365)   (-1.11022302462516e-16,-8.32667268468867e-17)   (-1.33812599981846e-16,-4.47453728181096e-16)
       3.75000000000000          (0.178171468179983,-0.210767239297660)          (0.178171468179983,-0.210767239297660)         (0.00000000000000,1.11022302462516e-16)    (-3.07214243942887e-16,2.59702660961481e-16)
       4.00000000000000          (0.116110749259157,-0.230053350130958)          (0.116110749259157,-0.230053350130958)   (-4.16333634234434e-17,-5.55111512312578e-17)    (1.19513529059423e-16,-2.41292590599267e-16)
       4.25000000000000         (0.0554121784860919,-0.235282616602645)         (0.0554121784860920,-0.235282616602645)   (-2.77555756156289e-17,-5.55111512312578e-17)    (1.97212455173279e-16,-1.64413112791505e-16)
       4.50000000000000       (-0.00142958124575741,-0.227638584144381)       (-0.00142958124575745,-0.227638584144381)         (3.94649590784724e-17,0.00000000000000)    (-1.08870851514045e-18,1.73359902186736e-16)
       4.75000000000000        (-0.0522062278202002,-0.208710851844657)        (-0.0522062278202002,-0.208710851844657)        (-5.55111512312578e-17,0.00000000000000)    (6.26117178270171e-17,-2.50310078102937e-16)
       5.00000000000000        (-0.0950894080791708,-0.180438367514099)        (-0.0950894080791708,-0.180438367514099)        (-2.77555756156289e-17,0.00000000000000)    (6.34437801967986e-17,-1.20388720036015e-16)
       5.00000000000000        (-0.0950894080791708,-0.180438367514099)        (-0.0950894080791708,-0.180438367514099)        (-2.77555756156289e-17,0.00000000000000)    (6.34437801967986e-17,-1.20388720036015e-16)
       10.0000000000000        (0.0784669417987515,-0.0627928263797016)        (0.0784669417987515,-0.0627928263797015)   (-9.71445146547012e-17,-1.38777878078145e-16)    (1.08081408517417e-16,-1.68212419055099e-15)
       15.0000000000000         (0.0535360290357309,0.0399761319533241)         (0.0535360290357308,0.0399761319533241)    (4.16333634234434e-17,-6.93889390390723e-17)   (-1.22086091904857e-16,-1.20495319659148e-15)
       20.0000000000000        (-0.0181217399638507,0.0466674676909148)        (-0.0181217399638505,0.0466674676909149)   (-2.08166817117217e-16,-8.32667268468867e-17)    (-4.52877230741894e-17,4.47822690621389e-15)
       25.0000000000000      (-0.0398598752746954,-0.00370814550492954)      (-0.0398598752746954,-0.00370814550492936)    (6.93889390390723e-18,-1.73472347597681e-16)     (2.28807196248376e-16,4.33076862463253e-15)
       30.0000000000000      (-0.00623952791191165,-0.0327629969698869)      (-0.00623952791191154,-0.0327629969698870)    (-1.13624387676481e-16,2.08166817117217e-17)    (2.42241769311727e-17,-3.46345727628858e-15)
       35.0000000000000        (0.0254702404152708,-0.0129714984795564)        (0.0254702404152707,-0.0129714984795566)     (1.17961196366423e-16,2.11636264069170e-16)     (3.17335128993606e-16,8.47077109186086e-15)
       40.0000000000000         (0.0171391472666058,0.0182109927234514)         (0.0171391472666061,0.0182109927234511)    (-3.40005801291454e-16,3.26128013483640e-16)     (1.78616973398751e-16,1.88384647181298e-14)
       45.0000000000000        (-0.0112536227023526,0.0191683854779520)        (-0.0112536227023525,0.0191683854779521)   (-1.80411241501588e-16,-1.04083408558608e-16)     (7.11823688857242e-17,9.37012573049930e-15)
       50.0000000000000      (-0.0194042705113237,-0.00486151066268215)      (-0.0194042705113238,-0.00486151066268173)    (1.00613961606655e-16,-4.20670442924376e-16)     (2.31790572572016e-16,2.16211988149450e-14)
       55.0000000000000     (-0.000732802237277831,-0.0181700521581693)     (-0.000732802237278078,-0.0181700521581693)    (2.46872834674949e-16,-1.04083408558608e-17)     (2.48304618233549e-17,1.35877997676481e-14)
       60.0000000000000       (0.0157888800566134,-0.00534473617959577)       (0.0157888800566131,-0.00534473617959671)     (3.15719672627779e-16,9.41087485717418e-16)    (-1.61970453814424e-16,5.95496192891200e-14)
       65.0000000000000        (0.00884883526863326,0.0125873160510333)        (0.00884883526863226,0.0125873160510340)    (1.00787433954252e-15,-7.06032454722560e-16)    (1.32888535192740e-16,-7.99772109243908e-14)
       70.0000000000000       (-0.00888948031315896,0.0111848299820698)       (-0.00888948031315982,0.0111848299820691)     (8.51749226704612e-16,6.76542155630955e-16)   (-2.25304828567381e-17,-7.61342768540933e-14)
       75.0000000000000      (-0.0123589558870699,-0.00500655491306251)      (-0.0123589558870694,-0.00500655491306356)    (-4.31946145518225e-16,1.04777297948999e-15)    (5.21178344995145e-16,-8.49895652263531e-14)
       80.0000000000000       (0.00122454544581177,-0.0124408561808921)       (0.00122454544581257,-0.0124408561808920)   (-8.01442245901285e-16,-8.32667268468867e-17)    (3.48789796349689e-16,-6.44545152840481e-14)
       85.0000000000000       (0.0115565313589680,-0.00220772378394873)       (0.0115565313589682,-0.00220772378394795)   (-1.47451495458029e-16,-7.76722436368615e-16)    (7.77357686404309e-17,-6.71958387116478e-14)
       90.0000000000000       (0.00508896569323862,0.00987797853184166)       (0.00508896569323776,0.00987797853184210)    (8.60422844084496e-16,-4.42354486374086e-16)    (7.36540512973746e-17,-8.70672089812579e-14)
       95.0000000000000      (-0.00761032981493354,0.00727313423389725)      (-0.00761032981493316,0.00727313423389765)   (-3.80771802976909e-16,-3.98119037736677e-16)     (2.00856406711107e-17,5.23321765261694e-14)
       100.000000000000     (-0.00867382528698753,-0.00497742452386933)     (-0.00867382528698782,-0.00497742452386882)    (2.86229373536173e-16,-5.06539254985228e-16)     (3.85534766613075e-16,5.81773632840056e-14)
max(abs(diff)) =    3.55271367880050e-15
max(abs(frac)) =    8.70672401348826e-14

  n =                       2
                      x                                              f1                                              f2                                           delta                                            frac
      0.250000000000000          (0.00414809773936113,194.030925325818)          (0.00414809773936113,194.030925325818)         (1.73472347597681e-18,0.00000000000000)    (1.91133726336487e-25,-8.94044839641415e-21)
      0.500000000000000           (0.0163711066079934,25.0599228248386)           (0.0163711066079934,25.0599228248386)    (-3.46944695195361e-18,1.06581410364015e-14)     (4.25305947499652e-16,4.16289229316541e-19)
      0.750000000000000           (0.0360166461411082,7.86294240695097)           (0.0360166461411082,7.86294240695097)    (1.38777878078145e-17,-8.88178419700125e-16)   (-1.12947058769152e-16,-2.28232144245615e-18)
       1.00000000000000           (0.0620350520113739,3.60501756615997)           (0.0620350520113739,3.60501756615997)     (1.38777878078145e-17,2.22044604925031e-15)     (6.15815993965103e-16,6.74737056362162e-18)
       1.25000000000000           (0.0930337440467956,2.05412772788564)           (0.0930337440467956,2.05412772788564)    (-1.38777878078145e-17,1.77635683940025e-15)     (8.62698655818721e-16,4.58286368782267e-17)
       1.50000000000000            (0.127349283688408,1.34571269362045)            (0.127349283688408,1.34571269362045)     (2.77555756156289e-17,2.22044604925031e-16)    (1.65471449876457e-16,-4.96607116412078e-18)
       1.75000000000000           (0.163133326270360,0.965983272222277)           (0.163133326270360,0.965983272222276)    (-2.77555756156289e-17,2.22044604925031e-16)     (2.18772119328796e-16,6.56787761872886e-17)
       2.00000000000000           (0.198447949057147,0.733991424687654)           (0.198447949057147,0.733991424687654)    (2.77555756156289e-17,-1.11022302462516e-16)   (-1.31427253449935e-16,-7.33483290160948e-17)
       2.25000000000000           (0.231365353946526,0.574823784986260)           (0.231365353946526,0.574823784986260)        (-1.38777878078145e-16,0.00000000000000)    (-8.36259920280330e-17,2.07767534943433e-16)
       2.50000000000000           (0.260066729488905,0.453904501203661)           (0.260066729488905,0.453904501203661)         (5.55111512312578e-17,0.00000000000000)    (5.27530239668982e-17,-9.20718889253431e-17)
       2.75000000000000           (0.282935121140991,0.354179788402938)           (0.282935121140992,0.354179788402938)    (-2.22044604925031e-16,3.33066907387547e-16)     (2.68333473662546e-16,8.41283377985821e-16)
       3.00000000000000           (0.298637497075734,0.267038335264499)           (0.298637497075734,0.267038335264499)    (1.11022302462516e-16,-2.22044604925031e-16)   (-1.62866071481454e-16,-5.97892502026544e-16)
       3.25000000000000           (0.306191790162418,0.188277195847154)           (0.306191790162418,0.188277195847154)         (0.00000000000000,1.66533453693773e-16)     (2.42678293514082e-16,3.94663309012528e-16)
       3.50000000000000           (0.305015511899297,0.116128290768486)           (0.305015511899297,0.116128290768486)    (5.55111512312578e-17,-4.16333634234434e-17)    (1.13564807976785e-16,-1.79733319541265e-16)
       3.75000000000000          (0.294953526208611,0.0502020371857544)          (0.294953526208611,0.0502020371857545)   (-5.55111512312578e-17,-6.93889390390723e-17)   (-2.21818117433504e-16,-1.97499648192037e-16)
       4.00000000000000        (0.276283685771350,-0.00912910738231534)        (0.276283685771350,-0.00912910738231538)     (5.55111512312578e-17,3.29597460435593e-17)     (1.96764150547233e-16,1.25798332991905e-16)
       4.25000000000000         (0.249700210279261,-0.0611200846809746)         (0.249700210279261,-0.0611200846809745)        (0.00000000000000,-8.32667268468867e-17)    (7.70099596811338e-17,-3.14616761844282e-16)
       4.50000000000000          (0.216275860872850,-0.104915545111636)          (0.216275860872850,-0.104915545111636)         (0.00000000000000,9.71445146547012e-17)    (-1.76384999818982e-16,3.63605008583964e-16)
       4.75000000000000          (0.177405074845216,-0.139733622825673)          (0.177405074845216,-0.139733622825673)   (-2.77555756156289e-17,-1.11022302462516e-16)    (2.07646555376879e-16,-4.62259025475921e-16)
       5.00000000000000          (0.134731210085125,-0.164995457601104)          (0.134731210085125,-0.164995457601104)   (-8.32667268468867e-17,-2.77555756156289e-17)   (-1.46312653566332e-16,-3.85185428163591e-16)
       5.00000000000000          (0.134731210085125,-0.164995457601104)          (0.134731210085125,-0.164995457601104)   (-8.32667268468867e-17,-2.77555756156289e-17)   (-1.46312653566332e-16,-3.85185428163591e-16)
       10.0000000000000         (0.0779421936285626,0.0650693049937347)         (0.0779421936285624,0.0650693049937348)    (1.11022302462516e-16,-1.11022302462516e-16)    (1.38633983469019e-16,-1.54015577220509e-15)
       15.0000000000000        (-0.0326453168699949,0.0586410872479196)        (-0.0326453168699950,0.0586410872479196)     (6.93889390390723e-17,3.46944695195361e-17)   (-5.12160737565715e-17,-1.15477009824463e-15)
       20.0000000000000       (-0.0483655235309589,-0.0134039829370325)       (-0.0483655235309590,-0.0134039829370324)    (4.85722573273506e-17,-1.68268177169750e-16)    (-3.72222907014458e-17,3.48940922785962e-15)
       25.0000000000000      (0.000510884970947654,-0.0400930899351305)      (0.000510884970947475,-0.0400930899351305)    (1.78242837156617e-16,-1.38777878078145e-17)     (4.02723262944958e-16,4.44059293464751e-15)
       30.0000000000000       (0.0323104346785709,-0.00841801469324161)       (0.0323104346785709,-0.00841801469324150)   (-2.08166817117217e-17,-1.09287578986539e-16)    (2.21907412909375e-16,-3.32460891327382e-15)
       35.0000000000000         (0.0144169540211988,0.0247079345615098)         (0.0144169540211989,0.0247079345615096)    (-1.90819582357449e-16,1.31838984174237e-16)     (6.18859727884852e-16,8.08410974631189e-15)
       40.0000000000000        (-0.0173423929669886,0.0180392759955650)        (-0.0173423929669883,0.0180392759955654)   (-3.50414142147315e-16,-3.29597460435593e-16)     (2.09718357706140e-16,1.92234502127931e-14)
       45.0000000000000       (-0.0196592087253594,-0.0103959296085307)       (-0.0196592087253595,-0.0103959296085305)    (1.04083408558608e-16,-1.97758476261356e-16)     (1.95845764592650e-17,1.00489739512372e-14)
       50.0000000000000       (0.00408324084339954,-0.0195910112096031)       (0.00408324084339915,-0.0195910112096032)     (3.97251675998689e-16,7.97972798949331e-17)     (1.46735864735507e-16,2.02466587292940e-14)
       55.0000000000000       (0.0181373957572143,-0.00139339841339000)       (0.0181373957572143,-0.00139339841339025)     (1.73472347597681e-17,2.46113893154210e-16)    (-8.55257614071570e-17,1.35628468930615e-14)
       60.0000000000000        (0.00586962102120002,0.0156063128646064)        (0.00586962102120093,0.0156063128646061)    (-9.17668718791731e-16,3.46944695195361e-16)     (1.01291007902433e-16,5.88392188845274e-14)
       65.0000000000000       (-0.0123120334412948,0.00923408922140518)       (-0.0123120334412955,0.00923408922140422)     (7.23379689482329e-16,9.69710423071035e-16)    (2.03152667300003e-16,-7.86088258962513e-14)
       70.0000000000000      (-0.0114365588928202,-0.00856806733057190)      (-0.0114365588928196,-0.00856806733057275)    (-6.41847686111419e-16,8.51749226704612e-16)    (2.09024230027720e-16,-7.46326030740861e-14)
       75.0000000000000       (0.00467606356997522,-0.0124902791261863)       (0.00467606356997629,-0.0124902791261859)   (-1.07813064031959e-15,-4.11129463806503e-16)    (5.26862070544302e-16,-8.65148224420857e-14)
       80.0000000000000       (0.0124695286282602,0.000913308441203827)       (0.0124695286282602,0.000913308441204643)    (6.41847686111419e-17,-8.16404235881585e-16)    (3.50075374872832e-16,-6.54975811054751e-14)
       85.0000000000000        (0.00247935545912421,0.0115029820240257)        (0.00247935545912343,0.0115029820240259)    (7.77589798106604e-16,-1.70002900645727e-16)   (-1.99462968311592e-16,-6.76419676289873e-14)
       90.0000000000000      (-0.00976366407245337,0.00530786168583081)      (-0.00976366407245383,0.00530786168582996)     (4.59701721133854e-16,8.51749226704612e-16)    (2.63912870505741e-16,-8.70931657808610e-14)
       95.0000000000000     (-0.00743255478085140,-0.00745635956098068)     (-0.00743255478085179,-0.00745635956098028)    (3.98119037736677e-16,-3.98986399474666e-16)     (1.43851253257983e-16,5.35366108342997e-14)
       100.000000000000      (0.00480344165248846,-0.00877251145859262)      (0.00480344165248795,-0.00877251145859290)     (5.08273978461204e-16,2.79290479632266e-16)    (-8.61194947372845e-17,5.79865470487410e-14)
max(abs(diff)) =    1.06581416010901e-14
max(abs(frac)) =    8.70935656391203e-14

  n =                       5
                      x                                              f1                                              f2                                           delta                                            frac
      0.250000000000000         (9.37198112372682e-08,3884190.06266377)         (9.37198112372682e-08,3884190.06266377)    (-1.32348898008484e-23,9.31322574615479e-10)     (2.39772657771741e-16,9.19273708315570e-30)
      0.500000000000000         (2.97746687545745e-06,61327.5631669806)         (2.97746687545745e-06,61327.5631669806)     (1.27054942088145e-21,7.27595761418343e-12)    (1.18640905303423e-16,-1.49573863348953e-26)
      0.750000000000000         (2.23394476783357e-05,5478.95293231908)         (2.23394476783358e-05,5478.95293231909)   (-1.69406589450860e-20,-9.09494701772928e-13)    (-1.65997903798010e-16,2.41512522957120e-24)
       1.00000000000000         (9.25611586112582e-05,999.440343392237)         (9.25611586112582e-05,999.440343392236)         (0.00000000000000,3.41060513164848e-13)     (3.41251496819950e-16,3.16043214908369e-23)
       1.25000000000000         (0.000276388889201237,270.497205029424)         (0.000276388889201238,270.497205029424)    (-6.50521303491303e-19,1.70530256582424e-13)     (6.30432601190950e-16,3.04907353760273e-21)
       1.50000000000000         (0.000669620596289324,94.2361100852324)         (0.000669620596289325,94.2361100852325)   (-4.33680868994202e-19,-2.84217094304040e-14)    (-3.01601046630048e-16,2.45895757049735e-21)
       1.75000000000000          (0.00140217290225728,39.1828277865843)          (0.00140217290225728,39.1828277865843)         (0.00000000000000,7.10542735760100e-15)     (1.81340340906550e-16,6.48933541729523e-21)
       2.00000000000000          (0.00263516977024412,18.5914453111910)          (0.00263516977024412,18.5914453111910)         (8.67361737988404e-19,0.00000000000000)    (6.61275670242949e-24,-4.66538080307594e-20)
       2.25000000000000          (0.00455400347505676,9.78214202031823)          (0.00455400347505676,9.78214202031823)         (2.60208521396521e-18,0.00000000000000)    (1.23835981580898e-22,-2.66003564925862e-19)
       2.50000000000000          (0.00735763873776893,5.59910015480633)          (0.00735763873776894,5.59910015480632)    (-6.07153216591882e-18,3.55271367880050e-15)     (6.34512594407116e-16,1.91817369098346e-18)
       2.75000000000000           (0.0112447402764072,3.44006552336368)           (0.0112447402764071,3.44006552336368)     (3.46944695195361e-18,2.22044604925031e-15)     (6.45462608230654e-16,1.10131984696266e-18)
       3.00000000000000           (0.0163974809559991,2.24702332846539)           (0.0163974809559991,2.24702332846539)        (0.00000000000000,-8.88178419700125e-16)   (-3.95247843377414e-16,-2.88429092060522e-18)
       3.25000000000000           (0.0229641124748455,1.54914399457792)           (0.0229641124748455,1.54914399457792)    (-1.73472347597681e-17,6.66133814775094e-16)     (4.29740796419003e-16,1.75683156885484e-17)
       3.50000000000000           (0.0310415365373912,1.12058963256542)           (0.0310415365373912,1.12058963256542)        (0.00000000000000,-2.22044604925031e-16)   (-1.97997860504344e-16,-5.48475342137528e-18)
       3.75000000000000          (0.0406591894409490,0.845922556051948)          (0.0406591894409489,0.845922556051948)    (6.93889390390723e-18,-2.22044604925031e-16)   (-2.61489733126991e-16,-2.07712329861337e-17)
       4.00000000000000          (0.0517655397573635,0.662801266450459)          (0.0517655397573635,0.662801266450459)    (2.08166817117217e-17,-1.11022302462516e-16)   (-1.64051053216579e-16,-4.42196997996119e-17)
       4.25000000000000          (0.0642183957734256,0.535893744360385)          (0.0642183957734256,0.535893744360385)         (1.38777878078145e-17,0.00000000000000)    (3.05935662401097e-18,-2.55299133033377e-17)
       4.50000000000000          (0.0777800308328929,0.444303242290905)          (0.0777800308328929,0.444303242290906)    (8.32667268468867e-17,-1.66533453693773e-16)   (-3.31841587728397e-16,-2.45502092691504e-16)
       4.75000000000000          (0.0921178705937292,0.375201572328999)          (0.0921178705937292,0.375201572328999)   (-1.38777878078145e-17,-5.55111512312578e-17)    (-1.48103837835899e-16,6.25737355403579e-19)
       5.00000000000000           (0.106811161456505,0.320465046749739)           (0.106811161456505,0.320465046749739)    (-1.38777878078145e-17,5.55111512312578e-17)     (1.42911098582691e-16,9.09374938952852e-17)
       5.00000000000000           (0.106811161456505,0.320465046749739)           (0.106811161456505,0.320465046749739)    (-1.38777878078145e-17,5.55111512312578e-17)     (1.42911098582691e-16,9.09374938952852e-17)
       10.0000000000000       (-0.0555345116214522,-0.0938335416786918)       (-0.0555345116214522,-0.0938335416786918)   (-3.46944695195361e-17,-4.16333634234434e-17)    (4.90658329291437e-16,-7.93532749177836e-17)
       15.0000000000000        (0.0659680070765219,-0.0204756982818591)        (0.0659680070765220,-0.0204756982818591)   (-5.55111512312578e-17,-1.38777878078145e-17)   (-7.07981521694603e-16,-4.30120676561457e-16)
       20.0000000000000         (0.0166839080630954,0.0481723477573729)         (0.0166839080630957,0.0481723477573728)    (-2.87964097012150e-16,1.11022302462516e-16)     (2.09254919268030e-16,6.05026120617842e-15)
       25.0000000000000        (-0.0361177959897225,0.0183094892325482)        (-0.0361177959897224,0.0183094892325483)   (-8.32667268468867e-17,-1.52655665885959e-16)     (1.29510985113371e-16,4.29225930390391e-15)
       30.0000000000000       (-0.0205040087368276,-0.0266393904965699)       (-0.0205040087368275,-0.0266393904965700)    (-1.00613961606655e-16,8.32667268468867e-17)   (-1.37323438360657e-16,-3.88258292170349e-15)
       35.0000000000000        (0.0184994812068147,-0.0220060389855761)        (0.0184994812068146,-0.0220060389855762)     (1.80411241501588e-16,1.28369537222284e-16)     (6.20219560254139e-16,7.67687004068734e-15)
       40.0000000000000         (0.0224487737910448,0.0112689753480584)         (0.0224487737910450,0.0112689753480580)    (-2.28983498828939e-16,4.56232274181900e-16)     (1.38125249576086e-18,2.03225669752868e-14)
       45.0000000000000       (-0.00485526948450223,0.0217703883722748)       (-0.00485526948450201,0.0217703883722749)   (-2.15973072759112e-16,-4.51028103753970e-17)     (1.34067591923971e-16,9.89059702515007e-15)
       50.0000000000000      (-0.0200483005636649,0.000697113196458105)      (-0.0200483005636649,0.000697113196458537)   (-2.42861286636753e-17,-4.31187203997485e-16)     (4.62971939045688e-16,2.15235174909460e-14)
       55.0000000000000      (-0.00529999244555635,-0.0174395894502210)      (-0.00529999244555657,-0.0174395894502209)    (2.15105711021124e-16,-6.24500451351651e-17)    (-1.53374523026025e-16,1.22877220142950e-14)
       60.0000000000000       (0.0141515562813319,-0.00886991709193348)       (0.0141515562813314,-0.00886991709193431)     (5.23886489744996e-16,8.30932544992891e-16)     (1.55969217870102e-16,5.88144485650865e-14)
       65.0000000000000         (0.0113545885944176,0.0104213344449510)         (0.0113545885944168,0.0104213344449519)    (8.20524204137030e-16,-8.96852037080009e-16)   (-1.24953246459260e-16,-7.88711849893911e-14)
       70.0000000000000       (-0.00649837817853141,0.0127467698580090)       (-0.00649837817853236,0.0127467698580086)     (9.48026379621325e-16,4.90926743701436e-16)    (4.74313548882531e-16,-7.46156602050520e-14)
       75.0000000000000      (-0.0130899093200645,-0.00262828880289564)      (-0.0130899093200643,-0.00262828880289677)    (-2.34187669256869e-16,1.12973866372990e-15)    (5.39769515085271e-16,-8.64144514865888e-14)
       80.0000000000000     (-0.000962004500713836,-0.0124776585813241)     (-0.000962004500713026,-0.0124776585813242)    (-8.09356921760429e-16,6.24500451351651e-17)   (-3.99278817611373e-18,-6.48647947501967e-14)
       85.0000000000000       (0.0110486688991299,-0.00407718168181900)       (0.0110486688991302,-0.00407718168181826)   (-2.70616862252382e-16,-7.38992200766120e-16)    (1.66185558165618e-16,-6.68238535151241e-14)
       90.0000000000000       (0.00656395817081439,0.00897777595705740)       (0.00656395817081360,0.00897777595705798)    (7.90166543307436e-16,-5.77662917500277e-16)    (3.97689468975047e-18,-8.80107103269674e-14)
       95.0000000000000      (-0.00646461193682072,0.00831845578966727)      (-0.00646461193682028,0.00831845578966761)   (-4.41487124636097e-16,-3.41740524767431e-16)     (1.01718183811284e-16,5.29941574731208e-14)
       100.000000000000     (-0.00929014893490736,-0.00372067848627544)     (-0.00929014893490757,-0.00372067848627490)    (2.11636264069170e-16,-5.43402128849735e-16)     (5.56086085463429e-16,5.82695837395012e-14)
max(abs(diff)) =    9.31322574615479e-10
max(abs(frac)) =    8.80107104168184e-14

  n =                      10
                      x                                              f1                                              f2                                           delta                                            frac
      0.250000000000000     (6.92674274537085e-17,2.75065359817421e+15)     (6.92674274537085e-17,2.75065359817421e+15)        (1.23259516440783e-32,0.500000000000000)     (1.81774978983861e-16,9.63892820825115e-50)
      0.500000000000000         (7.06412396366188e-14,1349739281107.06)         (7.06412396366188e-14,1349739281107.06)     (1.26217744835362e-29,0.000488281250000000)     (3.61759679691260e-16,9.58213035764403e-42)
      0.750000000000000         (4.04593074741094e-12,15733380424.9537)         (4.04593074741093e-12,15733380424.9538)    (1.13091099372484e-26,-9.53674316406250e-06)   (-6.06147115653344e-16,-8.74671483065292e-37)
       1.00000000000000         (7.11655264004731e-11,672215008.256209)         (7.11655264004731e-11,672215008.256208)    (-3.87740912134232e-26,3.57627868652344e-07)     (5.32014108968000e-16,1.14003933844632e-34)
       1.25000000000000         (6.54707395301996e-10,58607405.9886795)         (6.54707395301999e-10,58607405.9886795)    (-3.72231275648862e-24,7.45058059692383e-08)     (1.27126947034014e-15,7.77141080262405e-32)
       1.50000000000000         (3.99344069948365e-09,8032728.81482348)         (3.99344069948363e-09,8032728.81482348)    (1.24077091882954e-23,-1.86264514923096e-09)   (-2.31881990811598e-16,-1.65992360445107e-30)
       1.75000000000000         (1.83277194607351e-08,1505955.57206405)         (1.83277194607353e-08,1505955.57206405)   (-1.25731453108060e-22,-4.65661287307739e-10)    (-3.09213164017520e-16,7.97263101326565e-29)
       2.00000000000000         (6.82530086497473e-08,355414.720085438)         (6.82530086497473e-08,355414.720085438)        (0.00000000000000,-5.82076609134674e-11)   (-1.63773917128347e-16,-3.14507586508431e-29)
       2.25000000000000         (2.16538705468468e-07,100086.803744254)         (2.16538705468466e-07,100086.803744254)    (1.45583787809333e-21,-5.82076609134674e-11)   (-5.81571783051459e-16,-1.58039883377042e-26)
       2.50000000000000         (6.05043622963852e-07,32423.7940853344)         (6.05043622963854e-07,32423.7940853344)    (-2.43521972335611e-21,1.81898940354586e-11)     (5.61004489097901e-16,8.55745599863001e-26)
       2.75000000000000         (1.52464853521585e-06,11772.8631618100)         (1.52464853521584e-06,11772.8631618100)     (3.81164826264435e-21,9.09494701772928e-12)    (7.72534844984218e-16,-2.23718232908692e-25)
       3.00000000000000         (3.52600389317527e-06,4699.85918881139)         (3.52600389317526e-06,4699.85918881139)    (9.31736241979730e-21,-9.09494701772928e-13)   (-1.93515308700758e-16,-2.12765909571732e-24)
       3.25000000000000         (7.58390400205311e-06,2033.01832738538)         (7.58390400205315e-06,2033.01832738538)    (-3.55753837846806e-20,1.36424205265939e-12)     (6.71042672996419e-16,2.00020366025251e-23)
       3.50000000000000         (1.53277869993970e-05,942.190750284254)         (1.53277869993971e-05,942.190750284255)   (-6.09863722023096e-20,-6.82121026329696e-13)    (-7.23973384501922e-16,5.29504904992754e-23)
       3.75000000000000         (2.93488110023176e-05,463.652069712025)         (2.93488110023177e-05,463.652069712025)   (-2.37169225231204e-20,-5.68434188608080e-14)    (-1.22599299289476e-16,4.33919746583959e-23)
       4.00000000000000         (5.35898657686326e-05,240.535529879889)         (5.35898657686326e-05,240.535529879889)    (6.77626357803440e-21,-2.84217094304040e-14)   (-1.18160129792856e-16,-5.44969347330243e-23)
       4.25000000000000         (9.38186024104781e-05,130.784784046311)         (9.38186024104780e-05,130.784784046311)    (9.48676900924816e-20,-1.13686837721616e-13)   (-8.69266547714243e-16,-1.34894180548360e-21)
       4.50000000000000         (0.000158175163714559,74.1706655017375)         (0.000158175163714558,74.1706655017375)    (7.58941520739853e-19,-2.84217094304040e-14)   (-3.83193399120714e-16,-1.10495597395026e-20)
       4.75000000000000         (0.000257776073699707,43.6982498981849)         (0.000257776073699707,43.6982498981850)    (5.42101086242752e-19,-2.84217094304040e-14)   (-6.50408414351570e-16,-1.62423166888666e-20)
       5.00000000000000         (0.000407344244249460,26.6561144057187)         (0.000407344244249460,26.6561144057187)    (-7.04731412115578e-19,2.13162820728030e-14)     (7.99677017160563e-16,3.86581189827665e-20)
       5.00000000000000         (0.000407344244249460,26.6561144057187)         (0.000407344244249460,26.6561144057187)    (-7.04731412115578e-19,2.13162820728030e-14)     (7.99677017160563e-16,3.86581189827665e-20)
       10.0000000000000          (0.0646051544925643,0.172453672088058)          (0.0646051544925643,0.172453672088058)     (1.38777878078145e-17,8.32667268468867e-17)     (4.49849227325386e-16,8.80514217995264e-17)
       15.0000000000000       (0.00189697900108826,-0.0784616898496426)       (0.00189697900108833,-0.0784616898496426)   (-7.69783542464708e-17,-1.38777878078145e-17)    (1.53063891288261e-16,-9.84795425412591e-16)
       20.0000000000000         (0.0396866986446262,0.0368434104962902)         (0.0396866986446264,0.0368434104962900)    (-2.15105711021124e-16,2.01227923213310e-16)    (-3.82923675060956e-16,5.42590199528943e-15)
       25.0000000000000        (-0.0362532856011287,0.0211583393010973)        (-0.0362532856011286,0.0211583393010975)   (-9.71445146547012e-17,-1.28369537222284e-16)     (4.57282955112415e-16,3.80778963490314e-15)
       30.0000000000000       (-0.0145296464038979,-0.0312195910647549)       (-0.0145296464038978,-0.0312195910647549)    (-1.28369537222284e-16,7.28583859910259e-17)   (-3.45297845294832e-16,-4.27252850755726e-15)
       35.0000000000000        (0.0262812646039939,-0.0128405934224147)        (0.0262812646039939,-0.0128405934224148)     (5.89805981832114e-17,1.11022302462516e-16)     (1.45505540074269e-16,4.29548127323229e-15)
       40.0000000000000         (0.0131248031827479,0.0218030686368883)         (0.0131248031827483,0.0218030686368881)    (-4.21537804662364e-16,2.46330733588707e-16)    (-2.49886144579752e-16,1.91834509702464e-14)
       45.0000000000000        (-0.0176008313837290,0.0140716368044690)        (-0.0176008313837290,0.0140716368044690)   (-6.24500451351651e-17,-8.67361737988404e-17)    (-2.38966456775095e-16,4.73690831944022e-15)
       50.0000000000000       (-0.0150392214634657,-0.0135246875111591)       (-0.0150392214634660,-0.0135246875111588)    (2.93168267440080e-16,-3.31332183911570e-16)     (1.76344583012101e-16,2.18726201573094e-14)
       55.0000000000000       (0.00952562893491682,-0.0156849326531805)       (0.00952562893491674,-0.0156849326531806)     (8.50014503228635e-17,4.85722573273506e-17)     (1.42060933439668e-16,5.33303090516026e-15)
       60.0000000000000        (0.0158227193940080,0.00563568955672714)        (0.0158227193940083,0.00563568955672621)    (-3.33066907387547e-16,9.22872889219661e-16)    (-2.44574105362871e-16,5.84129194189648e-14)
       65.0000000000000       (-0.00193913917082378,0.0153644902703155)       (-0.00193913917082498,0.0153644902703154)     (1.20454861363140e-15,1.57859836313889e-16)    (3.73803666808677e-16,-7.84453925746255e-14)
       70.0000000000000       (-0.0142933890283949,0.00145255756722720)       (-0.0142933890283950,0.00145255756722613)     (1.09287578986539e-16,1.07140858685018e-15)   (-2.81343291045740e-17,-7.49611902015884e-14)
       75.0000000000000      (-0.00442102850317072,-0.0126489516995491)      (-0.00442102850316962,-0.0126489516995494)    (-1.10068204550728e-15,3.81639164714898e-16)    (2.16169192112584e-16,-8.69420946074622e-14)
       80.0000000000000       (0.0105161469583384,-0.00685716080611271)       (0.0105161469583388,-0.00685716080611204)   (-4.31946145518225e-16,-6.72205346941013e-16)    (4.25169810593491e-16,-6.36440220768457e-14)
       85.0000000000000       (0.00867362751313302,0.00801511529413967)       (0.00867362751313257,0.00801511529414015)    (4.47558656802016e-16,-4.78783679369599e-16)    (3.18702583706028e-16,-5.54944418115440e-14)
       90.0000000000000      (-0.00529050663572307,0.00981397422190239)      (-0.00529050663572394,0.00981397422190191)     (8.78637440582253e-16,4.78783679369599e-16)    (4.04923891602030e-16,-8.97475042426843e-14)
       95.0000000000000      (-0.0102583269552106,-0.00250028540723191)      (-0.0102583269552107,-0.00250028540723149)    (1.00613961606655e-16,-4.11129463806503e-16)    (-3.75828756586846e-17,4.00867932478203e-14)
       100.000000000000     (-0.000195657859712846,-0.0100257773736362)     (-0.000195657859713429,-0.0100257773736362)    (5.82731562656646e-16,-1.38777878078145e-17)     (2.49810820756477e-16,5.81282047654132e-14)
max(abs(diff)) =       0.500000000000000
max(abs(frac)) =    8.97484177083286e-14

  n =                      20
                      x                                              f1                                              f2                                           delta                                            frac
      0.250000000000000     (6.93074870733994e-38,1.40775914025423e+36)     (6.93074870733994e-38,1.40775914025423e+36)         (3.13214614463929e-53,0.00000000000000)   (1.09538164398777e-162,-2.22491621974030e-89)
      0.500000000000000     (7.25158808101540e-32,6.72887618382348e+29)     (7.25158808101540e-32,6.72887618382347e+29)         (3.28429327576129e-47,281474976710656.)    (4.18309044513755e-16,-3.72853337660680e-78)
      0.750000000000000     (2.40259113988343e-28,1.35446113821059e+26)     (2.40259113988347e-28,1.35446113821059e+26)       (-3.85637337382190e-42,-154618822656.000)    (-1.14155229924330e-15,2.64467169177458e-68)
       1.00000000000000     (7.53779572223688e-26,3.23959221857899e+23)     (7.53779572223687e-26,3.23959221857898e+23)         (3.44383110592467e-41,201326592.000000)     (6.21456585941270e-16,3.82943779783350e-65)
       1.25000000000000     (6.49534392435944e-24,3.00964167159531e+21)     (6.49534392435934e-24,3.00964167159531e+21)         (1.00651703789158e-37,4718592.00000000)    (1.56782518149373e-15,-3.00594389278679e-59)
       1.50000000000000     (2.47031203908837e-22,6.59996468516682e+19)     (2.47031203908841e-22,6.59996468516682e+19)       (-3.66754237456554e-36,-32768.0000000000)    (-4.96487505056578e-16,5.37108096416445e-56)
       1.75000000000000     (5.34046271382964e-21,2.61933647530707e+18)     (5.34046271382972e-21,2.61933647530707e+18)       (-8.04978531443102e-35,-2560.00000000000)    (-9.77346753322283e-16,2.87394803834375e-53)
       2.00000000000000     (7.63264110088761e-20,1.60543649281522e+17)     (7.63264110088761e-20,1.60543649281522e+17)         (3.61111864572607e-35,0.00000000000000)    (1.06937576637596e-88,-2.24930644213386e-52)
       2.25000000000000     (7.94963359527826e-19,1.37190718727978e+16)     (7.94963359527811e-19,1.37190718727978e+16)        (1.52148465606592e-32,-8.00000000000000)   (-5.83129826432533e-16,-1.14281881106025e-48)
       2.50000000000000     (6.44885327595797e-18,1.52424724829896e+15)     (6.44885327595789e-18,1.52424724829895e+15)         (8.01186856865090e-32,3.25000000000000)    (2.13220001126915e-15,-4.35417815140589e-47)
       2.75000000000000         (4.27252230408793e-17,209484650509384.)         (4.27252230408801e-17,209484650509384.)       (-8.07349832687129e-31,0.187500000000000)     (8.95053644952382e-16,4.03653058706272e-45)
       3.00000000000000         (2.39422492727524e-16,34327545666696.4)         (2.39422492727526e-16,34327545666696.5)     (-2.51449413539198e-30,-0.0546875000000000)    (-1.59310836058565e-15,6.21386737410980e-44)
       3.25000000000000         (1.16540337414996e-15,6522260876203.33)         (1.16540337414999e-15,6522260876203.32)     (-2.91878534931774e-29,0.00781250000000000)     (1.19782083978029e-15,4.68914054834429e-42)
       3.50000000000000         (5.03034026252369e-15,1406018871897.23)         (5.03034026252375e-15,1406018871897.23)    (-5.36425415550288e-29,-0.00146484375000000)    (-1.04183790081238e-15,3.44246747913401e-41)
       3.75000000000000         (1.95724757981184e-14,338025193731.789)         (1.95724757981186e-14,338025193731.789)        (-1.60927624665086e-28,0.00000000000000)    (-2.75662839287495e-65,4.76081746713758e-40)
       4.00000000000000         (6.95598806449061e-14,89381690326.0187)         (6.95598806449061e-14,89381690326.0187)   (-5.04870979341448e-29,-3.05175781250000e-05)    (-3.41429861235422e-16,2.99135957716598e-40)
       4.25000000000000         (2.28259497456711e-13,25701805899.4749)         (2.28259497456709e-13,25701805899.4749)    (1.76704842769507e-27,-1.14440917968750e-05)   (-4.45264112632210e-16,-7.27063381300447e-38)
       4.50000000000000         (6.97818230217937e-13,7961859734.24077)         (6.97818230217928e-13,7961859734.24078)    (9.18865182401435e-27,-6.67572021484375e-06)   (-8.38462424317040e-16,-1.22757075800049e-36)
       4.75000000000000         (2.00241573886646e-12,2636237230.08500)         (2.00241573886650e-12,2636237230.08500)   (-4.76598204498326e-26,-4.29153442382812e-06)    (-1.62790145547324e-15,1.68422190717023e-35)
       5.00000000000000         (5.42772676079326e-12,926795140.305755)         (5.42772676079321e-12,926795140.305754)     (5.08909947176179e-26,1.19209289550781e-06)    (1.28625285531227e-15,-4.73778548938084e-35)
       5.00000000000000         (5.42772676079326e-12,926795140.305755)         (5.42772676079321e-12,926795140.305754)     (5.08909947176179e-26,1.19209289550781e-06)    (1.28625285531227e-15,-4.73778548938084e-35)
       10.0000000000000         (2.30837196131948e-06,1211.21060535260)         (2.30837196131947e-06,1211.21060535260)     (1.43995601033231e-20,1.13686837721616e-12)    (9.38621551191916e-16,-1.00997071675246e-23)
       15.0000000000000          (0.00154670585104125,1.55599657656522)          (0.00154670585104125,1.55599657656522)    (-3.68628738645072e-18,6.66133814775094e-16)     (4.28104728720055e-16,2.79463306070982e-18)
       20.0000000000000         (0.0383248516398051,0.0934011322509145)         (0.0383248516398052,0.0934011322509144)    (-3.46944695195361e-17,6.93889390390723e-17)     (5.05402191822965e-16,5.78835954518681e-16)
       25.0000000000000        (0.0285000714841548,-0.0440319856752764)        (0.0285000714841547,-0.0440319856752764)     (1.35308431126191e-16,2.08166817117217e-17)     (1.06856615884984e-15,2.38131934332220e-15)
       30.0000000000000        (-0.0147115933534291,0.0360780336066139)        (-0.0147115933534291,0.0360780336066139)    (3.12250225675825e-17,-6.93889390390723e-18)   (-4.67513531338582e-16,-6.74847023892131e-16)
       35.0000000000000       (-0.0107976530702641,-0.0298284056313197)       (-0.0107976530702642,-0.0298284056313196)    (1.28369537222284e-16,-9.71445146547012e-17)     (1.50207847636092e-15,4.84734119823431e-15)
       40.0000000000000        (0.0265353918375402,0.00484148109867644)        (0.0265353918375403,0.00484148109867608)    (-5.20417042793042e-17,3.61689844741164e-16)     (5.08774522085764e-16,1.35376415282774e-14)
       45.0000000000000        (-0.0115829591347167,0.0205046946815167)        (-0.0115829591347164,0.0205046946815169)   (-3.41740524767431e-16,-2.04697370165263e-16)    (-4.30738075885491e-16,1.69097736729883e-14)
       50.0000000000000       (-0.0157850298982690,-0.0137595313025415)       (-0.0157850298982693,-0.0137595313025412)    (2.74086309204336e-16,-3.03576608295941e-16)    (-3.40687595280583e-16,1.95289025053662e-14)
       55.0000000000000        (0.0138855191858628,-0.0127830388617341)        (0.0138855191858628,-0.0127830388617342)     (5.72458747072346e-17,5.03069808033274e-17)     (4.26184029481100e-16,4.01532755586125e-15)
       60.0000000000000         (0.0111124589640225,0.0131170094219071)         (0.0111124589640233,0.0131170094219064)    (-7.99707522425308e-16,6.74807432154978e-16)    (-1.19311297355526e-16,6.08661360870978e-14)
       65.0000000000000        (-0.0119383849639268,0.0103381060756754)        (-0.0119383849639276,0.0103381060756744)     (8.17054757185076e-16,9.54097911787244e-16)    (4.38053510810866e-16,-7.95391730954255e-14)
       70.0000000000000       (-0.0101176952071577,-0.0105386108141105)       (-0.0101176952071569,-0.0105386108141112)    (-8.13585310233123e-16,7.70217223333702e-16)    (5.36890760831971e-16,-7.66849850905743e-14)
       75.0000000000000       (0.00898712141023752,-0.0102000290942744)       (0.00898712141023831,-0.0102000290942737)   (-7.91033905045424e-16,-7.00828284294630e-16)    (2.12928793499513e-16,-7.77397313905210e-14)
       80.0000000000000        (0.0104005788849925,0.00731234509456094)        (0.0104005788849919,0.00731234509456171)    (5.48172618408671e-16,-7.77156117237610e-16)    (1.14319232523610e-16,-7.48027650691071e-14)
       85.0000000000000       (-0.00553590206563182,0.0105815103549514)       (-0.00553590206563267,0.0105815103549509)     (8.50881864966624e-16,4.47558656802016e-16)    (1.78438198650719e-16,-8.05054905002807e-14)
       90.0000000000000      (-0.0106393433207878,-0.00368663740152908)      (-0.0106393433207875,-0.00368663740152987)    (-2.74086309204336e-16,7.93635990259389e-16)   (-7.68989546620963e-17,-7.45678062805732e-14)
       95.0000000000000       (0.00180516614559837,-0.0104983843183382)       (0.00180516614559796,-0.0104983843183383)     (4.14382070323960e-16,6.93889390390723e-17)     (1.72344456902068e-16,3.94413985418396e-14)
       100.000000000000      (0.0101076712838731,-5.63172937877435e-05)      (0.0101076712838731,-5.63172937883340e-05)     (3.46944695195361e-18,5.90476831926340e-16)     (1.77547639917842e-17,5.84187806709461e-14)
max(abs(diff)) =        281474976710656.
max(abs(frac)) =    8.05056882517100e-14

  n =                      50
                      x                                              f1                                              f2                                           delta                                            frac
      0.250000000000000   (2.86495824180755e-111,1.38237428080041e+109)   (2.86495824180755e-111,1.38237428080041e+109)   (2.95455315769144e-126,-2.08592483976651e+93)  (-1.50894361153677e-16,-2.45003053685282e-235)
      0.500000000000000     (3.22272153742752e-96,6.14479129221217e+93)     (3.22272153742752e-96,6.14479129221217e+93)    (1.66326556250318e-111,3.70534685559412e+78)    (6.03006136317474e-16,4.55760475645497e-206)
      0.750000000000000     (2.05176155998503e-87,6.43484949089003e+84)     (2.05176155998476e-87,6.43484949089005e+84)   (2.78603176625055e-100,-1.89798024536741e+70)  (-2.94953323780830e-15,-4.42364527632354e-185)
       1.00000000000000     (3.61527471748979e-81,2.73919228462976e+78)     (3.61527471748979e-81,2.73919228462976e+78)     (2.34083817734610e-96,8.22752278660603e+62)   (3.00363097281362e-16,-4.58143472701659e-175)
       1.25000000000000     (2.52613139890576e-76,3.13650375733000e+73)     (2.52613139890599e-76,3.13650375732999e+73)    (-2.34102394626385e-89,1.00433627766187e+59)    (3.20208855262724e-15,7.72169618784146e-163)
       1.50000000000000     (2.29122942833842e-72,2.88210985286357e+69)     (2.29122942833814e-72,2.88210985286358e+69)    (2.83517820357419e-85,-6.89622993389650e+54)  (-2.39277136749129e-15,-1.00273835240096e-154)
       1.75000000000000     (5.07802349557203e-69,1.11482550241894e+66)     (5.07802349557093e-69,1.11482550241895e+66)    (1.09951830111037e-81,-2.99315535325369e+51)  (-2.68486444448853e-15,-9.98498960982317e-148)
       2.00000000000000     (4.01157529034242e-66,1.23502194436710e+63)     (4.01157529034242e-66,1.23502194436710e+63)         (0.00000000000000,3.65375409332726e+47)    (2.95845277081264e-16,9.60959121995117e-145)
       2.25000000000000     (1.44111998512092e-63,3.05652269397171e+60)     (1.44111998512111e-63,3.05652269397171e+60)   (-1.86217384469224e-76,-7.49305038670629e+45)   (-2.45149509325895e-15,5.97687320487446e-137)
       2.50000000000000     (2.78016031844729e-61,1.42627021311528e+58)     (2.78016031844751e-61,1.42627021311527e+58)    (-2.17631447588380e-74,4.18138972472449e+43)    (2.93169533113326e-15,1.58302423017458e-132)
       2.75000000000000     (3.24291288924863e-59,1.11187454748410e+56)     (3.24291288924896e-59,1.11187454748409e+56)    (-3.26764982385397e-72,2.17780714829401e+41)    (1.95868063822656e-15,2.99599279277315e-128)
       3.00000000000000     (2.49649343827320e-57,1.32432607166297e+54)     (2.49649343827293e-57,1.32432607166298e+54)    (2.60916753458695e-70,-4.08338840305126e+39)  (-3.08337084833170e-15,-2.02830990265119e-124)
       3.25000000000000     (1.35562214511594e-55,2.25194720941303e+52)     (1.35562214511577e-55,2.25194720941302e+52)     (1.63907791326763e-68,7.97536797470950e+37)   (3.54154304389236e-15,-7.06529871053479e-121)
       3.50000000000000     (5.46778504266954e-54,5.18615072011032e+50)     (5.46778504266855e-54,5.18615072011034e+50)    (9.82939629932167e-67,-1.24615124604836e+36)  (-2.40284425444127e-15,-1.92064966786247e-117)
       3.75000000000000     (1.70665910881825e-52,1.55132129094625e+49)     (1.70665910881794e-52,1.55132129094625e+49)    (3.09347792967331e-65,-7.78844528780224e+33)  (-5.02052368729600e-16,-1.99961559881844e-114)
       4.00000000000000     (4.26081406956608e-51,5.82764714079021e+47)     (4.26081406956608e-51,5.82764714079021e+47)         (4.15431088876991e-66,0.00000000000000)  (5.21200809624937e-212,-7.12862462054729e-114)
       4.25000000000000     (8.74146926952112e-50,2.67454140865436e+46)     (8.74146926952253e-50,2.67454140865436e+46)   (-1.41294048056906e-62,-1.52118072027388e+31)   (-5.68763196319038e-16,5.26433671959931e-109)
       4.50000000000000     (1.50710558985352e-48,1.46573089963527e+45)     (1.50710558985369e-48,1.46573089963528e+45)   (-1.64083410646729e-61,-3.80295180068469e+30)   (-2.59457708207625e-15,1.09278660266276e-106)
       4.75000000000000     (2.22491546089194e-47,9.41026743666894e+43)     (2.22491546089186e-47,9.41026743666897e+43)    (8.16770755219275e-61,-2.37684487542793e+29)  (-2.52579949658613e-15,-9.27675716556426e-105)
       5.00000000000000     (2.85747935043996e-46,6.96410918827035e+42)     (2.85747935044015e-46,6.96410918827033e+42)    (-1.91746658249096e-59,2.10449806678515e+28)    (3.02191997553651e-15,2.87734908745225e-102)
       5.00000000000000     (2.85747935043996e-46,6.96410918827035e+42)     (2.85747935044015e-46,6.96410918827033e+42)    (-1.91746658249096e-59,2.10449806678515e+28)    (3.02191997553651e-15,2.87734908745225e-102)
       10.0000000000000     (2.23069602321852e-31,4.52822727235127e+27)     (2.23069602321865e-31,4.52822727235126e+27)        (-1.23051521398523e-44,14293651161088.0)     (3.15656664327851e-15,2.87293137539801e-72)
       15.0000000000000     (7.68047166400885e-23,9.00049026458871e+18)     (7.68047166400808e-23,9.00049026458872e+18)        (7.64071328034487e-36,-6144.00000000000)   (-6.82629481215350e-16,-8.54747043556891e-55)
       20.0000000000000         (5.65008079187226e-17,9542541667002.65)         (5.65008079187253e-17,9542541667002.62)      (-2.62542770018868e-30,0.0253906250000000)     (2.66078219891864e-15,2.90883093937302e-43)
       25.0000000000000         (1.25404169737592e-12,363518140.710269)         (1.25404169737590e-12,363518140.710269)     (2.58493941422821e-26,6.55651092529297e-07)    (1.80362688708805e-15,-6.48869153359947e-35)
       30.0000000000000         (2.69016371857366e-09,152551.572331577)         (2.69016371857353e-09,152551.572331577)    (1.28212994945719e-22,-2.03726813197136e-10)   (-1.33546190369200e-15,-8.64006867265084e-28)
       35.0000000000000         (1.01671481744219e-06,386.265991862086)         (1.01671481744223e-06,386.265991862087)   (-3.38813178901720e-20,-5.11590769747272e-13)    (-1.32445201111552e-15,8.42288179413319e-23)
       40.0000000000000         (9.39491740381770e-05,4.32905079472910)         (9.39491740381791e-05,4.32905079472909)    (-2.12774676350280e-18,5.32907051820075e-15)     (1.23100206539571e-15,5.18219465920222e-19)
       45.0000000000000         (0.00248889272137944,0.199684608515037)         (0.00248889272137945,0.199684608515037)    (-1.38777878078145e-17,1.66533453693773e-16)     (8.32986777183768e-16,7.98809815797662e-17)
       50.0000000000000         (0.0188291073692826,0.0419000015046077)         (0.0188291073692826,0.0419000015046078)   (-3.46944695195361e-18,-1.38777878078145e-17)   (-3.06521965741077e-16,-5.49424336363219e-17)
       55.0000000000000        (0.0263731984381455,-0.0106960406724222)        (0.0263731984381455,-0.0106960406724221)        (0.00000000000000,-6.59194920871187e-17)    (8.70518921831938e-16,-2.14643614144329e-15)
       60.0000000000000      (-0.0212309782687389,-0.00781987685552694)      (-0.0212309782687390,-0.00781987685552670)    (8.67361737988404e-17,-2.35922392732846e-16)     (6.62278777554929e-18,1.11097378727622e-14)
       65.0000000000000         (0.0165398818022915,0.0100884749381909)         (0.0165398818022913,0.0100884749381912)    (1.87350135405495e-16,-3.19189119579733e-16)   (-3.23388703195924e-16,-1.91008995426122e-14)
       70.0000000000000      (-0.0159854160614369,-0.00624236712798187)      (-0.0159854160614367,-0.00624236712798242)    (-2.32452945780892e-16,5.55111512312578e-16)    (8.51092096904272e-16,-3.50584770197600e-14)
       75.0000000000000       (0.0154625489844056,-0.00112842427949474)       (0.0154625489844056,-0.00112842427949436)   (-1.56125112837913e-17,-3.75784472983476e-16)    (7.59827940846793e-16,-2.42474293898704e-14)
       80.0000000000000       (-0.0106385701180813,0.00939342660374917)       (-0.0106385701180818,0.00939342660374859)     (5.20417042793042e-16,5.81132364452230e-16)   (-3.85615480560544e-16,-5.49655271973316e-14)
       85.0000000000000      (0.000469612397844434,-0.0131080796028435)      (0.000469612397845414,-0.0131080796028434)   (-9.79956133601023e-16,-3.29597460435593e-17)   (-1.63684030239678e-16,-7.47538384904632e-14)
       90.0000000000000       (0.00960658821899269,0.00753966072257129)       (0.00960658821899202,0.00753966072257214)    (6.69603261727048e-16,-8.52616588442601e-16)    (2.79146910795108e-17,-8.87752276147837e-14)
       95.0000000000000       (-0.0106138739102615,0.00426057035528301)       (-0.0106138739102611,0.00426057035528397)   (-3.72965547335014e-16,-9.55832635263221e-16)    (-8.69854749748241e-16,8.97058478321055e-14)
       100.000000000000      (0.000579714088228065,-0.0107478229736824)      (0.000579714088227743,-0.0107478229736825)     (3.21899625010946e-16,1.56125112837913e-17)     (1.62356092034413e-16,2.99414593713601e-14)
max(abs(diff)) =    2.08592483976651e+93
max(abs(frac)) =    8.97100651129099e-14

  n =                     100
                      x                                              f1                                              f2                                           delta                                            frac
      0.250000000000000   (4.64357575643965e-250,4.28561094605164e+247)   (4.64357575643966e-250,4.28561094605164e+247) (-9.30390096871509e-265,-3.10503618460142e+232)        (-7.24525913268470e-16,0.00000000000000)
      0.500000000000000   (5.88371372478895e-220,1.69117200117538e+217)   (5.88371372478895e-220,1.69117200117538e+217) (-7.86273043163713e-236,-4.89888331065734e+201)        (-2.89673865653676e-16,0.00000000000000)
      0.750000000000000   (2.39024906872209e-202,2.77531074021393e+199)   (2.39024906872342e-202,2.77531074021395e+199) (-1.32667899478577e-214,-1.57216845873763e+185)        (-5.66483758361571e-15,0.00000000000000)
       1.00000000000000   (7.44472774166107e-190,6.68307946325868e+186)   (7.44472774166108e-190,6.68307946325868e+186)       (-6.97703646576830e-205,0.00000000000000)             (0.00000000000000,0.00000000000000)
       1.25000000000000   (3.64962633003666e-180,1.09063423697294e+177)   (3.64962633004014e-180,1.09063423697293e+177)  (-3.48035351707780e-192,6.97331638154195e+162)         (6.39381760185385e-15,0.00000000000000)
       1.50000000000000   (3.01743247256822e-172,1.09931842541311e+169)   (3.01743247256976e-172,1.09931842541311e+169) (-1.53754843688376e-184,-5.53072077110132e+154)        (-5.03104527609726e-15,0.00000000000000)
       1.75000000000000   (1.49089597930483e-165,1.90714804981412e+162)   (1.49089597930544e-165,1.90714804981413e+162) (-6.08986749911499e-178,-1.07887629898921e+148)        (-5.65701388046068e-15,0.00000000000000)
       2.00000000000000   (9.36783259100301e-160,2.65595583019249e+156)   (9.36783259100300e-160,2.65595583019250e+156)  (6.31746033117530e-175,-1.52429128433398e+141)       (-5.73914395339739e-16,-0.00000000000000)
       2.25000000000000   (1.21830126586392e-154,1.81541369264857e+151)   (1.21830126586498e-154,1.81541369264858e+151) (-1.05658179683348e-166,-8.14059371211080e+136)   (-4.48415352659049e-15,5.78997012558294e-318)
       2.50000000000000   (4.57333822266849e-150,4.35276316621116e+146)   (4.57333822267226e-150,4.35276316621114e+146)  (-3.76230136967286e-162,2.21813575529665e+132)    (5.09592566973366e-15,8.69701983949963e-309)
       2.75000000000000   (6.28199569541116e-146,2.88095370141007e+142)   (6.28199569540987e-146,2.88095370141006e+142)   (1.29097828170093e-158,7.58151869486160e+127)   (2.63160032427834e-15,-4.42369684444429e-301)
       3.00000000000000   (3.76197354100314e-142,4.41022299530299e+138)   (3.76197354100478e-142,4.41022299530301e+138) (-1.63806721723333e-154,-2.18148469700782e+124)   (-4.94642719728946e-15,3.67205669808393e-293)
       3.25000000000000   (1.12190110987890e-138,1.36519041540467e+135)   (1.12190110987947e-138,1.36519041540467e+135)  (-5.66983062385840e-151,9.52204642544548e+120)    (6.97488520136071e-15,4.21046168613882e-286)
       3.50000000000000   (1.84763983261628e-135,7.69807491010767e+131)   (1.84763983261692e-135,7.69807491010771e+131) (-6.41231142698567e-148,-3.94020061963945e+117)   (-5.11842332745541e-15,8.20691078296776e-280)
       3.75000000000000   (1.82389665247409e-132,7.27905534992602e+128)   (1.82389665247458e-132,7.27905534992604e+128) (-4.83941023163790e-145,-1.53914086704666e+114)   (-2.11447886168677e-15,6.59542219652320e-274)
       4.00000000000000   (1.15292036652401e-129,1.07966477958938e+126)   (1.15292036652401e-129,1.07966477958938e+126)        (0.00000000000000,4.50920175892576e+110)    (4.17648314937225e-16,4.45985881394306e-271)
       4.25000000000000   (4.92590511892167e-127,2.37857957744446e+123)   (4.92590511892564e-127,2.37857957744446e+123) (-3.96495739503014e-139,-2.34854258277383e+108)   (-9.87371877335759e-16,1.66489855222754e-262)
       4.50000000000000   (1.48765897959519e-124,7.43915966319589e+120)   (1.48765897959627e-124,7.43915966319593e+120) (-1.08136811968994e-136,-4.12829750878213e+106)   (-5.54941377210417e-15,1.44251842015091e-257)
       4.75000000000000   (3.29714494279913e-122,3.18022582782807e+118)   (3.29714494279951e-122,3.18022582782809e+118) (-3.81037932821205e-135,-1.65741110921158e+104)   (-5.21161451714733e-15,1.14411524234637e-253)
       5.00000000000000   (5.53565030338517e-120,1.79971398262594e+116)   (5.53565030338899e-120,1.79971398262593e+116)  (-3.82684618612692e-132,1.04988034789585e+102)    (5.83359554924379e-15,2.14430680005505e-248)
       5.00000000000000   (5.53565030338517e-120,1.79971398262594e+116)   (5.53565030338899e-120,1.79971398262593e+116)  (-3.82684618612692e-132,1.04988034789585e+102)    (5.83359554924379e-15,2.14430680005505e-248)
       10.0000000000000     (5.83204018200267e-90,8.57322630933002e+85)     (5.83204018200588e-90,8.57322630932998e+85)   (-3.20471089398373e-102,4.14104780807434e+71)    (4.83020937353276e-15,3.77090345278700e-188)
       15.0000000000000     (1.74063877507635e-72,1.92706585937108e+68)     (1.74063877507666e-72,1.92706585937109e+68)   (-3.18706202316673e-85,-2.39452428260295e+53)   (-1.24257521919070e-15,1.64261810861257e-153)
       20.0000000000000     (3.51527111253026e-60,7.22088935829534e+55)     (3.51527111253170e-60,7.22088935829530e+55)    (-1.43650573278019e-72,3.92005286692921e+41)    (5.42876738919408e-15,2.01580338616864e-128)
       25.0000000000000     (9.84554593538235e-51,2.08687526130087e+46)     (9.84554593538160e-51,2.08687526130086e+46)     (7.48962905946804e-64,4.56354216082163e+31)   (2.18678243278275e-15,-3.48575141285976e-110)
       30.0000000000000     (4.08885967442953e-43,4.24961240236123e+38)     (4.08885967443015e-43,4.24961240236124e+38)   (-6.18119661519391e-56,-6.04462909807315e+23)    (-1.42239539180433e-15,1.44084596049402e-94)
       35.0000000000000     (8.89758549111090e-37,1.70428983489109e+32)     (8.89758549111340e-37,1.70428983489109e+32)   (-2.50237595982382e-49,-5.04403158265496e+17)    (-2.95960902857658e-15,1.45282952158781e-81)
       40.0000000000000     (2.15134925477286e-31,6.30215652607259e+26)     (2.15134925477338e-31,6.30215652607256e+26)        (-5.21545772190893e-44,2886218022912.00)     (4.57973078099770e-15,8.43200847829175e-71)
       45.0000000000000     (9.36735869945209e-27,1.31999174004944e+22)     (9.36735869945393e-27,1.31999174004943e+22)        (-1.84101471204223e-39,44040192.0000000)     (3.33639905946310e-15,1.41839369292313e-61)
       50.0000000000000     (1.01901226293107e-22,1.12569289132662e+18)     (1.01901226293105e-22,1.12569289132662e+18)         (2.77416666794060e-36,2176.00000000000)    (1.93303166144685e-15,-2.28942404365597e-54)
       55.0000000000000         (3.48878049776832e-19,309801083340342.)         (3.48878049776904e-19,309801083340344.)       (-7.16445939312052e-32,-1.43750000000000)    (-4.64007415500475e-15,2.26034632139286e-46)
       60.0000000000000         (4.44428834255509e-16,232585620046.649)         (4.44428834255557e-16,232585620046.649)   (-4.79232999921765e-29,-0.000122070312500000)    (-5.24840325362836e-16,2.05042967869811e-40)
       65.0000000000000         (2.38326195687086e-13,421135935.937563)         (2.38326195687107e-13,421135935.937562)    (-2.09521456426701e-26,1.01327896118164e-06)     (2.40606149870779e-15,5.11131235531458e-35)
       70.0000000000000         (5.89483841756044e-11,1680637.45312026)         (5.89483841756082e-11,1680637.45312026)   (-3.79986093891547e-24,-7.45058059692383e-09)    (-4.43318729038861e-15,2.10546998392164e-30)
       75.0000000000000         (7.18844463570281e-09,13868.3025911292)         (7.18844463570223e-09,13868.3025911291)     (5.76544886949460e-22,7.27595761418343e-11)    (5.24646586442200e-15,-3.88534180018991e-26)
       80.0000000000000         (4.52479644000932e-07,227.243857091734)         (4.52479644000950e-07,227.243857091734)    (-1.74171149779166e-20,6.25277607468888e-13)     (2.75157100161557e-15,8.21238694150372e-23)
       85.0000000000000         (1.50960932287787e-05,7.28070387871398)         (1.50960932287790e-05,7.28070387871398)   (-3.23566585851143e-19,-4.44089209850063e-15)    (-6.09953676613042e-16,4.31769611181168e-20)
       90.0000000000000        (0.000268251726478072,0.466481544482504)        (0.000268251726478075,0.466481544482502)    (-3.30681662608079e-18,1.11022302462516e-15)     (2.37998859553262e-15,8.45746787304793e-18)
       95.0000000000000        (0.00247443085205812,0.0672707727206547)        (0.00247443085205811,0.0672707727206547)    (1.38777878078145e-17,-4.16333634234434e-17)   (-6.10478056465508e-16,-2.28752739456973e-16)
       100.000000000000         (0.0108804770114383,0.0229838504915623)         (0.0108804770114383,0.0229838504915623)    (-1.90819582357449e-17,4.51028103753970e-17)     (1.28203122128956e-15,1.43714254837580e-15)
max(abs(diff)) =   3.10503618460142e+232
max(abs(frac)) =    6.97488520136071e-15

