  k =      -0.900000000000000
                    phi                     f1                     f2                  delta                   frac
       0.00000000000000       0.00000000000000       0.00000000000000       0.00000000000000                      -
      0.174532925199433    0.00177452802403782    0.00177452802403782  -4.33680868994202e-19  -2.44392234509427e-16
      0.349065850398866     0.0142536469669801     0.0142536469669801  -3.46944695195361e-18  -2.43407666823158e-16
      0.523598775598299     0.0484438611888986     0.0484438611888987  -6.93889390390723e-18  -1.43235772987834e-16
      0.698131700797732      0.116017241742764      0.116017241742764       0.00000000000000       0.00000000000000
      0.872664625997165      0.229740370766195      0.229740370766195       0.00000000000000       0.00000000000000
       1.04719755119660      0.403690542208876      0.403690542208876       0.00000000000000       0.00000000000000
       1.22173047639603      0.651863316846789      0.651863316846788   1.11022302462516e-16   1.70315309349751e-16
       1.39626340159546      0.980591726491489      0.980591726491488   1.11022302462516e-15   1.13219701393717e-15
       1.57079632679490       1.36895319214958       1.36895319214958   4.44089209850063e-16   3.24400580236596e-16
       1.74532925199433      0.980591726491489       1.75731465780766     -0.776722931316173     -0.441994225601677
       1.91986217719376      0.651863316846789       2.08604306745236      -1.43417975060557     -0.687512052355230
       2.09439510239320      0.403690542208877       2.33421584209027      -1.93052529988140     -0.827055178475965
       2.26892802759263      0.229740370766195       2.50816601353296      -2.27842564276676     -0.908403044484848
       2.44346095279206      0.116017241742765       2.62188914255639      -2.50587190081362     -0.955750515969700
       2.61799387799149     0.0484438611888986       2.68946252311025      -2.64101866192135     -0.981987530678481
       2.79252680319093     0.0142536469669801       2.72365273733217      -2.70939909036519     -0.994766716486426
       2.96705972839036    0.00177452802403782       2.73613185627511      -2.73435732825107     -0.999351446451687
       3.14159265358979   6.12225339108922e-49       2.73790638429915      -2.73790638429915      -1.00000000000000
max(abs(diff)) = 2.73790638429915
max(abs(frac)) = 1.00000000000000

  k =      -0.800000000000000
                    phi                     f1                     f2                  delta                   frac
       0.00000000000000       0.00000000000000       0.00000000000000       0.00000000000000                      -
      0.174532925199433    0.00177174948131398    0.00177174948131398       0.00000000000000       0.00000000000000
      0.349065850398866     0.0141622439501574     0.0141622439501574       0.00000000000000       0.00000000000000
      0.523598775598299     0.0477168867903455     0.0477168867903455  -6.93889390390723e-18  -1.45417992887817e-16
      0.698131700797732      0.112748585763971      0.112748585763971  -2.77555756156289e-17  -2.46172272827729e-16
      0.872664625997165      0.218915602498496      0.218915602498496       0.00000000000000       0.00000000000000
       1.04719755119660      0.374136712209177      0.374136712209177   1.66533453693773e-16   4.45113906920383e-16
       1.22173047639603      0.582117901793902      0.582117901793902   2.22044604925031e-16   3.81442666924966e-16
       1.39626340159546      0.837913730729581      0.837913730729580   7.77156117237610e-16   9.27489416554770e-16
       1.57079632679490       1.12336380389816       1.12336380389816   2.22044604925031e-16   1.97660458842023e-16
       1.74532925199433      0.837913730729581       1.40881387706674     -0.570900146337160     -0.405234613053229
       1.91986217719376      0.582117901793902       1.66460970600242      -1.08249180420852     -0.650297664554735
       2.09439510239320      0.374136712209177       1.87259089558715      -1.49845418337797     -0.800203710756658
       2.26892802759263      0.218915602498496       2.02781200529783      -1.80889640279933     -0.892043442919481
       2.44346095279206      0.112748585763971       2.13397902203235      -2.02123043626838     -0.947165091783990
       2.61799387799149     0.0477168867903455       2.19901072100598      -2.15129383421563     -0.978300748452688
       2.79252680319093     0.0141622439501574       2.23256536384616      -2.21840311989601     -0.993656515424140
       2.96705972839036    0.00177174948131398       2.24495585831501      -2.24318410883369     -0.999210786495088
       3.14159265358979   6.12225339108922e-49       2.24672760779632      -2.24672760779632      -1.00000000000000
max(abs(diff)) = 2.24672760779632
max(abs(frac)) = 1.00000000000000

  k =      -0.700000000000000
                    phi                     f1                     f2                  delta                   frac
       0.00000000000000       0.00000000000000       0.00000000000000       0.00000000000000                      -
      0.174532925199433    0.00176931069824861    0.00176931069824861   2.16840434497101e-19   1.22556447949897e-16
      0.349065850398866     0.0140833153043503     0.0140833153043503       0.00000000000000       0.00000000000000
      0.523598775598299     0.0471070322996423     0.0471070322996423   6.93889390390723e-18   1.47300595371191e-16
      0.698131700797732      0.110125378630305      0.110125378630305  -1.38777878078145e-17  -1.26018071224098e-16
      0.872664625997165      0.210762524831774      0.210762524831774  -2.77555756156289e-17  -1.31691227545232e-16
       1.04719755119660      0.353717591173069      0.353717591173069   1.11022302462516e-16   3.13872720025943e-16
       1.22173047639603      0.538893361682565      0.538893361682565   1.11022302462516e-16   2.06019057491959e-16
       1.39626340159546      0.759287101768622      0.759287101768622   5.55111512312578e-16   7.31095669898180e-16
       1.57079632679490       1.00006706694442       1.00006706694442   2.22044604925031e-16   2.22029714070537e-16
       1.74532925199433      0.759287101768622       1.24084703212023     -0.481559930351605     -0.388089682197786
       1.91986217719376      0.538893361682565       1.46124077220628     -0.922347410523718     -0.631208373094527
       2.09439510239320      0.353717591173069       1.64641654271578      -1.29269895154271     -0.785159112535636
       2.26892802759263      0.210762524831774       1.78937160905707      -1.57860908422530     -0.882214223269789
       2.44346095279206      0.110125378630305       1.89000875525854      -1.77988337662824     -0.941732873816640
       2.61799387799149     0.0471070322996423       1.95302710158921      -1.90592006928956     -0.975879990471555
       2.79252680319093     0.0140833153043504       1.98605081858450      -1.97196750328015     -0.992908884721093
       2.96705972839036    0.00176931069824861       1.99836482319060      -1.99659551249235     -0.999114620775088
       3.14159265358979   6.12225339108922e-49       2.00013413388885      -2.00013413388885      -1.00000000000000
max(abs(diff)) = 2.00013413388885
max(abs(frac)) = 1.00000000000000

  k =      -0.600000000000000
                    phi                     f1                     f2                  delta                   frac
       0.00000000000000       0.00000000000000       0.00000000000000       0.00000000000000                      -
      0.174532925199433    0.00176720676081196    0.00176720676081196  -2.16840434497101e-19  -1.22702356795801e-16
      0.349065850398866     0.0140161688436174     0.0140161688436174  -3.46944695195361e-18  -2.47531760687479e-16
      0.523598775598299     0.0466005011114999     0.0466005011114999  -6.93889390390723e-18  -1.48901701449620e-16
      0.698131700797732      0.108020946306462      0.108020946306462  -2.77555756156289e-17  -2.56946236490880e-16
      0.872664625997165      0.204515023606836      0.204515023606836       0.00000000000000       0.00000000000000
       1.04719755119660      0.338921470508218      0.338921470508218   5.55111512312578e-17   1.63787650124431e-16
       1.22173047639603      0.509439644429419      0.509439644429419   1.11022302462516e-16   2.17930237029084e-16
       1.39626340159546      0.708723536733533      0.708723536733533   4.44089209850063e-16   6.26604291846783e-16
       1.57079632679490      0.924084467963968      0.924084467963967   2.22044604925031e-16   2.40286048107985e-16
       1.74532925199433      0.708723536733533       1.13944539919440     -0.430721862460869     -0.378010094003094
       1.91986217719376      0.509439644429419       1.33872929149852     -0.829289647069096     -0.619460298908396
       2.09439510239320      0.338921470508219       1.50924746541972      -1.17032599491150     -0.775436780068426
       2.26892802759263      0.204515023606836       1.64365391232110      -1.43913888871426     -0.875572940219496
       2.44346095279206      0.108020946306462       1.74014798962147      -1.63212704331501     -0.937924276009445
       2.61799387799149     0.0466005011114999       1.80156843481644      -1.75496793370494     -0.974133371671641
       2.79252680319093     0.0140161688436174       1.83415276708432      -1.82013659824070     -0.992358232588282
       2.96705972839036    0.00176720676081196       1.84640172916712      -1.84463452240631     -0.999042891515483
       3.14159265358979   6.12225339108922e-49       1.84816893592793      -1.84816893592793      -1.00000000000000
max(abs(diff)) = 1.84816893592793
max(abs(frac)) = 1.00000000000000

  k =      -0.500000000000000
                    phi                     f1                     f2                  delta                   frac
       0.00000000000000       0.00000000000000       0.00000000000000       0.00000000000000                      -
      0.174532925199433    0.00176543346879502    0.00176543346879502       0.00000000000000       0.00000000000000
      0.349065850398866     0.0139602372932312     0.0139602372932312  -1.73472347597681e-18  -1.24261747099235e-16
      0.523598775598299     0.0461867687678711     0.0461867687678711       0.00000000000000       0.00000000000000
      0.698131700797732      0.106348184338631      0.106348184338631  -1.38777878078145e-17  -1.30493885665458e-16
      0.872664625997165      0.199714431635223      0.199714431635223       0.00000000000000       0.00000000000000
       1.04719755119660      0.327980459629653      0.327980459629653       0.00000000000000       0.00000000000000
       1.22173047639603      0.488494903258252      0.488494903258252   1.11022302462516e-16   2.27274228905970e-16
       1.39626340159546      0.673984588710777      0.673984588710776   5.55111512312578e-16   8.23626417592748e-16
       1.57079632679490      0.873152581892676      0.873152581892676   1.11022302462516e-16   1.27151089929620e-16
       1.74532925199433      0.673984588710777       1.07232057507457     -0.398335986363798     -0.371470990693334
       1.91986217719376      0.488494903258252       1.25781026052710     -0.769315357268846     -0.611630689788185
       2.09439510239320      0.327980459629654       1.41832470415570      -1.09034424452604     -0.768755025792987
       2.26892802759263      0.199714431635223       1.54659073215013      -1.34687630051491     -0.870867950076507
       2.44346095279206      0.106348184338631       1.63995697944672      -1.53360879510809     -0.935151845035282
       2.61799387799149     0.0461867687678711       1.70011839501748      -1.65393162624961     -0.972833204497269
       2.79252680319093     0.0139602372932312       1.73234492649212      -1.71838468919889     -0.991941421665084
       2.96705972839036    0.00176543346879502       1.74453973031656      -1.74277429684776     -0.998988023351882
       3.14159265358979   6.12225339108922e-49       1.74630516378535      -1.74630516378535      -1.00000000000000
max(abs(diff)) = 1.74630516378535
max(abs(frac)) = 1.00000000000000

  k =      -0.400000000000000
                    phi                     f1                     f2                  delta                   frac
       0.00000000000000       0.00000000000000       0.00000000000000       0.00000000000000                      -
      0.174532925199433    0.00176398731001637    0.00176398731001637  -2.16840434497101e-19  -1.22926300697191e-16
      0.349065850398866     0.0139150628365145     0.0139150628365145  -1.73472347597681e-18  -1.24665155763776e-16
      0.523598775598299     0.0458578271065173     0.0458578271065173  -6.93889390390723e-18  -1.51313185594026e-16
      0.698131700797732      0.105045996431857      0.105045996431857  -1.38777878078145e-17  -1.32111534748656e-16
      0.872664625997165      0.196070102354133      0.196070102354133   2.77555756156289e-17   1.41559448801113e-16
       1.04719755119660      0.319896851621492      0.319896851621492   5.55111512312578e-17   1.73528282475689e-16
       1.22173047639603      0.473421343961681      0.473421343961681   2.22044604925031e-16   4.69021111441490e-16
       1.39626340159546      0.649534181207442      0.649534181207441   7.77156117237610e-16   1.19648224792870e-15
       1.57079632679490      0.837864084402943      0.837864084402943   1.11022302462516e-16   1.32506339070053e-16
       1.74532925199433      0.649534181207442       1.02619398759844     -0.376659806391003     -0.367045423129483
       1.91986217719376      0.473421343961681       1.20230682484420     -0.728885480882524     -0.606239161103467
       2.09439510239320      0.319896851621492       1.35583131718439      -1.03593446556290     -0.764058517038970
       2.26892802759263      0.196070102354133       1.47965806645175      -1.28358796409762     -0.867489586412141
       2.44346095279206      0.105045996431857       1.57068217237403      -1.46563617594217     -0.933120781352548
       2.61799387799149     0.0458578271065173       1.62987034169937      -1.58401251459285     -0.971864125671062
       2.79252680319093     0.0139150628365145       1.66181310596937      -1.64789804313286     -0.991626577750211
       2.96705972839036    0.00176398731001637       1.67396418149587      -1.67220019418585     -0.998946221592125
       3.14159265358979   6.12225339108922e-49       1.67572816880589      -1.67572816880589      -1.00000000000000
max(abs(diff)) = 1.67572816880589
max(abs(frac)) = 1.00000000000000

  k =      -0.300000000000000
                    phi                     f1                     f2                  delta                   frac
       0.00000000000000       0.00000000000000       0.00000000000000       0.00000000000000                      -
      0.174532925199433    0.00176286543902072    0.00176286543902072       0.00000000000000       0.00000000000000
      0.349065850398866     0.0138802852316611     0.0138802852316611       0.00000000000000       0.00000000000000
      0.523598775598299     0.0456076662571727     0.0456076662571727       0.00000000000000       0.00000000000000
      0.698131700797732      0.104071343782072      0.104071343782072  -2.77555756156289e-17  -2.66697580784099e-16
      0.872664625997165      0.193392140763724      0.193392140763724       0.00000000000000       0.00000000000000
       1.04719755119660      0.314069503550125      0.314069503550125   5.55111512312578e-17   1.76747982862966e-16
       1.22173047639603      0.462748491228106      0.462748491228106   1.11022302462516e-16   2.39919318089767e-16
       1.39626340159546      0.632477514807006      0.632477514807005   3.33066907387547e-16   5.26606716586880e-16
       1.57079632679490      0.813501722302930      0.813501722302931  -1.11022302462516e-16  -1.36474575798345e-16
       1.74532925199433      0.632477514807006      0.994525929798856     -0.362048414991850     -0.364041202088190
       1.91986217719376      0.462748491228106       1.16425495337776     -0.701506462149649     -0.602536807006427
       2.09439510239320      0.314069503550126       1.31293394105574     -0.998864437505610     -0.760788038355090
       2.26892802759263      0.193392140763724       1.43361130384214      -1.24021916307841     -0.865101411906125
       2.44346095279206      0.104071343782072       1.52293210082379      -1.41886075704172     -0.931663832073815
       2.61799387799149     0.0456076662571727       1.58139577834869      -1.53578811209152     -0.971159865935144
       2.79252680319093     0.0138802852316611       1.61312315937420      -1.59924287414254     -0.991395396469885
       2.96705972839036    0.00176286543902072       1.62524057916684      -1.62347771372782     -0.998915320315270
       3.14159265358979   6.12225339108922e-49       1.62700344460586      -1.62700344460586      -1.00000000000000
max(abs(diff)) = 1.62700344460586
max(abs(frac)) = 1.00000000000000

  k =      -0.200000000000000
                    phi                     f1                     f2                  delta                   frac
       0.00000000000000       0.00000000000000       0.00000000000000       0.00000000000000                      -
      0.174532925199433    0.00176206565999943    0.00176206565999943       0.00000000000000       0.00000000000000
      0.349065850398866     0.0138556328311766     0.0138556328311765   1.73472347597681e-18   1.25199873373774e-16
      0.523598775598299     0.0454319183466432     0.0454319183466432       0.00000000000000       0.00000000000000
      0.698131700797732      0.103394412421828      0.103394412421828  -2.77555756156289e-17  -2.68443670847432e-16
      0.872664625997165      0.191556068776150      0.191556068776150       0.00000000000000       0.00000000000000
       1.04719755119660      0.310126251523566      0.310126251523566   5.55111512312578e-17   1.78995331606230e-16
       1.22173047639603      0.455612825098561      0.455612825098561   1.11022302462516e-16   2.43676859707579e-16
       1.39626340159546      0.621185111663967      0.621185111663966   3.33066907387547e-16   5.36179797508929e-16
       1.57079632679490      0.797482530290924      0.797482530290924   3.33066907387547e-16   4.17647904169190e-16
       1.74532925199433      0.621185111663967      0.973779948917881     -0.352594837253914     -0.362088824734723
       1.91986217719376      0.455612825098561       1.13935223548329     -0.683739410384725     -0.600112405181440
       2.09439510239320      0.310126251523566       1.28483880905828     -0.974712557534716     -0.758626335586118
       2.26892802759263      0.191556068776151       1.40340899180570      -1.21185292302955     -0.863506597225314
       2.44346095279206      0.103394412421828       1.49157064816002      -1.38817623573819     -0.930680848038023
       2.61799387799149     0.0454319183466432       1.54953314223520      -1.50410122388856     -0.970680253872397
       2.79252680319093     0.0138556328311766       1.58110942775067      -1.56725379491949     -0.991236765407890
       2.96705972839036    0.00176206565999943       1.59320299492185      -1.59144092926185     -0.998894010577675
       3.14159265358979   6.12225339108922e-49       1.59496506058185      -1.59496506058185      -1.00000000000000
max(abs(diff)) = 1.59496506058185
max(abs(frac)) = 1.00000000000000

  k =      -0.100000000000000
                    phi                     f1                     f2                  delta                   frac
       0.00000000000000       0.00000000000000       0.00000000000000       0.00000000000000                      -
      0.174532925199433    0.00176158641371942    0.00176158641371942  -4.33680868994202e-19  -2.46187678115958e-16
      0.349065850398866     0.0138409160256869     0.0138409160256869  -1.73472347597681e-18  -1.25332996223471e-16
      0.523598775598299     0.0453276160301654     0.0453276160301654  -6.93889390390723e-18  -1.53083142499473e-16
      0.698131700797732      0.102995636892152      0.102995636892152  -5.55111512312578e-17  -5.38966046584909e-16
      0.872664625997165      0.190483313957376      0.190483313957376  -2.77555756156289e-17  -1.45711322629759e-16
       1.04719755119660      0.307841225653579      0.307841225653579       0.00000000000000       0.00000000000000
       1.22173047639603      0.451508528067321      0.451508528067321   1.66533453693773e-16   3.68837891958805e-16
       1.39626340159546      0.614728837913046      0.614728837913046   5.55111512312578e-16   9.03018498688196e-16
       1.57079632679490      0.788361949568766      0.788361949568766   2.22044604925031e-16   2.81653122714116e-16
       1.74532925199433      0.614728837913046      0.961995061224486     -0.347266223311440     -0.360985453365445
       1.91986217719376      0.451508528067321       1.12521537107021     -0.673706843002890     -0.598735904542538
       2.09439510239320      0.307841225653580       1.26888267348395     -0.961041447830373     -0.757391891238971
       2.26892802759263      0.190483313957376       1.38624058518016      -1.19575727122278     -0.862590003500279
       2.44346095279206      0.102995636892152       1.47372826224538      -1.37073262535323     -0.930112192640435
       2.61799387799149     0.0453276160301654       1.53139628310737      -1.48606866707720     -0.970401119207243
       2.79252680319093     0.0138409160256870       1.56288298311185      -1.54904206708616     -0.991143984434376
       2.96705972839036    0.00176158641371942       1.57496231272381      -1.57320072631009     -0.998881505671921
       3.14159265358979   6.12225339108922e-49       1.57672389913753      -1.57672389913753      -1.00000000000000
max(abs(diff)) = 1.57672389913753
max(abs(frac)) = 1.00000000000000

  k =        0.00000000000000
                    phi                     f1                     f2                  delta                   frac
       0.00000000000000       0.00000000000000       0.00000000000000       0.00000000000000                      -
      0.174532925199433    0.00176142676829930    0.00176142676829930  -2.16840434497101e-19  -1.23104995563606e-16
      0.349065850398866     0.0138360227777981     0.0138360227777981  -5.20417042793042e-18  -3.76131964474737e-16
      0.523598775598299     0.0452930368530398     0.0452930368530398   6.93889390390723e-18   1.53200014528095e-16
      0.698131700797732      0.102863912145814      0.102863912145814  -2.77555756156289e-17  -2.69828115970198e-16
      0.872664625997165      0.190130374745530      0.190130374745530   2.77555756156289e-17   1.45981806709090e-16
       1.04719755119660      0.307092424652189      0.307092424652189   5.55111512312578e-17   1.80763661930539e-16
       1.22173047639603      0.450168335776381      0.450168335776380   2.22044604925031e-16   4.93247941444134e-16
       1.39626340159546      0.612626664966315      0.612626664966315   4.44089209850063e-16   7.24893699941188e-16
       1.57079632679490      0.785398163397448      0.785398163397448       0.00000000000000       0.00000000000000
       1.74532925199433      0.612626664966315      0.958169661828582     -0.345542996862267     -0.360628196266232
       1.91986217719376      0.450168335776381       1.12062799101852     -0.670459655242136     -0.598289227661330
       2.09439510239320      0.307092424652189       1.26370390214271     -0.956611477490518     -0.756990206225136
       2.26892802759263      0.190130374745530       1.38066595204937      -1.19053557730384     -0.862290820988731
       2.44346095279206      0.102863912145814       1.46793241464908      -1.36506850250327     -0.929925989017414
       2.61799387799149     0.0452930368530398       1.52550328994186      -1.48021025308882     -0.970309446625470
       2.79252680319093     0.0138360227777981       1.55696030401710      -1.54312428123930     -0.991113438960454
       2.96705972839036    0.00176142676829929       1.56903490002660      -1.56727347325830     -0.998877382033842
       3.14159265358979   6.12225339108922e-49       1.57079632679490      -1.57079632679490      -1.00000000000000
max(abs(diff)) = 1.57079632679490
max(abs(frac)) = 1.00000000000000

  k =       0.100000000000000
                    phi                     f1                     f2                  delta                   frac
       0.00000000000000       0.00000000000000       0.00000000000000       0.00000000000000                      -
      0.174532925199433    0.00176158641371942    0.00176158641371942  -4.33680868994202e-19  -2.46187678115958e-16
      0.349065850398866     0.0138409160256869     0.0138409160256869  -1.73472347597681e-18  -1.25332996223471e-16
      0.523598775598299     0.0453276160301654     0.0453276160301654  -6.93889390390723e-18  -1.53083142499473e-16
      0.698131700797732      0.102995636892152      0.102995636892152  -5.55111512312578e-17  -5.38966046584909e-16
      0.872664625997165      0.190483313957376      0.190483313957376  -2.77555756156289e-17  -1.45711322629759e-16
       1.04719755119660      0.307841225653579      0.307841225653579       0.00000000000000       0.00000000000000
       1.22173047639603      0.451508528067321      0.451508528067321   1.66533453693773e-16   3.68837891958805e-16
       1.39626340159546      0.614728837913046      0.614728837913046   5.55111512312578e-16   9.03018498688196e-16
       1.57079632679490      0.788361949568766      0.788361949568766   2.22044604925031e-16   2.81653122714116e-16
       1.74532925199433      0.614728837913046      0.961995061224486     -0.347266223311440     -0.360985453365445
       1.91986217719376      0.451508528067321       1.12521537107021     -0.673706843002890     -0.598735904542538
       2.09439510239320      0.307841225653580       1.26888267348395     -0.961041447830373     -0.757391891238971
       2.26892802759263      0.190483313957376       1.38624058518016      -1.19575727122278     -0.862590003500279
       2.44346095279206      0.102995636892152       1.47372826224538      -1.37073262535323     -0.930112192640435
       2.61799387799149     0.0453276160301654       1.53139628310737      -1.48606866707720     -0.970401119207243
       2.79252680319093     0.0138409160256870       1.56288298311185      -1.54904206708616     -0.991143984434376
       2.96705972839036    0.00176158641371942       1.57496231272381      -1.57320072631009     -0.998881505671921
       3.14159265358979   6.12225339108922e-49       1.57672389913753      -1.57672389913753      -1.00000000000000
max(abs(diff)) = 1.57672389913753
max(abs(frac)) = 1.00000000000000

  k =       0.200000000000000
                    phi                     f1                     f2                  delta                   frac
       0.00000000000000       0.00000000000000       0.00000000000000       0.00000000000000                      -
      0.174532925199433    0.00176206565999943    0.00176206565999943       0.00000000000000       0.00000000000000
      0.349065850398866     0.0138556328311766     0.0138556328311765   1.73472347597681e-18   1.25199873373774e-16
      0.523598775598299     0.0454319183466432     0.0454319183466432       0.00000000000000       0.00000000000000
      0.698131700797732      0.103394412421828      0.103394412421828  -2.77555756156289e-17  -2.68443670847432e-16
      0.872664625997165      0.191556068776150      0.191556068776150       0.00000000000000       0.00000000000000
       1.04719755119660      0.310126251523566      0.310126251523566   5.55111512312578e-17   1.78995331606230e-16
       1.22173047639603      0.455612825098561      0.455612825098561   1.11022302462516e-16   2.43676859707579e-16
       1.39626340159546      0.621185111663967      0.621185111663966   3.33066907387547e-16   5.36179797508929e-16
       1.57079632679490      0.797482530290924      0.797482530290924   3.33066907387547e-16   4.17647904169190e-16
       1.74532925199433      0.621185111663967      0.973779948917881     -0.352594837253914     -0.362088824734723
       1.91986217719376      0.455612825098561       1.13935223548329     -0.683739410384725     -0.600112405181440
       2.09439510239320      0.310126251523566       1.28483880905828     -0.974712557534716     -0.758626335586118
       2.26892802759263      0.191556068776151       1.40340899180570      -1.21185292302955     -0.863506597225314
       2.44346095279206      0.103394412421828       1.49157064816002      -1.38817623573819     -0.930680848038023
       2.61799387799149     0.0454319183466432       1.54953314223520      -1.50410122388856     -0.970680253872397
       2.79252680319093     0.0138556328311766       1.58110942775067      -1.56725379491949     -0.991236765407890
       2.96705972839036    0.00176206565999943       1.59320299492185      -1.59144092926185     -0.998894010577675
       3.14159265358979   6.12225339108922e-49       1.59496506058185      -1.59496506058185      -1.00000000000000
max(abs(diff)) = 1.59496506058185
max(abs(frac)) = 1.00000000000000

  k =       0.300000000000000
                    phi                     f1                     f2                  delta                   frac
       0.00000000000000       0.00000000000000       0.00000000000000       0.00000000000000                      -
      0.174532925199433    0.00176286543902072    0.00176286543902072       0.00000000000000       0.00000000000000
      0.349065850398866     0.0138802852316611     0.0138802852316611       0.00000000000000       0.00000000000000
      0.523598775598299     0.0456076662571727     0.0456076662571727       0.00000000000000       0.00000000000000
      0.698131700797732      0.104071343782072      0.104071343782072  -2.77555756156289e-17  -2.66697580784099e-16
      0.872664625997165      0.193392140763724      0.193392140763724       0.00000000000000       0.00000000000000
       1.04719755119660      0.314069503550125      0.314069503550125   5.55111512312578e-17   1.76747982862966e-16
       1.22173047639603      0.462748491228106      0.462748491228106   1.11022302462516e-16   2.39919318089767e-16
       1.39626340159546      0.632477514807006      0.632477514807005   3.33066907387547e-16   5.26606716586880e-16
       1.57079632679490      0.813501722302930      0.813501722302931  -1.11022302462516e-16  -1.36474575798345e-16
       1.74532925199433      0.632477514807006      0.994525929798856     -0.362048414991850     -0.364041202088190
       1.91986217719376      0.462748491228106       1.16425495337776     -0.701506462149649     -0.602536807006427
       2.09439510239320      0.314069503550126       1.31293394105574     -0.998864437505610     -0.760788038355090
       2.26892802759263      0.193392140763724       1.43361130384214      -1.24021916307841     -0.865101411906125
       2.44346095279206      0.104071343782072       1.52293210082379      -1.41886075704172     -0.931663832073815
       2.61799387799149     0.0456076662571727       1.58139577834869      -1.53578811209152     -0.971159865935144
       2.79252680319093     0.0138802852316611       1.61312315937420      -1.59924287414254     -0.991395396469885
       2.96705972839036    0.00176286543902072       1.62524057916684      -1.62347771372782     -0.998915320315270
       3.14159265358979   6.12225339108922e-49       1.62700344460586      -1.62700344460586      -1.00000000000000
max(abs(diff)) = 1.62700344460586
max(abs(frac)) = 1.00000000000000

  k =       0.400000000000000
                    phi                     f1                     f2                  delta                   frac
       0.00000000000000       0.00000000000000       0.00000000000000       0.00000000000000                      -
      0.174532925199433    0.00176398731001637    0.00176398731001637  -2.16840434497101e-19  -1.22926300697191e-16
      0.349065850398866     0.0139150628365145     0.0139150628365145  -1.73472347597681e-18  -1.24665155763776e-16
      0.523598775598299     0.0458578271065173     0.0458578271065173  -6.93889390390723e-18  -1.51313185594026e-16
      0.698131700797732      0.105045996431857      0.105045996431857  -1.38777878078145e-17  -1.32111534748656e-16
      0.872664625997165      0.196070102354133      0.196070102354133   2.77555756156289e-17   1.41559448801113e-16
       1.04719755119660      0.319896851621492      0.319896851621492   5.55111512312578e-17   1.73528282475689e-16
       1.22173047639603      0.473421343961681      0.473421343961681   2.22044604925031e-16   4.69021111441490e-16
       1.39626340159546      0.649534181207442      0.649534181207441   4.44089209850063e-16   6.83704141673545e-16
       1.57079632679490      0.837864084402943      0.837864084402943   1.11022302462516e-16   1.32506339070053e-16
       1.74532925199433      0.649534181207442       1.02619398759844     -0.376659806391003     -0.367045423129483
       1.91986217719376      0.473421343961681       1.20230682484420     -0.728885480882524     -0.606239161103467
       2.09439510239320      0.319896851621492       1.35583131718439      -1.03593446556290     -0.764058517038970
       2.26892802759263      0.196070102354133       1.47965806645175      -1.28358796409762     -0.867489586412141
       2.44346095279206      0.105045996431857       1.57068217237403      -1.46563617594217     -0.933120781352548
       2.61799387799149     0.0458578271065173       1.62987034169937      -1.58401251459285     -0.971864125671062
       2.79252680319093     0.0139150628365145       1.66181310596937      -1.64789804313286     -0.991626577750211
       2.96705972839036    0.00176398731001637       1.67396418149587      -1.67220019418585     -0.998946221592125
       3.14159265358979   6.12225339108922e-49       1.67572816880589      -1.67572816880589      -1.00000000000000
max(abs(diff)) = 1.67572816880589
max(abs(frac)) = 1.00000000000000

  k =       0.500000000000000
                    phi                     f1                     f2                  delta                   frac
       0.00000000000000       0.00000000000000       0.00000000000000       0.00000000000000                      -
      0.174532925199433    0.00176543346879502    0.00176543346879502       0.00000000000000       0.00000000000000
      0.349065850398866     0.0139602372932312     0.0139602372932312  -1.73472347597681e-18  -1.24261747099235e-16
      0.523598775598299     0.0461867687678711     0.0461867687678711       0.00000000000000       0.00000000000000
      0.698131700797732      0.106348184338631      0.106348184338631  -1.38777878078145e-17  -1.30493885665458e-16
      0.872664625997165      0.199714431635223      0.199714431635223       0.00000000000000       0.00000000000000
       1.04719755119660      0.327980459629653      0.327980459629653       0.00000000000000       0.00000000000000
       1.22173047639603      0.488494903258252      0.488494903258252   1.11022302462516e-16   2.27274228905970e-16
       1.39626340159546      0.673984588710777      0.673984588710776   5.55111512312578e-16   8.23626417592748e-16
       1.57079632679490      0.873152581892676      0.873152581892676   1.11022302462516e-16   1.27151089929620e-16
       1.74532925199433      0.673984588710777       1.07232057507457     -0.398335986363798     -0.371470990693334
       1.91986217719376      0.488494903258252       1.25781026052710     -0.769315357268846     -0.611630689788185
       2.09439510239320      0.327980459629654       1.41832470415570      -1.09034424452604     -0.768755025792987
       2.26892802759263      0.199714431635223       1.54659073215013      -1.34687630051491     -0.870867950076507
       2.44346095279206      0.106348184338631       1.63995697944672      -1.53360879510809     -0.935151845035282
       2.61799387799149     0.0461867687678711       1.70011839501748      -1.65393162624961     -0.972833204497269
       2.79252680319093     0.0139602372932312       1.73234492649212      -1.71838468919889     -0.991941421665084
       2.96705972839036    0.00176543346879502       1.74453973031656      -1.74277429684776     -0.998988023351882
       3.14159265358979   6.12225339108922e-49       1.74630516378535      -1.74630516378535      -1.00000000000000
max(abs(diff)) = 1.74630516378535
max(abs(frac)) = 1.00000000000000

  k =       0.600000000000000
                    phi                     f1                     f2                  delta                   frac
       0.00000000000000       0.00000000000000       0.00000000000000       0.00000000000000                      -
      0.174532925199433    0.00176720676081196    0.00176720676081196  -2.16840434497101e-19  -1.22702356795801e-16
      0.349065850398866     0.0140161688436174     0.0140161688436174  -3.46944695195361e-18  -2.47531760687479e-16
      0.523598775598299     0.0466005011114999     0.0466005011114999  -6.93889390390723e-18  -1.48901701449620e-16
      0.698131700797732      0.108020946306462      0.108020946306462  -2.77555756156289e-17  -2.56946236490880e-16
      0.872664625997165      0.204515023606836      0.204515023606836  -2.77555756156289e-17  -1.35714115892957e-16
       1.04719755119660      0.338921470508218      0.338921470508218   5.55111512312578e-17   1.63787650124431e-16
       1.22173047639603      0.509439644429419      0.509439644429419   1.11022302462516e-16   2.17930237029084e-16
       1.39626340159546      0.708723536733533      0.708723536733533   3.33066907387547e-16   4.69953218885087e-16
       1.57079632679490      0.924084467963968      0.924084467963967   2.22044604925031e-16   2.40286048107985e-16
       1.74532925199433      0.708723536733533       1.13944539919440     -0.430721862460869     -0.378010094003094
       1.91986217719376      0.509439644429419       1.33872929149852     -0.829289647069096     -0.619460298908396
       2.09439510239320      0.338921470508219       1.50924746541972      -1.17032599491150     -0.775436780068426
       2.26892802759263      0.204515023606836       1.64365391232110      -1.43913888871426     -0.875572940219496
       2.44346095279206      0.108020946306462       1.74014798962147      -1.63212704331501     -0.937924276009445
       2.61799387799149     0.0466005011114999       1.80156843481644      -1.75496793370494     -0.974133371671641
       2.79252680319093     0.0140161688436174       1.83415276708432      -1.82013659824070     -0.992358232588282
       2.96705972839036    0.00176720676081196       1.84640172916712      -1.84463452240631     -0.999042891515483
       3.14159265358979   6.12225339108922e-49       1.84816893592794      -1.84816893592794      -1.00000000000000
max(abs(diff)) = 1.84816893592794
max(abs(frac)) = 1.00000000000000

  k =       0.700000000000000
                    phi                     f1                     f2                  delta                   frac
       0.00000000000000       0.00000000000000       0.00000000000000       0.00000000000000                      -
      0.174532925199433    0.00176931069824861    0.00176931069824861   2.16840434497101e-19   1.22556447949897e-16
      0.349065850398866     0.0140833153043503     0.0140833153043503       0.00000000000000       0.00000000000000
      0.523598775598299     0.0471070322996423     0.0471070322996423   6.93889390390723e-18   1.47300595371191e-16
      0.698131700797732      0.110125378630305      0.110125378630305  -1.38777878078145e-17  -1.26018071224098e-16
      0.872664625997165      0.210762524831774      0.210762524831774  -2.77555756156289e-17  -1.31691227545232e-16
       1.04719755119660      0.353717591173069      0.353717591173069   1.11022302462516e-16   3.13872720025943e-16
       1.22173047639603      0.538893361682565      0.538893361682565   1.11022302462516e-16   2.06019057491959e-16
       1.39626340159546      0.759287101768622      0.759287101768622   5.55111512312578e-16   7.31095669898180e-16
       1.57079632679490       1.00006706694442       1.00006706694442   2.22044604925031e-16   2.22029714070537e-16
       1.74532925199433      0.759287101768622       1.24084703212023     -0.481559930351605     -0.388089682197786
       1.91986217719376      0.538893361682565       1.46124077220628     -0.922347410523718     -0.631208373094527
       2.09439510239320      0.353717591173069       1.64641654271578      -1.29269895154271     -0.785159112535636
       2.26892802759263      0.210762524831774       1.78937160905707      -1.57860908422530     -0.882214223269789
       2.44346095279206      0.110125378630305       1.89000875525854      -1.77988337662824     -0.941732873816640
       2.61799387799149     0.0471070322996423       1.95302710158921      -1.90592006928956     -0.975879990471555
       2.79252680319093     0.0140833153043504       1.98605081858450      -1.97196750328015     -0.992908884721093
       2.96705972839036    0.00176931069824861       1.99836482319060      -1.99659551249235     -0.999114620775088
       3.14159265358979   6.12225339108922e-49       2.00013413388885      -2.00013413388885      -1.00000000000000
max(abs(diff)) = 2.00013413388885
max(abs(frac)) = 1.00000000000000

  k =       0.800000000000000
                    phi                     f1                     f2                  delta                   frac
       0.00000000000000       0.00000000000000       0.00000000000000       0.00000000000000                      -
      0.174532925199433    0.00177174948131398    0.00177174948131398       0.00000000000000       0.00000000000000
      0.349065850398866     0.0141622439501574     0.0141622439501574       0.00000000000000       0.00000000000000
      0.523598775598299     0.0477168867903455     0.0477168867903455  -6.93889390390723e-18  -1.45417992887817e-16
      0.698131700797732      0.112748585763971      0.112748585763971  -2.77555756156289e-17  -2.46172272827729e-16
      0.872664625997165      0.218915602498496      0.218915602498496       0.00000000000000       0.00000000000000
       1.04719755119660      0.374136712209177      0.374136712209177   1.66533453693773e-16   4.45113906920383e-16
       1.22173047639603      0.582117901793902      0.582117901793902   2.22044604925031e-16   3.81442666924966e-16
       1.39626340159546      0.837913730729581      0.837913730729580   7.77156117237610e-16   9.27489416554770e-16
       1.57079632679490       1.12336380389816       1.12336380389816   2.22044604925031e-16   1.97660458842023e-16
       1.74532925199433      0.837913730729581       1.40881387706674     -0.570900146337160     -0.405234613053229
       1.91986217719376      0.582117901793902       1.66460970600242      -1.08249180420852     -0.650297664554735
       2.09439510239320      0.374136712209177       1.87259089558715      -1.49845418337797     -0.800203710756658
       2.26892802759263      0.218915602498496       2.02781200529783      -1.80889640279933     -0.892043442919481
       2.44346095279206      0.112748585763971       2.13397902203235      -2.02123043626838     -0.947165091783990
       2.61799387799149     0.0477168867903455       2.19901072100598      -2.15129383421563     -0.978300748452688
       2.79252680319093     0.0141622439501574       2.23256536384616      -2.21840311989601     -0.993656515424140
       2.96705972839036    0.00177174948131398       2.24495585831501      -2.24318410883369     -0.999210786495088
       3.14159265358979   6.12225339108922e-49       2.24672760779632      -2.24672760779632      -1.00000000000000
max(abs(diff)) = 2.24672760779632
max(abs(frac)) = 1.00000000000000

  k =       0.900000000000000
                    phi                     f1                     f2                  delta                   frac
       0.00000000000000       0.00000000000000       0.00000000000000       0.00000000000000                      -
      0.174532925199433    0.00177452802403782    0.00177452802403782  -4.33680868994202e-19  -2.44392234509427e-16
      0.349065850398866     0.0142536469669801     0.0142536469669801  -3.46944695195361e-18  -2.43407666823158e-16
      0.523598775598299     0.0484438611888986     0.0484438611888987  -6.93889390390723e-18  -1.43235772987834e-16
      0.698131700797732      0.116017241742764      0.116017241742764  -4.16333634234434e-17  -3.58854966710497e-16
      0.872664625997165      0.229740370766195      0.229740370766195       0.00000000000000       0.00000000000000
       1.04719755119660      0.403690542208876      0.403690542208876       0.00000000000000       0.00000000000000
       1.22173047639603      0.651863316846789      0.651863316846788   2.22044604925031e-16   3.40630618699502e-16
       1.39626340159546      0.980591726491489      0.980591726491488   1.11022302462516e-15   1.13219701393717e-15
       1.57079632679490       1.36895319214958       1.36895319214958       0.00000000000000       0.00000000000000
       1.74532925199433      0.980591726491489       1.75731465780766     -0.776722931316173     -0.441994225601677
       1.91986217719376      0.651863316846789       2.08604306745236      -1.43417975060557     -0.687512052355230
       2.09439510239320      0.403690542208877       2.33421584209027      -1.93052529988140     -0.827055178475965
       2.26892802759263      0.229740370766195       2.50816601353295      -2.27842564276676     -0.908403044484848
       2.44346095279206      0.116017241742765       2.62188914255639      -2.50587190081362     -0.955750515969700
       2.61799387799149     0.0484438611888986       2.68946252311025      -2.64101866192135     -0.981987530678481
       2.79252680319093     0.0142536469669801       2.72365273733217      -2.70939909036519     -0.994766716486426
       2.96705972839036    0.00177452802403782       2.73613185627511      -2.73435732825107     -0.999351446451687
       3.14159265358979   6.12225339108922e-49       2.73790638429915      -2.73790638429915      -1.00000000000000
max(abs(diff)) = 2.73790638429915
max(abs(frac)) = 1.00000000000000

