  a =       0.500000000000000
                      x                     f1                     f2                  delta                   frac
       0.00000000000000       0.00000000000000       0.00000000000000       0.00000000000000                      -
      0.500000000000000       1.21003561931111       1.21003561931111  -6.66133814775094e-16  -5.50507608325062e-16
       1.00000000000000       1.49364826562485       1.49364826562485  -2.22044604925031e-16  -1.48659232588565e-16
       1.50000000000000       1.62487133770142       1.62487133770142   4.44089209850063e-16   2.73307307197800e-16
       2.00000000000000       1.69180673294520       1.69180673294520   6.66133814775094e-16   3.93741082715428e-16
       2.50000000000000       1.72752689830551       1.72752689830551   4.44089209850063e-16   2.57066451634217e-16
       3.00000000000000       1.74709734158205       1.74709734158205   4.44089209850063e-16   2.54186872866469e-16
       3.50000000000000       1.75800662991599       1.75800662991599   2.22044604925031e-16   1.26304759690037e-16
       4.00000000000000       1.76416278152484       1.76416278152484   2.22044604925031e-16   1.25864011671932e-16
       4.50000000000000       1.76766858697653       1.76766858697653   4.44089209850063e-16   2.51228772815183e-16
       5.00000000000000       1.76967924764510       1.76967924764510   4.44089209850063e-16   2.50943333624445e-16
max(abs(diff)) = 6.66133814775094e-16
max(abs(frac)) = 5.50507608325062e-16

  a =        1.00000000000000
                      x                     f1                     f2                  delta                   frac
       0.00000000000000       0.00000000000000       0.00000000000000       0.00000000000000                      -
      0.500000000000000      0.393469340287367      0.393469340287367  -5.55111512312578e-17  -1.41081262369047e-16
       1.00000000000000      0.632120558828558      0.632120558828558   1.11022302462516e-16   1.75634696438701e-16
       1.50000000000000      0.776869839851570      0.776869839851570  -1.11022302462516e-16  -1.42909785870601e-16
       2.00000000000000      0.864664716763398      0.864664716763387   1.06581410364015e-14   1.23263281475125e-14
       2.50000000000000      0.917915001376112      0.917915001376101   1.06581410364015e-14   1.16112505193000e-14
       3.00000000000000      0.950212931632147      0.950212931632136   1.06581410364015e-14   1.12165817593058e-14
       3.50000000000000      0.969802616577692      0.969802616577682   1.06581410364015e-14   1.09900106003145e-14
       4.00000000000000      0.981684361111276      0.981684361111266   1.06581410364015e-14   1.08569938145256e-14
       4.50000000000000      0.988891003461768      0.988891003461758   1.06581410364015e-14   1.07778723833983e-14
       5.00000000000000      0.993262053000925      0.993262053000915   1.06581410364015e-14   1.07304421871352e-14
max(abs(diff)) = 1.06581410364015e-14
max(abs(frac)) = 1.23263281475125e-14

  a =        1.50000000000000
                      x                     f1                     f2                  delta                   frac
       0.00000000000000       0.00000000000000       0.00000000000000       0.00000000000000                      -
      0.500000000000000      0.176135867175201      0.176135867175201   2.77555756156289e-17   1.57580486364090e-16
       1.00000000000000      0.378944691640985      0.378944691640985  -4.44089209850063e-16  -1.17191035960149e-15
       1.50000000000000      0.539158149556136      0.539158149556137  -7.77156117237610e-16  -1.44142515118691e-15
       2.00000000000000      0.654510373451777      0.654510373451778  -7.77156117237610e-16  -1.18738548502909e-15
       2.50000000000000      0.733975670461111      0.733975670461101   1.03250741290140e-14   1.40673247691269e-14
       3.00000000000000      0.787314938817992      0.787314938817981   1.02140518265514e-14   1.29732732391514e-14
       3.50000000000000      0.822509183586325      0.822509183586315   1.04360964314765e-14   1.26881214699304e-14
       4.00000000000000      0.845450112984965      0.845450112984954   1.05471187339390e-14   1.24751520781057e-14
       4.50000000000000      0.860268553135170      0.860268553135159   1.04360964314765e-14   1.21312076251575e-14
       5.00000000000000      0.869773116303817      0.869773116303807   1.04360964314765e-14   1.19986422158295e-14
max(abs(diff)) = 1.05471187339390e-14
max(abs(frac)) = 1.40673247691269e-14

  a =        2.00000000000000
                      x                     f1                     f2                  delta                   frac
       0.00000000000000       0.00000000000000       0.00000000000000       0.00000000000000                      -
      0.500000000000000     0.0902040104310499     0.0902040104310498   1.11022302462516e-16   1.23079120243084e-15
       1.00000000000000      0.264241117657115      0.264241117657115   2.22044604925031e-16   8.40310572759389e-16
       1.50000000000000      0.442174599628925      0.442174599628926  -7.21644966006352e-16  -1.63203622870232e-15
       2.00000000000000      0.593994150290162      0.593994150290162  -6.66133814775094e-16  -1.12144844263145e-15
       2.50000000000000      0.712702504816354      0.712702504816354  -1.11022302462516e-16  -1.55776501011629e-16
       3.00000000000000      0.800851726528569      0.800851726528544   2.46469511466785e-14   3.07759230956718e-14
       3.50000000000000      0.864111774599592      0.864111774599567   2.47579734491410e-14   2.86513552724287e-14
       4.00000000000000      0.908421805556354      0.908421805556329   2.46469511466785e-14   2.71316155071645e-14
       4.50000000000000      0.938900519039692      0.938900519039667   2.48689957516035e-14   2.64873596800651e-14
       5.00000000000000      0.959572318005512      0.959572318005487   2.48689957516035e-14   2.59167498738342e-14
max(abs(diff)) = 2.48689957516035e-14
max(abs(frac)) = 3.07759230956718e-14

  a =        2.50000000000000
                      x                     f1                     f2                  delta                   frac
       0.00000000000000       0.00000000000000       0.00000000000000       0.00000000000000                      -
      0.500000000000000     0.0497628295226249     0.0497628295226249  -2.08166817117217e-17  -4.18317887294919e-16
       1.00000000000000      0.200537596290035      0.200537596290035   1.38777878078145e-16   6.92029228661104e-16
       1.50000000000000      0.398820945392345      0.398820945392346  -1.16573417585641e-15  -2.92295123745220e-15
       2.00000000000000      0.598979574136022      0.598979574136023  -7.77156117237610e-16  -1.29746680988010e-15
       2.50000000000000      0.776494058962517      0.776494058962517  -3.33066907387547e-16  -4.28936839301207e-16
       3.00000000000000      0.922271212307834      0.922271212307835  -8.88178419700125e-16  -9.63033875336520e-16
       3.50000000000000       1.03603431557874       1.03603431557859   1.52544643583497e-13   1.47238987444452e-13
       4.00000000000000       1.12165005836771       1.12165005836756   1.51878509768721e-13   1.35406322707962e-13
       4.50000000000000       1.18435699811391       1.18435699811376   1.52100554373646e-13   1.28424583648247e-13
       5.00000000000000       1.22932713686213       1.22932713686198   1.51656465163796e-13   1.23365425374827e-13
max(abs(diff)) = 1.52544643583497e-13
max(abs(frac)) = 1.47238987444452e-13

  a =        3.00000000000000
                      x                     f1                     f2                  delta                   frac
       0.00000000000000       0.00000000000000       0.00000000000000       0.00000000000000                      -
      0.500000000000000     0.0287753559339414     0.0287753559339414  -5.20417042793042e-17  -1.80855119216508e-15
       1.00000000000000      0.160602794142788      0.160602794142788   2.49800180540660e-16   1.55539124878842e-15
       1.50000000000000      0.382306338923884      0.382306338923883   7.77156117237610e-16   2.03280991736928e-15
       2.00000000000000      0.646647167633873      0.646647167633876  -3.21964677141295e-15  -4.97898534558475e-15
       2.50000000000000      0.912373768233341      0.912373768233344  -2.77555756156289e-15  -3.04212775312171e-15
       3.00000000000000       1.15361983774631       1.15361983774631  -1.99840144432528e-15  -1.73228769039662e-15
       3.50000000000000       1.35830560227573       1.35830560227573  -1.33226762955019e-15  -9.80830548970776e-16
       4.00000000000000       1.52379338889280       1.52379338889291  -1.10800257857591e-13  -7.27134391481320e-14
       4.50000000000000       1.65284385817982       1.65284385817993  -1.10578213252666e-13  -6.69017903327127e-14
       5.00000000000000       1.75069596103373       1.75069596103384  -1.10356168647741e-13  -6.30355990440350e-14
max(abs(diff)) = 1.10800257857591e-13
max(abs(frac)) = 7.27134391481320e-14

  a =        3.50000000000000
                      x                     f1                     f2                  delta                   frac
       0.00000000000000       0.00000000000000       0.00000000000000       0.00000000000000                      -
      0.500000000000000     0.0171865881864739     0.0171865881864739  -3.81639164714898e-17  -2.22056385231394e-15
       1.00000000000000      0.133464549553644      0.133464549553644   8.32667268468867e-17   6.23886471166778e-16
       1.50000000000000      0.382177945068072      0.382177945068071   2.22044604925031e-16   5.80997956031926e-16
       2.00000000000000      0.731876963256768      0.731876963256773  -4.99600361081320e-15  -6.82628892782952e-15
       2.50000000000000       1.13006153058346       1.13006153058346  -2.44249065417534e-15  -2.16137846309508e-15
       3.00000000000000       1.52957444301217       1.52957444301218  -1.77635683940025e-15  -1.16134055947096e-15
       3.50000000000000       1.89803267964337       1.89803267964337  -8.88178419700125e-16  -4.67946853194862e-16
       4.00000000000000       2.21802470147940       2.21802470147940  -2.66453525910038e-15  -1.20131000223900e-15
       4.50000000000000       2.48368625313462       2.48368625313397   6.44817532702291e-13   2.59621170704893e-13
       5.00000000000000       2.69665515418695       2.69665515418631   6.42597086653041e-13   2.38294127321200e-13
max(abs(diff)) = 6.44817532702291e-13
max(abs(frac)) = 2.59621170704893e-13

  a =        4.00000000000000
                      x                     f1                     f2                  delta                   frac
       0.00000000000000       0.00000000000000       0.00000000000000       0.00000000000000                      -
      0.500000000000000     0.0105097353377449     0.0105097353377452  -3.01841884819964e-16  -2.87202175049940e-14
       1.00000000000000      0.113928941256923      0.113928941256923   1.80411241501588e-16   1.58354180694737e-15
       1.50000000000000      0.393854726270701      0.393854726270701  -1.11022302462516e-16  -2.81886429328282e-16
       2.00000000000000      0.857259237008718      0.857259237008718  -6.66133814775094e-16  -7.77050612017283e-16
       2.50000000000000       1.45454320120160       1.45454320120160   1.55431223447522e-15   1.06859131663549e-15
       3.00000000000000       2.11660866730661       2.11660866730661   3.55271367880050e-15   1.67849340016232e-15
       3.50000000000000       2.78020399259529       2.78020399259529   1.33226762955019e-15   4.79197797391310e-16
       4.00000000000000       3.39917927779975       3.39917927779975       0.00000000000000       0.00000000000000
       4.50000000000000       3.94622426499246       3.94622426499245   3.55271367880050e-15   9.00281747876611e-16
       5.00000000000000       4.40984450821905       4.40984450821583   3.21609405773415e-12   7.29298743241935e-13
max(abs(diff)) = 3.21609405773415e-12
max(abs(frac)) = 7.29298743241935e-13

  a =        4.50000000000000
                      x                     f1                     f2                  delta                   frac
       0.00000000000000       0.00000000000000       0.00000000000000       0.00000000000000                      -
      0.500000000000000    0.00654281584261431    0.00654281584261440  -9.19403442267708e-17  -1.40521063771883e-14
       1.00000000000000     0.0992464822663135     0.0992464822663131   4.30211422042248e-16   4.33477753788633e-15
       1.50000000000000      0.415311180119065      0.415311180119065  -3.33066907387547e-16  -8.01969519077382e-16
       2.00000000000000       1.03042542723211       1.03042542723211   2.22044604925031e-16   2.15488281885161e-16
       2.50000000000000       1.92728131498501       1.92728131498503  -1.86517468137026e-14  -9.67775003507858e-15
       3.00000000000000       3.02519978727038       3.02519978727038  -3.99680288865056e-15  -1.32116989610688e-15
       3.50000000000000       4.22092849619094       4.22092849619094  -5.32907051820075e-15  -1.26253513249746e-15
       4.00000000000000       5.41868467741992       5.41868467741993  -1.77635683940025e-14  -3.27820669617936e-15
       4.50000000000000       6.54547379629202       6.54547379629203  -1.77635683940025e-15  -2.71387052287421e-16
       5.00000000000000       7.55497959980883       7.55497959980884  -1.50990331349021e-14  -1.99855379295586e-15
max(abs(diff)) = 1.86517468137026e-14
max(abs(frac)) = 1.40521063771883e-14

  a =        5.00000000000000
                      x                     f1                     f2                  delta                   frac
       0.00000000000000       0.00000000000000       0.00000000000000       0.00000000000000                      -
      0.500000000000000    0.00413077511894018    0.00413077511894144  -1.26634813746307e-15  -3.06564289025636e-13
       1.00000000000000     0.0878363238562491     0.0878363238562478   1.26287869051112e-15   1.43776359832401e-14
       1.50000000000000      0.445822469331376      0.445822469331375   1.11022302462516e-15   2.49028055111314e-15
       2.00000000000000       1.26367241624907       1.26367241624907   2.22044604925031e-15   1.75713738837572e-15
       2.50000000000000       2.61172754606037       2.61172754606037   4.88498130835069e-15   1.87040233799249e-15
       3.00000000000000       4.43368213142947       4.43368213142951  -3.90798504668055e-14  -8.81431038769695e-15
       3.50000000000000       6.58932112056949       6.58932112056953  -3.64153152077051e-14  -5.52641380521423e-15
       4.00000000000000       8.90791355568304       8.90791355568308  -4.08562073062058e-14  -4.58650693575043e-15
       4.50000000000000       11.2295141670068       11.2295141670068  -5.32907051820075e-15  -4.74559312090096e-16
       5.00000000000000       13.4281611584349       13.4281611584349  -3.73034936274053e-14  -2.77800461189528e-15
max(abs(diff)) = 4.08562073062058e-14
max(abs(frac)) = 3.06564289025636e-13

