  a =       0.500000000000000
                      x                     f1                     f2                  delta                   frac
       0.00000000000000       0.00000000000000       0.00000000000000       0.00000000000000                      -
      0.500000000000000       1.21003561931111       1.21003561931111  -4.44089209850063e-16  -3.67005072216708e-16
       1.00000000000000       1.49364826562485       1.49364826562485   2.22044604925031e-16   1.48659232588565e-16
       1.50000000000000       1.62487133770142       1.62487133770142       0.00000000000000       0.00000000000000
       2.00000000000000       1.69180673294520       1.69180673294520   2.22044604925031e-16   1.31247027571809e-16
       2.50000000000000       1.72752689830551       1.72752689830551       0.00000000000000       0.00000000000000
       3.00000000000000       1.74709734158205       1.74709734158205       0.00000000000000       0.00000000000000
       3.50000000000000       1.75800662991599       1.75800662991599  -2.22044604925031e-16  -1.26304759690037e-16
       4.00000000000000       1.76416278152484       1.76416278152484  -2.22044604925031e-16  -1.25864011671932e-16
       4.50000000000000       1.76766858697653       1.76766858697653       0.00000000000000       0.00000000000000
       5.00000000000000       1.76967924764510       1.76967924764510       0.00000000000000       0.00000000000000
max(abs(diff)) = 4.44089209850063e-16
max(abs(frac)) = 3.67005072216708e-16

  a =        1.00000000000000
                      x                     f1                     f2                  delta                   frac
       0.00000000000000       0.00000000000000       0.00000000000000       0.00000000000000                      -
      0.500000000000000      0.393469340287367      0.393469340287367  -5.55111512312578e-17  -1.41081262369047e-16
       1.00000000000000      0.632120558828558      0.632120558828558   1.11022302462516e-16   1.75634696438701e-16
       1.50000000000000      0.776869839851570      0.776869839851570  -2.22044604925031e-16  -2.85819571741201e-16
       2.00000000000000      0.864664716763387      0.864664716763387       0.00000000000000       0.00000000000000
       2.50000000000000      0.917915001376101      0.917915001376101       0.00000000000000       0.00000000000000
       3.00000000000000      0.950212931632136      0.950212931632136       0.00000000000000       0.00000000000000
       3.50000000000000      0.969802616577682      0.969802616577682       0.00000000000000       0.00000000000000
       4.00000000000000      0.981684361111266      0.981684361111266       0.00000000000000       0.00000000000000
       4.50000000000000      0.988891003461758      0.988891003461758       0.00000000000000       0.00000000000000
       5.00000000000000      0.993262053000915      0.993262053000915       0.00000000000000       0.00000000000000
max(abs(diff)) = 2.22044604925031e-16
max(abs(frac)) = 2.85819571741201e-16

  a =        1.50000000000000
                      x                     f1                     f2                  delta                   frac
       0.00000000000000       0.00000000000000       0.00000000000000       0.00000000000000                      -
      0.500000000000000      0.176135867175201      0.176135867175201   5.55111512312578e-17   3.15160972728180e-16
       1.00000000000000      0.378944691640985      0.378944691640985  -4.44089209850063e-16  -1.17191035960149e-15
       1.50000000000000      0.539158149556137      0.539158149556137  -6.66133814775094e-16  -1.23550727244592e-15
       2.00000000000000      0.654510373451777      0.654510373451778  -7.77156117237610e-16  -1.18738548502909e-15
       2.50000000000000      0.733975670461100      0.733975670461101  -8.88178419700125e-16  -1.21009245325823e-15
       3.00000000000000      0.787314938817980      0.787314938817981  -9.99200722162641e-16  -1.26912455600394e-15
       3.50000000000000      0.822509183586314      0.822509183586315  -7.77156117237610e-16  -9.44860109462905e-16
       4.00000000000000      0.845450112984953      0.845450112984954  -6.66133814775094e-16  -7.87904341775100e-16
       4.50000000000000      0.860268553135158      0.860268553135159  -7.77156117237610e-16  -9.03387801873432e-16
       5.00000000000000      0.869773116303806      0.869773116303807  -7.77156117237610e-16  -8.93515909689434e-16
max(abs(diff)) = 9.99200722162641e-16
max(abs(frac)) = 1.26912455600394e-15

  a =        2.00000000000000
                      x                     f1                     f2                  delta                   frac
       0.00000000000000       0.00000000000000       0.00000000000000       0.00000000000000                      -
      0.500000000000000     0.0902040104310499     0.0902040104310498   1.11022302462516e-16   1.23079120243084e-15
       1.00000000000000      0.264241117657115      0.264241117657115   2.77555756156289e-16   1.05038821594924e-15
       1.50000000000000      0.442174599628925      0.442174599628926  -6.66133814775094e-16  -1.50649498034061e-15
       2.00000000000000      0.593994150290162      0.593994150290162  -6.66133814775094e-16  -1.12144844263145e-15
       2.50000000000000      0.712702504816354      0.712702504816354  -2.22044604925031e-16  -3.11553002023259e-16
       3.00000000000000      0.800851726528544      0.800851726528544  -2.22044604925031e-16  -2.77260568429476e-16
       3.50000000000000      0.864111774599567      0.864111774599567  -1.11022302462516e-16  -1.28481413777707e-16
       4.00000000000000      0.908421805556329      0.908421805556329  -1.11022302462516e-16  -1.22214484266507e-16
       4.50000000000000      0.938900519039667      0.938900519039667       0.00000000000000       0.00000000000000
       5.00000000000000      0.959572318005487      0.959572318005487       0.00000000000000       0.00000000000000
max(abs(diff)) = 6.66133814775094e-16
max(abs(frac)) = 1.50649498034061e-15

  a =        2.50000000000000
                      x                     f1                     f2                  delta                   frac
       0.00000000000000       0.00000000000000       0.00000000000000       0.00000000000000                      -
      0.500000000000000     0.0497628295226249     0.0497628295226249  -1.38777878078145e-17  -2.78878591529946e-16
       1.00000000000000      0.200537596290035      0.200537596290035   8.32667268468867e-17   4.15217537196662e-16
       1.50000000000000      0.398820945392345      0.398820945392346  -1.16573417585641e-15  -2.92295123745220e-15
       2.00000000000000      0.598979574136022      0.598979574136023  -8.88178419700125e-16  -1.48281921129155e-15
       2.50000000000000      0.776494058962516      0.776494058962517  -4.44089209850063e-16  -5.71915785734942e-16
       3.00000000000000      0.922271212307834      0.922271212307835  -8.88178419700125e-16  -9.63033875336520e-16
       3.50000000000000       1.03603431557859       1.03603431557859  -4.44089209850063e-16  -4.28643340449641e-16
       4.00000000000000       1.12165005836756       1.12165005836756  -1.11022302462516e-15  -9.89812300496795e-16
       4.50000000000000       1.18435699811376       1.18435699811376  -1.11022302462516e-15  -9.37405720060194e-16
       5.00000000000000       1.22932713686198       1.22932713686198  -1.33226762955019e-15  -1.08373726537183e-15
max(abs(diff)) = 1.33226762955019e-15
max(abs(frac)) = 2.92295123745220e-15

  a =        3.00000000000000
                      x                     f1                     f2                  delta                   frac
       0.00000000000000       0.00000000000000       0.00000000000000       0.00000000000000                      -
      0.500000000000000     0.0287753559339414     0.0287753559339414  -4.85722573273506e-17  -1.68798111268741e-15
       1.00000000000000      0.160602794142788      0.160602794142788   2.49800180540660e-16   1.55539124878842e-15
       1.50000000000000      0.382306338923883      0.382306338923883   7.21644966006352e-16   1.88760920898576e-15
       2.00000000000000      0.646647167633873      0.646647167633876  -3.21964677141295e-15  -4.97898534558475e-15
       2.50000000000000      0.912373768233341      0.912373768233344  -2.66453525910038e-15  -2.92044264299684e-15
       3.00000000000000       1.15361983774631       1.15361983774631  -1.99840144432528e-15  -1.73228769039662e-15
       3.50000000000000       1.35830560227573       1.35830560227573  -1.11022302462516e-15  -8.17358790808980e-16
       4.00000000000000       1.52379338889291       1.52379338889291  -1.11022302462516e-15  -7.28591574630581e-16
       4.50000000000000       1.65284385817993       1.65284385817993  -8.88178419700125e-16  -5.37363777772793e-16
       5.00000000000000       1.75069596103384       1.75069596103384  -6.66133814775094e-16  -3.80496573706449e-16
max(abs(diff)) = 3.21964677141295e-15
max(abs(frac)) = 4.97898534558475e-15

  a =        3.50000000000000
                      x                     f1                     f2                  delta                   frac
       0.00000000000000       0.00000000000000       0.00000000000000       0.00000000000000                      -
      0.500000000000000     0.0171865881864738     0.0171865881864739  -4.51028103753970e-17  -2.62430273455284e-15
       1.00000000000000      0.133464549553644      0.133464549553644   8.32667268468867e-17   6.23886471166778e-16
       1.50000000000000      0.382177945068071      0.382177945068071   1.11022302462516e-16   2.90498978015963e-16
       2.00000000000000      0.731876963256768      0.731876963256773  -5.10702591327572e-15  -6.97798423733684e-15
       2.50000000000000       1.13006153058346       1.13006153058346  -2.66453525910038e-15  -2.35786741428554e-15
       3.00000000000000       1.52957444301217       1.52957444301218  -1.99840144432528e-15  -1.30650812940484e-15
       3.50000000000000       1.89803267964337       1.89803267964337  -8.88178419700125e-16  -4.67946853194862e-16
       4.00000000000000       2.21802470147940       2.21802470147940  -3.10862446895044e-15  -1.40152833594550e-15
       4.50000000000000       2.48368625313397       2.48368625313397  -4.44089209850063e-16  -1.78802459163149e-16
       5.00000000000000       2.69665515418630       2.69665515418631  -2.66453525910038e-15  -9.88088986819072e-16
max(abs(diff)) = 5.10702591327572e-15
max(abs(frac)) = 6.97798423733684e-15

  a =        4.00000000000000
                      x                     f1                     f2                  delta                   frac
       0.00000000000000       0.00000000000000       0.00000000000000       0.00000000000000                      -
      0.500000000000000     0.0105097353377449     0.0105097353377452  -2.96637714392034e-16  -2.82250413411148e-14
       1.00000000000000      0.113928941256923      0.113928941256923   1.94289029309402e-16   1.70535271517409e-15
       1.50000000000000      0.393854726270701      0.393854726270701  -1.11022302462516e-16  -2.81886429328282e-16
       2.00000000000000      0.857259237008718      0.857259237008718  -6.66133814775094e-16  -7.77050612017283e-16
       2.50000000000000       1.45454320120160       1.45454320120160   1.55431223447522e-15   1.06859131663549e-15
       3.00000000000000       2.11660866730661       2.11660866730661   3.55271367880050e-15   1.67849340016232e-15
       3.50000000000000       2.78020399259529       2.78020399259529   8.88178419700125e-16   3.19465198260873e-16
       4.00000000000000       3.39917927779975       3.39917927779975       0.00000000000000       0.00000000000000
       4.50000000000000       3.94622426499246       3.94622426499245   3.10862446895044e-15   7.87746529392035e-16
       5.00000000000000       4.40984450821583       4.40984450821583       0.00000000000000       0.00000000000000
max(abs(diff)) = 3.55271367880050e-15
max(abs(frac)) = 2.82250413411148e-14

  a =        4.50000000000000
                      x                     f1                     f2                  delta                   frac
       0.00000000000000       0.00000000000000       0.00000000000000       0.00000000000000                      -
      0.500000000000000    0.00654281584261431    0.00654281584261440  -9.45424294407360e-17  -1.44498075010710e-14
       1.00000000000000     0.0992464822663135     0.0992464822663131   4.44089209850063e-16   4.47460907136654e-15
       1.50000000000000      0.415311180119065      0.415311180119065  -3.33066907387547e-16  -8.01969519077382e-16
       2.00000000000000       1.03042542723211       1.03042542723211       0.00000000000000       0.00000000000000
       2.50000000000000       1.92728131498501       1.92728131498503  -1.90958360235527e-14  -9.90817265496140e-15
       3.00000000000000       3.02519978727038       3.02519978727038  -4.44089209850063e-15  -1.46796655122987e-15
       3.50000000000000       4.22092849619094       4.22092849619094  -5.32907051820075e-15  -1.26253513249746e-15
       4.00000000000000       5.41868467741992       5.41868467741993  -1.68753899743024e-14  -3.11429636137039e-15
       4.50000000000000       6.54547379629202       6.54547379629203  -8.88178419700125e-16  -1.35693526143711e-16
       5.00000000000000       7.55497959980883       7.55497959980884  -1.50990331349021e-14  -1.99855379295586e-15
max(abs(diff)) = 1.90958360235527e-14
max(abs(frac)) = 1.44498075010710e-14

  a =        5.00000000000000
                      x                     f1                     f2                  delta                   frac
       0.00000000000000       0.00000000000000       0.00000000000000       0.00000000000000                      -
      0.500000000000000    0.00413077511894018    0.00413077511894144  -1.26461341398709e-15  -3.06144337944779e-13
       1.00000000000000     0.0878363238562491     0.0878363238562478   1.29063426612674e-15   1.46936279828717e-14
       1.50000000000000      0.445822469331376      0.445822469331375   1.11022302462516e-15   2.49028055111314e-15
       2.00000000000000       1.26367241624907       1.26367241624907   2.22044604925031e-15   1.75713738837572e-15
       2.50000000000000       2.61172754606037       2.61172754606037   4.88498130835069e-15   1.87040233799249e-15
       3.00000000000000       4.43368213142947       4.43368213142951  -3.99680288865056e-14  -9.01463562378097e-15
       3.50000000000000       6.58932112056949       6.58932112056953  -3.64153152077051e-14  -5.52641380521423e-15
       4.00000000000000       8.90791355568304       8.90791355568308  -4.08562073062058e-14  -4.58650693575043e-15
       4.50000000000000       11.2295141670068       11.2295141670068  -5.32907051820075e-15  -4.74559312090096e-16
       5.00000000000000       13.4281611584349       13.4281611584349  -3.37507799486048e-14  -2.51343274409573e-15
max(abs(diff)) = 4.08562073062058e-14
max(abs(frac)) = 3.06144337944779e-13

