  a =       0.250000000000000
                      x                     f1                     f2                  delta                   frac
       0.00000000000000       1.00000000000000       1.00000000000000       0.00000000000000       0.00000000000000
       1.00000000000000      0.250000000000000      0.250000000000000       0.00000000000000       0.00000000000000
       2.00000000000000     -0.187500000000000     -0.187500000000000       0.00000000000000      -0.00000000000000
       5.00000000000000       3.38378906250000       3.38378906250000  -8.88178419700125e-16  -2.62480433412101e-16
       10.0000000000000      -42303.6913633347      -42303.6913633347  -1.45519152283669e-11   3.43986890018285e-16
       20.0000000000000  -1.18284847350415e+16  -1.18284847350416e+16       78.0000000000000  -6.59425122889383e-15
       50.0000000000000  -4.68147344878987e+61  -4.68147344879011e+61   2.34639520680860e+48  -5.01208696893284e-14
       100.000000000000 -6.03031714467577e+154 -6.03031714467593e+154  1.58383391262828e+141  -2.62645209966547e-14
max(abs(diff)) = 1.58383391262828e+141
max(abs(frac)) = 5.01208696893284e-14

  a =       0.500000000000000
                      x                     f1                     f2                  delta                   frac
       0.00000000000000       1.00000000000000       1.00000000000000       0.00000000000000       0.00000000000000
       1.00000000000000      0.500000000000000      0.500000000000000       0.00000000000000       0.00000000000000
       2.00000000000000     -0.250000000000000     -0.250000000000000       0.00000000000000      -0.00000000000000
       5.00000000000000       3.28125000000000       3.28125000000000   8.88178419700125e-16   2.70682946956229e-16
       10.0000000000000      -33651.7822265625      -33651.7822265625   1.45519152283669e-11  -4.32426286679121e-16
       20.0000000000000  -7.82088711990151e+15  -7.82088711990155e+15       41.0000000000000  -5.24237204442814e-15
       50.0000000000000  -2.44508533711809e+61  -2.44508533711813e+61   3.56811923176490e+47  -1.45930253541597e-14
       100.000000000000 -2.64260818691279e+154 -2.64260818691278e+154 -1.13130993759163e+140   4.28103546789233e-15
max(abs(diff)) = 1.13130993759163e+140
max(abs(frac)) = 1.45930253541597e-14

  a =       0.750000000000000
                      x                     f1                     f2                  delta                   frac
       0.00000000000000       1.00000000000000       1.00000000000000       0.00000000000000       0.00000000000000
       1.00000000000000      0.750000000000000      0.750000000000000       0.00000000000000       0.00000000000000
       2.00000000000000     -0.187500000000000     -0.187500000000000       0.00000000000000      -0.00000000000000
       5.00000000000000       1.71386718750000       1.71386718750000   2.22044604925031e-16   1.29557649825203e-16
       10.0000000000000      -14295.4348325729      -14295.4348325729   2.91038304567337e-11  -2.03588283935365e-15
       20.0000000000000  -2.75142386045958e+15  -2.75142386045957e+15      -8.00000000000000   2.90758545601323e-15
       50.0000000000000  -6.78118626455611e+60  -6.78118626455606e+60  -5.56626600155324e+46   8.20839567650137e-15
       100.000000000000 -6.14533890572661e+153 -6.14533890572708e+153  4.65921066402867e+140  -7.58169847994319e-14
max(abs(diff)) = 4.65921066402867e+140
max(abs(frac)) = 7.58169847994319e-14

  a =        1.00000000000000
                      x                     f1                     f2                  delta                   frac
       0.00000000000000       1.00000000000000       1.00000000000000       0.00000000000000       0.00000000000000
       1.00000000000000       1.00000000000000       1.00000000000000       0.00000000000000       0.00000000000000
       2.00000000000000       0.00000000000000       0.00000000000000       0.00000000000000                      -
       5.00000000000000      -0.00000000000000       0.00000000000000      -0.00000000000000                      -
       10.0000000000000       0.00000000000000       0.00000000000000       0.00000000000000                      -
       20.0000000000000       0.00000000000000       0.00000000000000       0.00000000000000                      -
       50.0000000000000       0.00000000000000       0.00000000000000       0.00000000000000                      -
       100.000000000000       0.00000000000000       0.00000000000000       0.00000000000000                      -
max(abs(diff)) = 0.00000000000000
max(abs(frac)) = 0.00000000000000

  a =        1.25000000000000
                      x                     f1                     f2                  delta                   frac
       0.00000000000000       1.00000000000000       1.00000000000000       0.00000000000000       0.00000000000000
       1.00000000000000       1.25000000000000       1.25000000000000       0.00000000000000       0.00000000000000
       2.00000000000000      0.312500000000000      0.312500000000000       0.00000000000000       0.00000000000000
       5.00000000000000      -1.12792968750000      -1.12792968750000       0.00000000000000      -0.00000000000000
       10.0000000000000       6043.38448047638       6043.38448047638   9.09494701772928e-13   1.50494264382999e-16
       20.0000000000000       788565649002774.       788565649002774.      0.125000000000000   1.58515654540717e-16
       50.0000000000000   1.20037780738210e+60   1.20037780738208e+60   2.01598736594717e+46   1.67946071107718e-14
       100.000000000000  7.63331284136208e+152  7.63331284136194e+152  1.44204802900248e+139   1.88915096101995e-14
max(abs(diff)) = 1.44204802900248e+139
max(abs(frac)) = 1.88915096101995e-14

  a =        1.50000000000000
                      x                     f1                     f2                  delta                   frac
       0.00000000000000       1.00000000000000       1.00000000000000       0.00000000000000       0.00000000000000
       1.00000000000000       1.50000000000000       1.50000000000000       0.00000000000000       0.00000000000000
       2.00000000000000      0.750000000000000      0.750000000000000       0.00000000000000       0.00000000000000
       5.00000000000000      -1.40625000000000      -1.40625000000000  -2.22044604925031e-16   1.57898385724467e-16
       10.0000000000000       5938.54980468750       5938.54980468750  -9.09494701772928e-13  -1.53150976532189e-16
       20.0000000000000       634125982694724.       634125982694720.       3.50000000000000   5.51940796547515e-15
       50.0000000000000   7.56211959933445e+59   7.56211959933441e+59   3.30051028938253e+45   4.36453066633994e-15
       100.000000000000  4.02427642677074e+152  4.02427642677073e+152  1.11642428051805e+138   2.77422364202234e-15
max(abs(diff)) = 1.11642428051805e+138
max(abs(frac)) = 5.51940796547515e-15

  a =        1.75000000000000
                      x                     f1                     f2                  delta                   frac
       0.00000000000000       1.00000000000000       1.00000000000000       0.00000000000000       0.00000000000000
       1.00000000000000       1.75000000000000       1.75000000000000       0.00000000000000       0.00000000000000
       2.00000000000000       1.31250000000000       1.31250000000000       0.00000000000000       0.00000000000000
       5.00000000000000     -0.922851562500000     -0.922851562500000  -1.11022302462516e-16   1.20303531980546e-16
       10.0000000000000       3032.36496448517       3032.36496448517   1.36424205265939e-12   4.49893752446455e-16
       20.0000000000000       263835164701603.       263835164701602.      0.843750000000000   3.19801949430919e-15
       50.0000000000000   2.45949760890639e+59   2.45949760890634e+59   4.72775798208849e+45   1.92224540693527e-14
       100.000000000000  1.09458962697441e+152  1.09458962697429e+152  1.18620079805043e+139   1.08369453612435e-13
max(abs(diff)) = 1.18620079805043e+139
max(abs(frac)) = 1.08369453612435e-13

  a =        2.00000000000000
                      x                     f1                     f2                  delta                   frac
       0.00000000000000       1.00000000000000       1.00000000000000       0.00000000000000       0.00000000000000
       1.00000000000000       2.00000000000000       2.00000000000000       0.00000000000000       0.00000000000000
       2.00000000000000       2.00000000000000       2.00000000000000       0.00000000000000       0.00000000000000
       5.00000000000000       0.00000000000000       0.00000000000000       0.00000000000000                      -
       10.0000000000000      -0.00000000000000       0.00000000000000      -0.00000000000000                      -
       20.0000000000000       0.00000000000000       0.00000000000000       0.00000000000000                      -
       50.0000000000000       0.00000000000000       0.00000000000000       0.00000000000000                      -
       100.000000000000      -0.00000000000000       0.00000000000000      -0.00000000000000                      -
max(abs(diff)) = 0.00000000000000
max(abs(frac)) = 0.00000000000000

  a =        2.25000000000000
                      x                     f1                     f2                  delta                   frac
       0.00000000000000       1.00000000000000       1.00000000000000       0.00000000000000       0.00000000000000
       1.00000000000000       2.25000000000000       2.25000000000000       0.00000000000000       0.00000000000000
       2.00000000000000       2.81250000000000       2.81250000000000       0.00000000000000       0.00000000000000
       5.00000000000000      0.922851562500000      0.922851562500000  -1.11022302462516e-16  -1.20303531980546e-16
       10.0000000000000      -1754.53097820282      -1754.53097820282   2.27373675443232e-13  -1.29592283218694e-16
       20.0000000000000      -99959025929928.7      -99959025929929.1      0.343750000000000  -3.43890906100833e-15
       50.0000000000000  -5.65623050598889e+58  -5.65623050598886e+58  -3.79112668375021e+44   6.70256751335741e-15
       100.000000000000 -1.75702853125969e+151 -1.75702853125978e+151  9.24538857304012e+137  -5.26194561360436e-14
max(abs(diff)) = 9.24538857304012e+137
max(abs(frac)) = 5.26194561360436e-14

  a =        2.50000000000000
                      x                     f1                     f2                  delta                   frac
       0.00000000000000       1.00000000000000       1.00000000000000       0.00000000000000       0.00000000000000
       1.00000000000000       2.50000000000000       2.50000000000000       0.00000000000000       0.00000000000000
       2.00000000000000       3.75000000000000       3.75000000000000       0.00000000000000       0.00000000000000
       5.00000000000000       1.40625000000000       1.40625000000000   2.22044604925031e-16   1.57898385724467e-16
       10.0000000000000      -1979.51660156250      -1979.51660156250   2.50111042987555e-12  -1.26349555639056e-15
       20.0000000000000      -90589426099245.5      -90589426099245.8      0.328125000000000  -3.62211147734307e-15
       50.0000000000000  -3.98006294701798e+58  -3.98006294701811e+58   1.30459359411404e+45  -3.27782151056543e-14
       100.000000000000 -1.03186575045402e+151 -1.03186575045403e+151  1.61358196793625e+137  -1.56375184196806e-14
max(abs(diff)) = 1.61358196793625e+137
max(abs(frac)) = 3.27782151056543e-14

  a =        2.75000000000000
                      x                     f1                     f2                  delta                   frac
       0.00000000000000       1.00000000000000       1.00000000000000       0.00000000000000       0.00000000000000
       1.00000000000000       2.75000000000000       2.75000000000000       0.00000000000000       0.00000000000000
       2.00000000000000       4.81250000000000       4.81250000000000       0.00000000000000       0.00000000000000
       5.00000000000000       1.12792968750000       1.12792968750000       0.00000000000000       0.00000000000000
       10.0000000000000      -1150.20740032196      -1150.20740032196       0.00000000000000      -0.00000000000000
       20.0000000000000      -42060678430690.2      -42060678430690.2    -0.0156250000000000   3.71487112975310e-16
       50.0000000000000  -1.43145363481323e+58  -1.43145363481321e+58  -1.72830775288612e+44   1.20737948533809e-14
       100.000000000000 -3.09524059041560e+150 -3.09524059041573e+150  1.27560196113879e+137  -4.12117224453774e-14
max(abs(diff)) = 1.27560196113879e+137
max(abs(frac)) = 4.12117224453774e-14

  a =        3.00000000000000
                      x                     f1                     f2                  delta                   frac
       0.00000000000000       1.00000000000000       1.00000000000000       0.00000000000000       0.00000000000000
       1.00000000000000       3.00000000000000       3.00000000000000  -4.44089209850063e-16  -1.48029736616688e-16
       2.00000000000000       6.00000000000000       6.00000000000000       0.00000000000000       0.00000000000000
       5.00000000000000      -0.00000000000000       0.00000000000000      -0.00000000000000                      -
       10.0000000000000       0.00000000000000       0.00000000000000       0.00000000000000                      -
       20.0000000000000       0.00000000000000       0.00000000000000       0.00000000000000                      -
       50.0000000000000       0.00000000000000       0.00000000000000       0.00000000000000                      -
       100.000000000000       0.00000000000000       0.00000000000000       0.00000000000000                      -
max(abs(diff)) = 4.44089209850063e-16
max(abs(frac)) = 1.48029736616688e-16

  a =        3.25000000000000
                      x                     f1                     f2                  delta                   frac
       0.00000000000000       1.00000000000000       1.00000000000000       0.00000000000000       0.00000000000000
       1.00000000000000       3.25000000000000       3.25000000000000   8.88178419700125e-16   2.73285667600039e-16
       2.00000000000000       7.31250000000000       7.31250000000000   1.77635683940025e-15   2.42920593422256e-16
       5.00000000000000      -1.71386718750000      -1.71386718750000  -2.22044604925031e-16   1.29557649825203e-16
       10.0000000000000       844.774174690246       844.774174690247  -6.82121026329696e-13  -8.07459610824170e-16
       20.0000000000000       19395034881926.6       19395034881926.5     0.0781250000000000   4.02809278125102e-15
       50.0000000000000   3.93213885443065e+57   3.93213885443075e+57  -1.04534743118112e+44  -2.65847028774994e-14
       100.000000000000  5.90216302490388e+149  5.90216302490366e+149  2.21685810910160e+136   3.75600961841915e-14
max(abs(diff)) = 2.21685810910160e+136
max(abs(frac)) = 3.75600961841915e-14

  a =        3.50000000000000
                      x                     f1                     f2                  delta                   frac
       0.00000000000000       1.00000000000000       1.00000000000000       0.00000000000000       0.00000000000000
       1.00000000000000       3.50000000000000       3.50000000000000       0.00000000000000       0.00000000000000
       2.00000000000000       8.75000000000000       8.75000000000000   1.77635683940025e-15   2.03012210217171e-16
       5.00000000000000      -3.28125000000000      -3.28125000000000  -4.44089209850063e-16   1.35341473478114e-16
       10.0000000000000       1065.89355468750       1065.89355468750   1.13686837721616e-12   1.06658715799203e-15
       20.0000000000000       19215938869537.0       19215938869537.0    -0.0273437500000000  -1.42297236609906e-15
       50.0000000000000   2.99574630420715e+57   2.99574630420718e+57  -2.92697280730714e+43  -9.77042950264696e-15
       100.000000000000  3.74251826589544e+149  3.74251826589546e+149 -1.81709681073902e+135  -4.85527840250700e-15
max(abs(diff)) = 1.81709681073902e+135
max(abs(frac)) = 9.77042950264696e-15

  a =        3.75000000000000
                      x                     f1                     f2                  delta                   frac
       0.00000000000000       1.00000000000000       1.00000000000000       0.00000000000000       0.00000000000000
       1.00000000000000       3.75000000000000       3.75000000000000   1.77635683940025e-15   4.73695157173400e-16
       2.00000000000000       10.3125000000000       10.3125000000000   1.77635683940025e-15   1.72252784426691e-16
       5.00000000000000      -3.38378906250000      -3.38378906250000  -1.33226762955019e-15   3.93720650118151e-16
       10.0000000000000       690.124440193176       690.124440193176   1.13686837721616e-13   1.64733823496808e-16
       20.0000000000000       9706310407082.38       9706310407082.36     0.0195312500000000   2.01222186194960e-15
       50.0000000000000   1.16063808228100e+57   1.16063808228099e+57   9.93080059622067e+42   8.55632840920040e-15
       100.000000000000  1.20593789236977e+149  1.20593789236976e+149  1.15839921684612e+135   9.60579499305539e-15
max(abs(diff)) = 1.15839921684612e+135
max(abs(frac)) = 9.60579499305539e-15

  a =        4.00000000000000
                      x                     f1                     f2                  delta                   frac
       0.00000000000000       1.00000000000000       1.00000000000000       0.00000000000000       0.00000000000000
       1.00000000000000       4.00000000000000       4.00000000000000   8.88178419700125e-16   2.22044604925031e-16
       2.00000000000000       12.0000000000000       12.0000000000000       0.00000000000000       0.00000000000000
       5.00000000000000       0.00000000000000       0.00000000000000       0.00000000000000                      -
       10.0000000000000      -0.00000000000000       0.00000000000000      -0.00000000000000                      -
       20.0000000000000      -0.00000000000000       0.00000000000000      -0.00000000000000                      -
       50.0000000000000      -0.00000000000000       0.00000000000000      -0.00000000000000                      -
       100.000000000000      -0.00000000000000       0.00000000000000      -0.00000000000000                      -
max(abs(diff)) = 8.88178419700125e-16
max(abs(frac)) = 2.22044604925031e-16

  a =        4.25000000000000
                      x                     f1                     f2                  delta                   frac
       0.00000000000000       1.00000000000000       1.00000000000000       0.00000000000000       0.00000000000000
       1.00000000000000       4.25000000000000       4.25000000000000       0.00000000000000       0.00000000000000
       2.00000000000000       13.8125000000000       13.8125000000000   1.77635683940025e-15   1.28605020047077e-16
       5.00000000000000       9.71191406250000       9.71191406250000   3.55271367880050e-15   3.65809834800574e-16
       10.0000000000000      -624.398303031922      -624.398303031921  -2.27373675443232e-13   3.64148451940312e-16
       20.0000000000000      -5233580841154.79      -5233580841154.78    -0.0146484375000000   2.79893211638398e-15
       50.0000000000000  -3.65280658608328e+56  -3.65280658608321e+56  -6.62053373081378e+42   1.81245121382481e-14
       100.000000000000 -2.61975904499648e+148 -2.61975904499640e+148 -8.12015137298998e+134   3.09957947792910e-14
max(abs(diff)) = 8.12015137298998e+134
max(abs(frac)) = 3.09957947792910e-14

  a =        4.50000000000000
                      x                     f1                     f2                  delta                   frac
       0.00000000000000       1.00000000000000       1.00000000000000       0.00000000000000       0.00000000000000
       1.00000000000000       4.50000000000000       4.50000000000000       0.00000000000000       0.00000000000000
       2.00000000000000       15.7500000000000       15.7500000000000   1.77635683940025e-15   1.12784561231762e-16
       5.00000000000000       29.5312500000000       29.5312500000000   1.06581410364015e-14   3.60910595941638e-16
       10.0000000000000      -872.094726562500      -872.094726562500   1.13686837721616e-13  -1.30360652643470e-16
       20.0000000000000      -5578820962123.65      -5578820962123.64    -0.0107421875000000   1.92553006682453e-15
       50.0000000000000  -2.96282601515000e+56  -2.96282601514996e+56  -3.65871600913393e+42   1.23487372880677e-14
       100.000000000000 -1.76349028235919e+148 -1.76349028235912e+148 -7.35356365595946e+134   4.16989179329199e-14
max(abs(diff)) = 7.35356365595946e+134
max(abs(frac)) = 4.16989179329199e-14

  a =        4.75000000000000
                      x                     f1                     f2                  delta                   frac
       0.00000000000000       1.00000000000000       1.00000000000000       0.00000000000000       0.00000000000000
       1.00000000000000       4.75000000000000       4.75000000000000  -3.55271367880050e-15  -7.47939721852737e-16
       2.00000000000000       17.8125000000000       17.8125000000000  -3.55271367880050e-15  -1.99450592494063e-16
       5.00000000000000       64.2919921875000       64.2919921875000       0.00000000000000       0.00000000000000
       10.0000000000000      -624.398303031922      -624.398303031921  -2.27373675443232e-13   3.64148451940312e-16
       20.0000000000000      -3023277012042.05      -3023277012042.05   -0.00244140625000000   8.07536405124509e-16
       50.0000000000000  -1.21834936814026e+56  -1.21834936814026e+56   2.17780714829401e+41  -1.78750628123877e-15
       100.000000000000 -6.01386350525600e+147 -6.01386350525604e+147  3.54901720847464e+133  -5.90139301527687e-15
max(abs(diff)) = 3.54901720847464e+133
max(abs(frac)) = 5.90139301527687e-15

  a =        5.00000000000000
                      x                     f1                     f2                  delta                   frac
       0.00000000000000       1.00000000000000       1.00000000000000       0.00000000000000       0.00000000000000
       1.00000000000000       5.00000000000000       5.00000000000000  -1.77635683940025e-15  -3.55271367880050e-16
       2.00000000000000       20.0000000000000       20.0000000000000  -3.55271367880050e-15  -1.77635683940025e-16
       5.00000000000000       120.000000000000       120.000000000000  -2.84217094304040e-14  -2.36847578586700e-16
       10.0000000000000       0.00000000000000       0.00000000000000       0.00000000000000                      -
       20.0000000000000       0.00000000000000       0.00000000000000       0.00000000000000                      -
       50.0000000000000       0.00000000000000       0.00000000000000       0.00000000000000                      -
       100.000000000000      -0.00000000000000       0.00000000000000      -0.00000000000000                      -
max(abs(diff)) = 2.84217094304040e-14
max(abs(frac)) = 3.55271367880050e-16

