  n =                       0
                      x                     f1                     f2                  delta                   frac
      0.250000000000000       4.89334963741421       4.89334963741421  -8.88178419700125e-16  -1.81507246673971e-16
      0.500000000000000       1.90547226473018       1.90547226473018   1.11022302462516e-15   5.82649795105975e-16
      0.750000000000000      0.989322194595139      0.989322194595138   6.66133814775094e-16   6.73323431349579e-16
       1.00000000000000      0.577863674895461      0.577863674895461   1.11022302462516e-16   1.92125422112058e-16
       1.25000000000000      0.360032546013684      0.360032546013684   2.77555756156289e-16   7.70918516199200e-16
       1.50000000000000      0.233661357305541      0.233661357305540   3.33066907387547e-16   1.42542571535276e-15
       1.75000000000000      0.155979126894070      0.155979126894070  -2.49800180540660e-16  -1.60149749209909e-15
       2.00000000000000      0.106292082896909      0.106292082896909       0.00000000000000       0.00000000000000
       2.25000000000000     0.0735825399061364     0.0735825399061364       0.00000000000000       0.00000000000000
       2.50000000000000     0.0515755257293537     0.0515755257293537       0.00000000000000       0.00000000000000
       2.75000000000000     0.0365155089321273     0.0365155089321273       0.00000000000000       0.00000000000000
       3.00000000000000     0.0260684480380424     0.0260684480380424   3.46944695195361e-18   1.33089892689068e-16
       3.25000000000000     0.0187404256112156     0.0187404256112156   3.46944695195361e-18   1.85131705326759e-16
       3.50000000000000     0.0135525539881700     0.0135525539881700   1.73472347597681e-18   1.27999746578471e-16
       3.75000000000000    0.00985109034803067    0.00985109034803067  -1.73472347597681e-18  -1.76094565646086e-16
       4.00000000000000    0.00719253457233135    0.00719253457233135   8.67361737988404e-19   1.20591945616086e-16
       4.25000000000000    0.00527204852442335    0.00527204852442335       0.00000000000000       0.00000000000000
       4.50000000000000    0.00387777132369961    0.00387777132369961   1.30104260698261e-18   3.35512978558349e-16
       4.75000000000000    0.00286106337802335    0.00286106337802335       0.00000000000000       0.00000000000000
       5.00000000000000    0.00211678847926043    0.00211678847926043       0.00000000000000       0.00000000000000
max(abs(diff)) = 1.11022302462516e-15
max(abs(frac)) = 1.60149749209909e-15

  n =                       1
                      x                     f1                     f2                  delta                   frac
      0.250000000000000       24.4667481870710       24.4667481870710   3.55271367880050e-15   1.45205797339176e-16
      0.500000000000000       5.71641679419054       5.71641679419054       0.00000000000000       0.00000000000000
      0.750000000000000       2.30841845405532       2.30841845405532   1.77635683940025e-15   7.69512492970947e-16
       1.00000000000000       1.15572734979092       1.15572734979092   2.22044604925031e-16   1.92125422112058e-16
       1.25000000000000      0.648058582824631      0.648058582824631   1.11022302462516e-16   1.71315225822044e-16
       1.50000000000000      0.389435595509234      0.389435595509234   2.77555756156289e-16   7.12712857676381e-16
       1.75000000000000      0.245110056547825      0.245110056547825  -2.77555756156289e-17  -1.13237196411047e-16
       2.00000000000000      0.159438124345364      0.159438124345364       0.00000000000000       0.00000000000000
       2.25000000000000      0.106285890975530      0.106285890975530  -1.38777878078145e-17  -1.30570367152583e-16
       2.50000000000000     0.0722057360210952     0.0722057360210952       0.00000000000000       0.00000000000000
       2.75000000000000     0.0497938758165373     0.0497938758165373       0.00000000000000       0.00000000000000
       3.00000000000000     0.0347579307173898     0.0347579307173898   6.93889390390723e-18   1.99634839033603e-16
       3.25000000000000     0.0245067104146666     0.0245067104146666   1.04083408558608e-17   4.24713912220211e-16
       3.50000000000000     0.0174247122705043     0.0174247122705043   3.46944695195361e-18   1.99110716899844e-16
       3.75000000000000     0.0124780477741722     0.0124780477741722       0.00000000000000       0.00000000000000
       4.00000000000000    0.00899066821541419    0.00899066821541419       0.00000000000000       0.00000000000000
       4.25000000000000    0.00651253053017002    0.00651253053017002       0.00000000000000       0.00000000000000
       4.50000000000000    0.00473949828452174    0.00473949828452174   1.73472347597681e-18   3.66014158427289e-16
       4.75000000000000    0.00346339251023879    0.00346339251023879       0.00000000000000       0.00000000000000
       5.00000000000000    0.00254014617511252    0.00254014617511252   4.33680868994202e-19   1.70730674180588e-16
max(abs(diff)) = 3.55271367880050e-15
max(abs(frac)) = 7.69512492970947e-16

  n =                       2
                      x                     f1                     f2                  delta                   frac
      0.250000000000000       298.494327882267       298.494327882267  -5.68434188608080e-14  -1.90433832575969e-16
      0.500000000000000       36.2039730298734       36.2039730298734       0.00000000000000       0.00000000000000
      0.750000000000000       10.2229960108164       10.2229960108164   1.77635683940025e-15   1.73760885509569e-16
       1.00000000000000       4.04504572426823       4.04504572426823       0.00000000000000       0.00000000000000
       1.25000000000000       1.91537314479280       1.91537314479280   2.22044604925031e-16   1.15927596420932e-16
       1.50000000000000       1.01253254832401       1.01253254832401   2.22044604925031e-16   2.19296263900425e-16
       1.75000000000000      0.576167795261771      0.576167795261770   3.33066907387547e-16   5.78072759579047e-16
       2.00000000000000      0.345449269414955      0.345449269414955  -5.55111512312578e-17  -1.60692628834533e-16
       2.25000000000000      0.215297061206844      0.215297061206844   8.32667268468867e-17   3.86752733084868e-16
       2.50000000000000      0.138222408954668      0.138222408954668   5.55111512312578e-17   4.01607464745195e-16
       2.75000000000000     0.0908361007319862     0.0908361007319862       0.00000000000000       0.00000000000000
       3.00000000000000     0.0608263787554322     0.0608263787554322   6.93889390390723e-18   1.14077050876344e-16
       3.25000000000000     0.0413620044555233     0.0413620044555233   1.38777878078145e-17   3.35520195176646e-16
       3.50000000000000     0.0284880216486022     0.0284880216486022       0.00000000000000       0.00000000000000
       3.75000000000000     0.0198335285673684     0.0198335285673684       0.00000000000000       0.00000000000000
       4.00000000000000     0.0139355357338920     0.0139355357338920       0.00000000000000       0.00000000000000
       4.25000000000000    0.00986912889866101    0.00986912889866101  -1.73472347597681e-18  -1.75772704337884e-16
       4.50000000000000    0.00703743684671410    0.00703743684671410       0.00000000000000       0.00000000000000
       4.75000000000000    0.00504846917396364    0.00504846917396364   8.67361737988404e-19   1.71806880085874e-16
       5.00000000000000    0.00364087618432794    0.00364087618432794       0.00000000000000       0.00000000000000
max(abs(diff)) = 5.68434188608080e-14
max(abs(frac)) = 5.78072759579047e-16

  n =                       5
                      x                     f1                     f2                  delta                   frac
      0.250000000000000       6059048.28138866       6059048.28138866   9.31322574615479e-10   1.53707732859001e-16
      0.500000000000000       93693.9767290477       93693.9767290477  -1.45519152283669e-11  -1.55313241431190e-16
      0.750000000000000       8084.85089891976       8084.85089891976   4.54747350886464e-12   5.62468444467200e-16
       1.00000000000000       1404.78659367087       1404.78659367087   2.27373675443232e-13   1.61856381935621e-16
       1.25000000000000       357.141340656175       357.141340656175   5.68434188608080e-14   1.59162248639067e-16
       1.50000000000000       115.246973897699       115.246973897699   5.68434188608080e-14   4.93231335612039e-16
       1.75000000000000       43.7612725687258       43.7612725687258   7.10542735760100e-15   1.62367932661056e-16
       2.00000000000000       18.6907984519034       18.6907984519034       0.00000000000000       0.00000000000000
       2.25000000000000       8.72247495338187       8.72247495338187       0.00000000000000       0.00000000000000
       2.50000000000000       4.36064880978599       4.36064880978599       0.00000000000000       0.00000000000000
       2.75000000000000       2.30289357857427       2.30289357857427   4.44089209850063e-16   1.92839657890314e-16
       3.00000000000000       1.27156096541118       1.27156096541118  -6.66133814775094e-16  -5.23870921564260e-16
       3.25000000000000      0.728395628605023      0.728395628605023   1.11022302462516e-16   1.52420330521668e-16
       3.50000000000000      0.430289355715197      0.430289355715197  -1.66533453693773e-16  -3.87026663527322e-16
       3.75000000000000      0.260897152429720      0.260897152429720  -5.55111512312578e-17  -2.12770245724362e-16
       4.00000000000000      0.161754764322479      0.161754764322479       0.00000000000000       0.00000000000000
       4.25000000000000      0.102234562660829      0.102234562660829  -2.77555756156289e-17  -2.71489160742146e-16
       4.50000000000000     0.0657057942123166     0.0657057942123166   2.77555756156289e-17   4.22422039766260e-16
       4.75000000000000     0.0428522078949959     0.0428522078949960  -6.93889390390723e-18  -1.61926170079967e-16
       5.00000000000000     0.0283107758370207     0.0283107758370207   1.04083408558608e-17   3.67645906837012e-16
max(abs(diff)) = 9.31322574615479e-10
max(abs(frac)) = 5.62468444467200e-16

  n =                      10
                      x                     f1                     f2                  delta                   frac
      0.250000000000000   4.30652703529015e+15   4.30652703529015e+15      -1.00000000000000  -2.32205671021087e-16
      0.500000000000000       2092451307900.83       2092451307900.83   0.000244140625000000   1.16676848860548e-16
      0.750000000000000       23992996405.4579       23992996405.4579  -1.14440917968750e-05  -4.76976347742532e-16
       1.00000000000000       1001775282.23352       1001775282.23352  -5.96046447753906e-07  -5.94990172271951e-16
       1.25000000000000       84792362.9817519       84792362.9817518   4.47034835815430e-08   5.27211201687628e-16
       1.50000000000000       11208602.9848598       11208602.9848598  -3.72529029846191e-09  -3.32359911711916e-16
       1.75000000000000       2013380.53468661       2013380.53468661  -2.32830643653870e-10  -1.15641648283895e-16
       2.00000000000000       452287.165167764       452287.165167764   1.16415321826935e-10   2.57392494840647e-16
       2.25000000000000       120436.619416843       120436.619416843  -2.91038304567337e-11  -2.41652668413104e-16
       2.50000000000000       36650.7739509461       36650.7739509461   3.63797880709171e-11   9.92606271278428e-16
       2.75000000000000       12418.5084030966       12418.5084030966   3.63797880709171e-12   2.92948129437554e-16
       3.00000000000000       4595.83963997699       4595.83963997700  -3.63797880709171e-12  -7.91580884469225e-16
       3.25000000000000       1830.75820548164       1830.75820548164   6.82121026329696e-13   3.72589359035669e-16
       3.50000000000000       776.149234840427       776.149234840427  -5.68434188608080e-13  -7.32377438631306e-16
       3.75000000000000       347.063991618300       347.063991618300       0.00000000000000       0.00000000000000
       4.00000000000000       162.512069744431       162.512069744431   8.52651282912120e-14   5.24669511780272e-16
       4.25000000000000       79.2155362846040       79.2155362846040       0.00000000000000       0.00000000000000
       4.50000000000000       40.0004023637257       40.0004023637257   7.10542735760100e-15   1.77633897104109e-16
       4.75000000000000       20.8389467051080       20.8389467051080  -7.10542735760100e-15  -3.40968641944813e-16
       5.00000000000000       11.1621781719491       11.1621781719491   7.10542735760100e-15   6.36562796986810e-16
max(abs(diff)) = 1.00000000000000
max(abs(frac)) = 9.92606271278428e-16

  n =                      20
                      x                     f1                     f2                  delta                   frac
      0.250000000000000   2.20776196992349e+36   2.20776196992349e+36   8.85443715538058e+20   4.01059411114298e-16
      0.500000000000000   1.05021562413268e+30   1.05021562413268e+30       281474976710656.   2.68016367537012e-16
      0.750000000000000   2.09711652547284e+26   2.09711652547284e+26      -206158430208.000  -9.83056628965896e-16
       1.00000000000000   4.95991763320368e+23   4.95991763320369e+23      -402653184.000000  -8.11814255350688e-16
       1.25000000000000   4.54187351445792e+21   4.54187351445792e+21       7340032.00000000   1.61608023134833e-15
       1.50000000000000   9.78601765553578e+19   9.78601765553578e+19      -49152.0000000000  -5.02267640731218e-16
       1.75000000000000   3.80371357834007e+18   3.80371357834007e+18      -3072.00000000000  -8.07631788443075e-16
       2.00000000000000   2.27598681918043e+17   2.27598681918043e+17       0.00000000000000       0.00000000000000
       2.25000000000000   1.89264584135269e+16   1.89264584135269e+16      -4.00000000000000  -2.11344347294323e-16
       2.50000000000000   2.03974511528775e+15   2.03974511528775e+15       3.00000000000000   1.47077199867533e-15
       2.75000000000000       271054298478617.       271054298478617.     0.0937500000000000   3.45871659391507e-16
       3.00000000000000       42809295307663.3       42809295307663.3    -0.0781250000000000  -1.82495412359696e-15
       3.25000000000000       7814337739435.11       7814337739435.10    0.00781250000000000   9.99764824672752e-16
       3.50000000000000       1613210668525.40       1613210668525.41   -0.00170898437500000  -1.05936838154073e-15
       3.75000000000000       370221718737.450       370221718737.450  -6.10351562500000e-05  -1.64861090424801e-16
       4.00000000000000       93149579165.2578       93149579165.2577   7.62939453125000e-05   8.19047665015706e-16
       4.25000000000000       25405146003.1381       25405146003.1381       0.00000000000000       0.00000000000000
       4.50000000000000       7440532377.70940       7440532377.70940   2.86102294921875e-06   3.84518580658274e-16
       4.75000000000000       2321723647.55138       2321723647.55139  -2.86102294921875e-06  -1.23228401977821e-15
       5.00000000000000       766744623.538339       766744623.538339   5.96046447753906e-07   7.77372842868200e-16
max(abs(diff)) = 8.85443715538058e+20
max(abs(frac)) = 1.82495412359696e-15

  n =                      50
                      x                     f1                     f2                  delta                   frac
      0.250000000000000  2.17005802387466e+109  2.17005802387466e+109   1.25155490385991e+94   5.76737990454857e-16
      0.500000000000000   9.62787205864144e+93   9.62787205864144e+93   7.41069371118824e+78   7.69712524849851e-16
      0.750000000000000   1.00505698936164e+85   1.00505698936164e+85  -2.41561122137670e+70  -2.40345696507315e-15
       1.00000000000000   4.25947019605696e+78   4.25947019605696e+78  -1.64550455732121e+63  -3.86316720526527e-16
       1.25000000000000   4.84966001849692e+73   4.84966001849690e+73   1.25542034707734e+59   2.58867702537721e-15
       1.50000000000000   4.42547689462371e+69   4.42547689462372e+69  -1.07274687860612e+55  -2.42402548730815e-15
       1.75000000000000   1.69782199850955e+66   1.69782199850955e+66  -3.36729977241040e+51  -1.98330553813440e-15
       2.00000000000000   1.86314775505046e+63   1.86314775505046e+63   7.30750818665451e+47   3.92213025877628e-16
       2.25000000000000   4.56183168081191e+60   4.56183168081192e+60  -9.99073384894172e+45  -2.19007068826431e-15
       2.50000000000000   2.10331394147635e+58   2.10331394147635e+58   6.13270492959592e+43   2.91573445535729e-15
       2.75000000000000   1.61808144888454e+56   1.61808144888454e+56   1.74224571863520e+41   1.07673548809070e-15
       3.00000000000000   1.89947449228844e+54   1.89947449228844e+54  -7.82649443918158e+39  -4.12034721758880e-15
       3.25000000000000   3.17937922855682e+52   3.17937922855681e+52   8.50705917302346e+37   2.67569816667797e-15
       3.50000000000000   7.19824282437535e+50   7.19824282437538e+50  -2.32614899262360e+36  -3.23155115682757e-15
       3.75000000000000   2.11413143046214e+49   2.11413143046214e+49   1.29807421463371e+34   6.13998825205467e-16
       4.00000000000000   7.78796488986081e+47   7.78796488986080e+47   1.13581493780449e+33   1.45842329012451e-15
       4.25000000000000   3.50051710051158e+46   3.50051710051158e+46  -2.53530120045646e+31  -7.24264766507193e-16
       4.50000000000000   1.87646681938943e+45   1.87646681938943e+45  -3.80295180068469e+30  -2.02665550032059e-15
       4.75000000000000   1.17691203533593e+44   1.17691203533593e+44  -2.77298568799925e+29  -2.35615373514958e-15
       5.00000000000000   8.49795875736954e+42   8.49795875736953e+42   1.85691005892807e+28   2.18512481873101e-15
max(abs(diff)) = 1.25155490385991e+94
max(abs(frac)) = 4.12034721758880e-15

  n =                     100
                      x                     f1                     f2                  delta                   frac
      0.250000000000000  6.72970799842704e+247  6.72970799842704e+247  2.48402894768113e+232   3.69113927121613e-16
      0.500000000000000  2.65315156790384e+217  2.65315156790384e+217  9.79776662131468e+201   3.69287859006697e-16
      0.750000000000000  4.34714275565628e+199  4.34714275565630e+199 -2.03956989241639e+185  -4.69174813677925e-15
       1.00000000000000  1.04451364487962e+187  1.04451364487962e+187 -1.93226876150863e+171  -1.84992199094854e-16
       1.25000000000000  1.69976557125367e+177  1.69976557125366e+177  1.05724474171765e+163   6.21994444173783e-15
       1.50000000000000  1.70739112412273e+169  1.70739112412274e+169 -8.04468475796556e+154  -4.71168242841776e-15
       1.75000000000000  2.94999128622767e+162  2.94999128622769e+162 -1.43850173198561e+148  -4.87629146127106e-15
       2.00000000000000  4.08894423676845e+156  4.08894423676845e+156  3.81072821083495e+141   9.31958958150680e-16
       2.25000000000000  2.78001515211828e+151  2.78001515211829e+151 -1.27923615476027e+137  -4.60154382175050e-15
       2.50000000000000  6.62590206686151e+146  6.62590206686147e+146  4.08136978974584e+132   6.15971945942009e-15
       2.75000000000000  4.35664200129439e+142  4.35664200129438e+142  8.12305574449457e+127   1.86452220358734e-15
       3.00000000000000  6.62123446102310e+138  6.62123446102314e+138 -4.75960297528979e+124  -7.18839213942337e-15
       3.25000000000000  2.03358191968233e+135  2.03358191968232e+135  1.09745619818694e+121   5.39666579233934e-15
       3.50000000000000  1.13701920461670e+132  1.13701920461670e+132 -5.35867284270965e+117  -4.71291322165142e-15
       3.75000000000000  1.06538141499257e+129  1.06538141499257e+129 -4.61742260113998e+113  -4.33405589412520e-16
       4.00000000000000  1.56491465648149e+126  1.56491465648149e+126  4.20858830833071e+111   2.68934046396702e-15
       4.25000000000000  3.41207241822470e+123  3.41207241822471e+123 -7.04562774832150e+108  -2.06491155073060e-15
       4.50000000000000  1.05548111273930e+121  1.05548111273930e+121 -5.50439667837617e+106  -5.21505938092114e-15
       4.75000000000000  4.46002999935362e+118  4.46002999935364e+118 -2.23974474217780e+104  -5.02181541940837e-15
       5.00000000000000  2.49323804143571e+116  2.49323804143570e+116  1.18986439428196e+102   4.77236579302629e-15
max(abs(diff)) = 2.48402894768113e+232
max(abs(frac)) = 7.18839213942337e-15

