  k =      -0.900000000000000
                    phi                     f1                     f2                  delta                   frac
       0.00000000000000       0.00000000000000       0.00000000000000       0.00000000000000                      -
      0.174532925199433     0.0837750329909952     0.0837750329909951   2.77555756156289e-17   3.31310828831453e-16
      0.349065850398866      0.161026549442817      0.161026549442817   5.55111512312578e-17   3.44732911580960e-16
      0.523598775598299      0.225207713391108      0.225207713391108       0.00000000000000       0.00000000000000
      0.698131700797732      0.269707097063996      0.269707097063996  -5.55111512312578e-17  -2.05820135382222e-16
      0.872664625997165      0.287800755501458      0.287800755501458       0.00000000000000       0.00000000000000
       1.04719755119660      0.272738817271478      0.272738817271478   1.11022302462516e-16   4.07064544655581e-16
       1.22173047639603      0.218595915739361      0.218595915739361   5.55111512312578e-17   2.53944137261217e-16
       1.39626340159546      0.123849338746854      0.123849338746854       0.00000000000000       0.00000000000000
       1.57079632679490   4.54833061176644e-17   4.54833061176644e-17   2.46519032881566e-32   5.41998930868892e-16
       1.74532925199433     -0.123849338746854     -0.123849338746854  -2.77555756156289e-17   2.24107580197589e-16
       1.91986217719376     -0.218595915739361     -0.218595915739361  -8.32667268468867e-17   3.80916205891826e-16
       2.09439510239320     -0.272738817271478     -0.272738817271478  -5.55111512312578e-17   2.03532272327790e-16
       2.26892802759263     -0.287800755501458     -0.287800755501458       0.00000000000000      -0.00000000000000
       2.44346095279206     -0.269707097063996     -0.269707097063996  -1.11022302462516e-16   4.11640270764445e-16
       2.61799387799149     -0.225207713391108     -0.225207713391108       0.00000000000000      -0.00000000000000
       2.79252680319093     -0.161026549442817     -0.161026549442817  -5.55111512312578e-17   3.44732911580960e-16
       2.96705972839036    -0.0837750329909951    -0.0837750329909951  -1.38777878078145e-17   1.65655414415726e-16
       3.14159265358979  -5.95449637339308e-17  -5.95449637339308e-17  -1.23259516440783e-32   2.07002420879040e-16
max(abs(diff)) = 1.11022302462516e-16
max(abs(frac)) = 5.41998930868892e-16

  k =      -0.800000000000000
                    phi                     f1                     f2                  delta                   frac
       0.00000000000000       0.00000000000000       0.00000000000000       0.00000000000000                      -
      0.174532925199433     0.0619591365095588     0.0619591365095588   6.93889390390723e-18   1.11991455898304e-16
      0.349065850398866      0.118364525968513      0.118364525968513   5.55111512312578e-17   4.68984696023072e-16
      0.523598775598299      0.163771696700236      0.163771696700236  -2.77555756156289e-17  -1.69477242862251e-16
      0.698131700797732      0.192994888730513      0.192994888730513   1.11022302462516e-16   5.75260325249032e-16
      0.872664625997165      0.201375211334016      0.201375211334016   1.11022302462516e-16   5.51320600619336e-16
       1.04719755119660      0.185337734444710      0.185337734444710   8.32667268468867e-17   4.49270231431079e-16
       1.22173047639603      0.143535715053611      0.143535715053611   2.77555756156289e-17   1.93370518308020e-16
       1.39626340159546     0.0787926774001954     0.0787926774001954   2.77555756156289e-17   3.52260851280072e-16
       1.57079632679490   2.85421617271156e-17   2.85421617271156e-17   1.84889274661175e-32   6.47776003895060e-16
       1.74532925199433    -0.0787926774001953    -0.0787926774001953  -2.77555756156289e-17   3.52260851280072e-16
       1.91986217719376     -0.143535715053611     -0.143535715053611  -5.55111512312578e-17   3.86741036616040e-16
       2.09439510239320     -0.185337734444710     -0.185337734444710  -2.77555756156289e-17   1.49756743810360e-16
       2.26892802759263     -0.201375211334016     -0.201375211334016  -1.11022302462516e-16   5.51320600619336e-16
       2.44346095279206     -0.192994888730513     -0.192994888730513  -1.11022302462516e-16   5.75260325249032e-16
       2.61799387799149     -0.163771696700236     -0.163771696700236   2.77555756156289e-17  -1.69477242862251e-16
       2.79252680319093     -0.118364525968513     -0.118364525968513  -6.93889390390723e-17   5.86230870028839e-16
       2.96705972839036    -0.0619591365095588    -0.0619591365095587  -2.77555756156289e-17   4.47965823593215e-16
       3.14159265358979  -4.41268010728919e-17  -4.41268010728919e-17  -1.84889274661175e-32   4.18995418126415e-16
max(abs(diff)) = 1.11022302462516e-16
max(abs(frac)) = 6.47776003895060e-16

  k =      -0.700000000000000
                    phi                     f1                     f2                  delta                   frac
       0.00000000000000       0.00000000000000       0.00000000000000       0.00000000000000                      -
      0.174532925199433     0.0455869806008847     0.0455869806008847       0.00000000000000       0.00000000000000
      0.349065850398866     0.0867005822104211     0.0867005822104211       0.00000000000000       0.00000000000000
      0.523598775598299      0.119057920483500      0.119057920483500   2.77555756156289e-17   2.33126662240632e-16
      0.698131700797732      0.138802082394150      0.138802082394150       0.00000000000000       0.00000000000000
      0.872664625997165      0.142840895233272      0.142840895233272       0.00000000000000       0.00000000000000
       1.04719755119660      0.129360945482136      0.129360945482136       0.00000000000000       0.00000000000000
       1.22173047639603     0.0985541598723937     0.0985541598723937       0.00000000000000       0.00000000000000
       1.39626340159546     0.0534057176759645     0.0534057176759645       0.00000000000000       0.00000000000000
       1.57079632679490   1.92491232780550e-17   1.92491232780550e-17       0.00000000000000       0.00000000000000
       1.74532925199433    -0.0534057176759644    -0.0534057176759644  -6.93889390390723e-18   1.29927921688245e-16
       1.91986217719376    -0.0985541598723937    -0.0985541598723937  -1.38777878078145e-17   1.40813820804552e-16
       2.09439510239320     -0.129360945482136     -0.129360945482136       0.00000000000000      -0.00000000000000
       2.26892802759263     -0.142840895233272     -0.142840895233272       0.00000000000000      -0.00000000000000
       2.44346095279206     -0.138802082394150     -0.138802082394150       0.00000000000000      -0.00000000000000
       2.61799387799149     -0.119057920483500     -0.119057920483500  -2.77555756156289e-17   2.33126662240632e-16
       2.79252680319093    -0.0867005822104212    -0.0867005822104212  -2.77555756156289e-17   3.20131363688729e-16
       2.96705972839036    -0.0455869806008847    -0.0455869806008847       0.00000000000000      -0.00000000000000
       3.14159265358979  -3.25144459177347e-17  -3.25144459177347e-17  -6.16297582203915e-33   1.89545774134740e-16
max(abs(diff)) = 2.77555756156289e-17
max(abs(frac)) = 3.20131363688729e-16

  k =      -0.600000000000000
                    phi                     f1                     f2                  delta                   frac
       0.00000000000000       0.00000000000000       0.00000000000000       0.00000000000000                      -
      0.174532925199433     0.0325883139713268     0.0325883139713268   6.93889390390723e-18   2.12925833168678e-16
      0.349065850398866     0.0617646077265734     0.0617646077265733   1.38777878078145e-17   2.24688350151113e-16
      0.523598775598299     0.0843323221122525     0.0843323221122525  -1.38777878078145e-17  -1.64560721918010e-16
      0.698131700797732     0.0975536882052069     0.0975536882052069  -1.38777878078145e-17  -1.42257951115309e-16
      0.872664625997165     0.0994459770979369     0.0994459770979368   2.77555756156289e-17   2.79102045407976e-16
       1.04719755119660     0.0891398573372345     0.0891398573372345       0.00000000000000       0.00000000000000
       1.22173047639603     0.0672599744799957     0.0672599744799957  -1.38777878078145e-17  -2.06330554168467e-16
       1.39626340159546     0.0361917545186031     0.0361917545186031       0.00000000000000       0.00000000000000
       1.57079632679490   1.30106837121293e-17   1.30106837121293e-17   1.54074395550979e-33   1.18421444222291e-16
       1.74532925199433    -0.0361917545186030    -0.0361917545186030   6.93889390390723e-18  -1.91725822530669e-16
       1.91986217719376    -0.0672599744799957    -0.0672599744799957       0.00000000000000      -0.00000000000000
       2.09439510239320    -0.0891398573372345    -0.0891398573372345   1.38777878078145e-17  -1.55685551024744e-16
       2.26892802759263    -0.0994459770979369    -0.0994459770979368  -2.77555756156289e-17   2.79102045407976e-16
       2.44346095279206    -0.0975536882052070    -0.0975536882052069  -1.38777878078145e-17   1.42257951115309e-16
       2.61799387799149    -0.0843323221122525    -0.0843323221122525   1.38777878078145e-17  -1.64560721918010e-16
       2.79252680319093    -0.0617646077265734    -0.0617646077265734  -2.08166817117217e-17   3.37032525226669e-16
       2.96705972839036    -0.0325883139713268    -0.0325883139713268  -6.93889390390723e-18   2.12925833168678e-16
       3.14159265358979  -2.32701908298978e-17  -2.32701908298978e-17  -3.08148791101958e-33   1.32422116068788e-16
max(abs(diff)) = 2.77555756156289e-17
max(abs(frac)) = 3.37032525226669e-16

  k =      -0.500000000000000
                    phi                     f1                     f2                  delta                   frac
       0.00000000000000       0.00000000000000       0.00000000000000       0.00000000000000                      -
      0.174532925199433     0.0221875527547664     0.0221875527547664   6.93889390390723e-18   3.12738136585009e-16
      0.349065850398866     0.0419375212565192     0.0419375212565192   1.38777878078145e-17   3.30915785959981e-16
      0.523598775598299     0.0570091250022182     0.0570091250022182       0.00000000000000       0.00000000000000
      0.698131700797732     0.0655642998035466     0.0655642998035465   1.38777878078145e-17   2.11666834685906e-16
      0.872664625997165     0.0663853446133912     0.0663853446133912       0.00000000000000       0.00000000000000
       1.04719755119660     0.0590910159575062     0.0590910159575062       0.00000000000000       0.00000000000000
       1.22173047639603     0.0443101001884999     0.0443101001884999  -6.93889390390723e-18  -1.56598470199536e-16
       1.39626340159546     0.0237391141684923     0.0237391141684923   3.46944695195361e-18   1.46148964419171e-16
       1.57079632679490   8.52064754172611e-18   8.52064754172611e-18  -1.54074395550979e-33  -1.80824749288675e-16
       1.74532925199433    -0.0237391141684922    -0.0237391141684922  -3.46944695195361e-18   1.46148964419171e-16
       1.91986217719376    -0.0443101001884999    -0.0443101001884998  -6.93889390390723e-18   1.56598470199536e-16
       2.09439510239320    -0.0590910159575062    -0.0590910159575062       0.00000000000000      -0.00000000000000
       2.26892802759263    -0.0663853446133912    -0.0663853446133912       0.00000000000000      -0.00000000000000
       2.44346095279206    -0.0655642998035466    -0.0655642998035466  -2.77555756156289e-17   4.23333669371812e-16
       2.61799387799149    -0.0570091250022182    -0.0570091250022182       0.00000000000000      -0.00000000000000
       2.79252680319093    -0.0419375212565192    -0.0419375212565192  -1.38777878078145e-17   3.30915785959981e-16
       2.96705972839036    -0.0221875527547664    -0.0221875527547664  -1.04083408558608e-17   4.69107204877513e-16
       3.14159265358979  -1.58579755230273e-17  -1.58579755230273e-17  -6.16297582203915e-33   3.88635725480211e-16
max(abs(diff)) = 2.77555756156289e-17
max(abs(frac)) = 4.69107204877513e-16

  k =      -0.400000000000000
                    phi                     f1                     f2                  delta                   frac
       0.00000000000000       0.00000000000000       0.00000000000000       0.00000000000000                      -
      0.174532925199433     0.0139961235873925     0.0139961235873925       0.00000000000000       0.00000000000000
      0.349065850398866     0.0263984812246394     0.0263984812246394   6.93889390390723e-18   2.62852012010097e-16
      0.523598775598299     0.0357649449865188     0.0357649449865188       0.00000000000000       0.00000000000000
      0.698131700797732     0.0409540751825676     0.0409540751825676  -6.93889390390723e-18  -1.69431097466482e-16
      0.872664625997165     0.0412648296074963     0.0412648296074963   1.38777878078145e-17   3.36310314129914e-16
       1.04719755119660     0.0365522124851205     0.0365522124851205   6.93889390390723e-18   1.89835127127582e-16
       1.22173047639603     0.0272944441186713     0.0272944441186713       0.00000000000000       0.00000000000000
       1.39626340159546     0.0145813334528970     0.0145813334528970       0.00000000000000       0.00000000000000
       1.57079632679490   5.22835746502012e-18   5.22835746502012e-18   7.70371977754894e-34   1.47344932497252e-16
       1.74532925199433    -0.0145813334528970    -0.0145813334528970  -1.73472347597681e-18   1.18968781667369e-16
       1.91986217719376    -0.0272944441186713    -0.0272944441186713  -3.46944695195361e-18   1.27111837737713e-16
       2.09439510239320    -0.0365522124851204    -0.0365522124851205   6.93889390390723e-18  -1.89835127127582e-16
       2.26892802759263    -0.0412648296074963    -0.0412648296074963  -1.38777878078145e-17   3.36310314129914e-16
       2.44346095279206    -0.0409540751825676    -0.0409540751825676   6.93889390390723e-18  -1.69431097466482e-16
       2.61799387799149    -0.0357649449865188    -0.0357649449865188       0.00000000000000      -0.00000000000000
       2.79252680319093    -0.0263984812246394    -0.0263984812246394  -6.93889390390723e-18   2.62852012010097e-16
       2.96705972839036    -0.0139961235873925    -0.0139961235873925  -1.73472347597681e-18   1.23943137908515e-16
       3.14159265358979  -1.00106112488608e-17  -1.00106112488608e-17       0.00000000000000      -0.00000000000000
max(abs(diff)) = 1.38777878078145e-17
max(abs(frac)) = 3.36310314129914e-16

  k =      -0.300000000000000
                    phi                     f1                     f2                  delta                   frac
       0.00000000000000       0.00000000000000       0.00000000000000       0.00000000000000                      -
      0.174532925199433    0.00779151567241639    0.00779151567241639   2.60208521396521e-18   3.33963932483270e-16
      0.349065850398866     0.0146723790658199     0.0146723790658199   5.20417042793042e-18   3.54691655973761e-16
      0.523598775598299     0.0198287584542944     0.0198287584542944       0.00000000000000       0.00000000000000
      0.698131700797732     0.0226342939316178     0.0226342939316178       0.00000000000000       0.00000000000000
      0.872664625997165     0.0227271183427601     0.0227271183427601   6.93889390390723e-18   3.05313405741018e-16
       1.04719755119660     0.0200638339907990     0.0200638339907990  -3.46944695195361e-18  -1.72920437516810e-16
       1.22173047639603     0.0149397596487056     0.0149397596487056  -1.73472347597681e-18  -1.16114550485898e-16
       1.39626340159546    0.00796607187989767    0.00796607187989767       0.00000000000000       0.00000000000000
       1.57079632679490   2.85445387683104e-18   2.85445387683104e-18       0.00000000000000       0.00000000000000
       1.74532925199433   -0.00796607187989767   -0.00796607187989767  -3.46944695195361e-18   4.35527949566805e-16
       1.91986217719376    -0.0149397596487056    -0.0149397596487056   5.20417042793042e-18  -3.48343651457694e-16
       2.09439510239320    -0.0200638339907990    -0.0200638339907990   3.46944695195361e-18  -1.72920437516810e-16
       2.26892802759263    -0.0227271183427601    -0.0227271183427601  -6.93889390390723e-18   3.05313405741018e-16
       2.44346095279206    -0.0226342939316178    -0.0226342939316178       0.00000000000000      -0.00000000000000
       2.61799387799149    -0.0198287584542944    -0.0198287584542944       0.00000000000000      -0.00000000000000
       2.79252680319093    -0.0146723790658199    -0.0146723790658199  -3.46944695195361e-18   2.36461103982507e-16
       2.96705972839036   -0.00779151567241639   -0.00779151567241639  -1.73472347597681e-18   2.22642621655514e-16
       3.14159265358979  -5.57587028883476e-18  -5.57587028883476e-18  -7.70371977754894e-34   1.38161746570307e-16
max(abs(diff)) = 6.93889390390723e-18
max(abs(frac)) = 4.35527949566805e-16

  k =      -0.200000000000000
                    phi                     f1                     f2                  delta                   frac
       0.00000000000000       0.00000000000000       0.00000000000000       0.00000000000000                      -
      0.174532925199433    0.00343869599759786    0.00343869599759786  -1.30104260698261e-18  -3.78353482800301e-16
      0.349065850398866    0.00646828931094133    0.00646828931094133  -8.67361737988404e-19  -1.34094456245368e-16
      0.523598775598299    0.00872642694951640    0.00872642694951641  -1.73472347597681e-18  -1.98789663399742e-16
      0.698131700797732    0.00993977955710554    0.00993977955710554       0.00000000000000       0.00000000000000
      0.872664625997165    0.00995740886087738    0.00995740886087738  -3.46944695195361e-18  -3.48428692687819e-16
       1.04719755119660    0.00877106719112040    0.00877106719112041  -1.73472347597681e-18  -1.97777925784561e-16
       1.22173047639603    0.00651905454658627    0.00651905454658627  -1.73472347597681e-18  -2.66100469566588e-16
       1.39626340159546    0.00347183192970927    0.00347183192970927  -8.67361737988404e-19  -2.49828262297546e-16
       1.57079632679490   1.24352211793429e-18   1.24352211793429e-18       0.00000000000000       0.00000000000000
       1.74532925199433   -0.00347183192970927   -0.00347183192970927   8.67361737988404e-19  -2.49828262297546e-16
       1.91986217719376   -0.00651905454658626   -0.00651905454658627   1.73472347597681e-18  -2.66100469566588e-16
       2.09439510239320   -0.00877106719112040   -0.00877106719112040       0.00000000000000      -0.00000000000000
       2.26892802759263   -0.00995740886087738   -0.00995740886087738   3.46944695195361e-18  -3.48428692687819e-16
       2.44346095279206   -0.00993977955710554   -0.00993977955710554       0.00000000000000      -0.00000000000000
       2.61799387799149   -0.00872642694951640   -0.00872642694951641   1.73472347597681e-18  -1.98789663399742e-16
       2.79252680319093   -0.00646828931094133   -0.00646828931094134   8.67361737988404e-19  -1.34094456245368e-16
       2.96705972839036   -0.00343869599759786   -0.00343869599759786   1.30104260698261e-18  -3.78353482800301e-16
       3.14159265358979  -2.46179145834617e-18  -2.46179145834617e-18  -3.85185988877447e-34   1.56465726441432e-16
max(abs(diff)) = 3.46944695195361e-18
max(abs(frac)) = 3.78353482800301e-16

  k =      -0.100000000000000
                    phi                     f1                     f2                  delta                   frac
       0.00000000000000       0.00000000000000       0.00000000000000       0.00000000000000                      -
      0.174532925199433   0.000856189178975532   0.000856189178975532  -1.08420217248550e-19  -1.26631146376178e-16
      0.349065850398866    0.00160945925085949    0.00160945925085949       0.00000000000000       0.00000000000000
      0.523598775598299    0.00216914172507601    0.00216914172507601       0.00000000000000       0.00000000000000
      0.698131700797732    0.00246766719118976    0.00246766719118976       0.00000000000000       0.00000000000000
      0.872664625997165    0.00246874407853372    0.00246874407853372  -4.33680868994202e-19  -1.75668621452160e-16
       1.04719755119660    0.00217186850428198    0.00217186850428198   4.33680868994202e-19   1.99680997325193e-16
       1.22173047639603    0.00161256003800579    0.00161256003800579  -4.33680868994202e-19  -2.68939362735618e-16
       1.39626340159546   0.000858213078777924   0.000858213078777925  -1.08420217248550e-19  -1.26332515699875e-16
       1.57079632679490   3.07317520202420e-19   3.07317520202420e-19   4.81482486096809e-35   1.56672644559826e-16
       1.74532925199433  -0.000858213078777924  -0.000858213078777924       0.00000000000000      -0.00000000000000
       1.91986217719376   -0.00161256003800579   -0.00161256003800579       0.00000000000000      -0.00000000000000
       2.09439510239320   -0.00217186850428198   -0.00217186850428198       0.00000000000000      -0.00000000000000
       2.26892802759263   -0.00246874407853372   -0.00246874407853372   4.33680868994202e-19  -1.75668621452160e-16
       2.44346095279206   -0.00246766719118976   -0.00246766719118976       0.00000000000000      -0.00000000000000
       2.61799387799149   -0.00216914172507601   -0.00216914172507601       0.00000000000000      -0.00000000000000
       2.79252680319093   -0.00160945925085949   -0.00160945925085949   2.16840434497101e-19  -1.34728750902704e-16
       2.96705972839036  -0.000856189178975531  -0.000856189178975531       0.00000000000000      -0.00000000000000
       3.14159265358979  -6.13092655539017e-19  -6.13092655539017e-19       0.00000000000000      -0.00000000000000
max(abs(diff)) = 4.33680868994202e-19
max(abs(frac)) = 2.68939362735618e-16

  k =        0.00000000000000
                    phi                     f1                     f2                  delta                   frac
       0.00000000000000       0.00000000000000       0.00000000000000       0.00000000000000                      -
      0.174532925199433       0.00000000000000       0.00000000000000       0.00000000000000                      -
      0.349065850398866       0.00000000000000       0.00000000000000       0.00000000000000                      -
      0.523598775598299       0.00000000000000       0.00000000000000       0.00000000000000                      -
      0.698131700797732       0.00000000000000       0.00000000000000       0.00000000000000                      -
      0.872664625997165       0.00000000000000       0.00000000000000       0.00000000000000                      -
       1.04719755119660       0.00000000000000       0.00000000000000       0.00000000000000                      -
       1.22173047639603       0.00000000000000       0.00000000000000       0.00000000000000                      -
       1.39626340159546       0.00000000000000       0.00000000000000       0.00000000000000                      -
       1.57079632679490       0.00000000000000       0.00000000000000       0.00000000000000                      -
       1.74532925199433      -0.00000000000000      -0.00000000000000       0.00000000000000                      -
       1.91986217719376      -0.00000000000000      -0.00000000000000       0.00000000000000                      -
       2.09439510239320      -0.00000000000000      -0.00000000000000       0.00000000000000                      -
       2.26892802759263      -0.00000000000000      -0.00000000000000       0.00000000000000                      -
       2.44346095279206      -0.00000000000000      -0.00000000000000       0.00000000000000                      -
       2.61799387799149      -0.00000000000000      -0.00000000000000       0.00000000000000                      -
       2.79252680319093      -0.00000000000000      -0.00000000000000       0.00000000000000                      -
       2.96705972839036      -0.00000000000000      -0.00000000000000       0.00000000000000                      -
       3.14159265358979      -0.00000000000000      -0.00000000000000       0.00000000000000                      -
max(abs(diff)) = 0.00000000000000
max(abs(frac)) = -

  k =       0.100000000000000
                    phi                     f1                     f2                  delta                   frac
       0.00000000000000       0.00000000000000       0.00000000000000       0.00000000000000                      -
      0.174532925199433   0.000856189178975534   0.000856189178975534   1.08420217248550e-19   1.26631146376178e-16
      0.349065850398866    0.00160945925085949    0.00160945925085949  -2.16840434497101e-19  -1.34728750902704e-16
      0.523598775598299    0.00216914172507601    0.00216914172507601       0.00000000000000       0.00000000000000
      0.698131700797732    0.00246766719118976    0.00246766719118976  -4.33680868994202e-19  -1.75745283052171e-16
      0.872664625997165    0.00246874407853373    0.00246874407853373  -8.67361737988404e-19  -3.51337242904319e-16
       1.04719755119660    0.00217186850428199    0.00217186850428199   4.33680868994202e-19   1.99680997325193e-16
       1.22173047639603    0.00161256003800580    0.00161256003800580  -2.16840434497101e-19  -1.34469681367809e-16
       1.39626340159546   0.000858213078777926   0.000858213078777926       0.00000000000000       0.00000000000000
       1.57079632679490   3.07317520202421e-19   3.07317520202421e-19   4.81482486096809e-35   1.56672644559826e-16
       1.74532925199433  -0.000858213078777926  -0.000858213078777926       0.00000000000000      -0.00000000000000
       1.91986217719376   -0.00161256003800580   -0.00161256003800580   2.16840434497101e-19  -1.34469681367809e-16
       2.09439510239320   -0.00217186850428199   -0.00217186850428199       0.00000000000000      -0.00000000000000
       2.26892802759263   -0.00246874407853373   -0.00246874407853373   8.67361737988404e-19  -3.51337242904319e-16
       2.44346095279206   -0.00246766719118976   -0.00246766719118976  -4.33680868994202e-19   1.75745283052171e-16
       2.61799387799149   -0.00216914172507601   -0.00216914172507601       0.00000000000000      -0.00000000000000
       2.79252680319093   -0.00160945925085949   -0.00160945925085949   2.16840434497101e-19  -1.34728750902704e-16
       2.96705972839036  -0.000856189178975533  -0.000856189178975533       0.00000000000000      -0.00000000000000
       3.14159265358979  -6.13092655539018e-19  -6.13092655539018e-19       0.00000000000000      -0.00000000000000
max(abs(diff)) = 8.67361737988404e-19
max(abs(frac)) = 3.51337242904319e-16

  k =       0.200000000000000
                    phi                     f1                     f2                  delta                   frac
       0.00000000000000       0.00000000000000       0.00000000000000       0.00000000000000                      -
      0.174532925199433    0.00343869599759786    0.00343869599759786  -1.30104260698261e-18  -3.78353482800301e-16
      0.349065850398866    0.00646828931094133    0.00646828931094133  -8.67361737988404e-19  -1.34094456245368e-16
      0.523598775598299    0.00872642694951640    0.00872642694951641  -1.73472347597681e-18  -1.98789663399742e-16
      0.698131700797732    0.00993977955710554    0.00993977955710554       0.00000000000000       0.00000000000000
      0.872664625997165    0.00995740886087738    0.00995740886087738  -3.46944695195361e-18  -3.48428692687819e-16
       1.04719755119660    0.00877106719112040    0.00877106719112041  -1.73472347597681e-18  -1.97777925784561e-16
       1.22173047639603    0.00651905454658627    0.00651905454658627  -1.73472347597681e-18  -2.66100469566588e-16
       1.39626340159546    0.00347183192970927    0.00347183192970927  -8.67361737988404e-19  -2.49828262297546e-16
       1.57079632679490   1.24352211793429e-18   1.24352211793429e-18       0.00000000000000       0.00000000000000
       1.74532925199433   -0.00347183192970927   -0.00347183192970927   8.67361737988404e-19  -2.49828262297546e-16
       1.91986217719376   -0.00651905454658626   -0.00651905454658627   1.73472347597681e-18  -2.66100469566588e-16
       2.09439510239320   -0.00877106719112040   -0.00877106719112040       0.00000000000000      -0.00000000000000
       2.26892802759263   -0.00995740886087738   -0.00995740886087738   3.46944695195361e-18  -3.48428692687819e-16
       2.44346095279206   -0.00993977955710554   -0.00993977955710554       0.00000000000000      -0.00000000000000
       2.61799387799149   -0.00872642694951640   -0.00872642694951641   1.73472347597681e-18  -1.98789663399742e-16
       2.79252680319093   -0.00646828931094133   -0.00646828931094134   8.67361737988404e-19  -1.34094456245368e-16
       2.96705972839036   -0.00343869599759786   -0.00343869599759786   1.30104260698261e-18  -3.78353482800301e-16
       3.14159265358979  -2.46179145834617e-18  -2.46179145834617e-18  -3.85185988877447e-34   1.56465726441432e-16
max(abs(diff)) = 3.46944695195361e-18
max(abs(frac)) = 3.78353482800301e-16

  k =       0.300000000000000
                    phi                     f1                     f2                  delta                   frac
       0.00000000000000       0.00000000000000       0.00000000000000       0.00000000000000                      -
      0.174532925199433    0.00779151567241639    0.00779151567241639   2.60208521396521e-18   3.33963932483270e-16
      0.349065850398866     0.0146723790658199     0.0146723790658199   5.20417042793042e-18   3.54691655973761e-16
      0.523598775598299     0.0198287584542944     0.0198287584542944       0.00000000000000       0.00000000000000
      0.698131700797732     0.0226342939316178     0.0226342939316178       0.00000000000000       0.00000000000000
      0.872664625997165     0.0227271183427601     0.0227271183427601   6.93889390390723e-18   3.05313405741018e-16
       1.04719755119660     0.0200638339907990     0.0200638339907990  -3.46944695195361e-18  -1.72920437516810e-16
       1.22173047639603     0.0149397596487056     0.0149397596487056  -1.73472347597681e-18  -1.16114550485898e-16
       1.39626340159546    0.00796607187989767    0.00796607187989767       0.00000000000000       0.00000000000000
       1.57079632679490   2.85445387683104e-18   2.85445387683104e-18       0.00000000000000       0.00000000000000
       1.74532925199433   -0.00796607187989767   -0.00796607187989767  -3.46944695195361e-18   4.35527949566805e-16
       1.91986217719376    -0.0149397596487056    -0.0149397596487056   5.20417042793042e-18  -3.48343651457694e-16
       2.09439510239320    -0.0200638339907990    -0.0200638339907990   3.46944695195361e-18  -1.72920437516810e-16
       2.26892802759263    -0.0227271183427601    -0.0227271183427601  -6.93889390390723e-18   3.05313405741018e-16
       2.44346095279206    -0.0226342939316178    -0.0226342939316178       0.00000000000000      -0.00000000000000
       2.61799387799149    -0.0198287584542944    -0.0198287584542944       0.00000000000000      -0.00000000000000
       2.79252680319093    -0.0146723790658199    -0.0146723790658199  -3.46944695195361e-18   2.36461103982507e-16
       2.96705972839036   -0.00779151567241639   -0.00779151567241639  -1.73472347597681e-18   2.22642621655514e-16
       3.14159265358979  -5.57587028883476e-18  -5.57587028883476e-18  -7.70371977754894e-34   1.38161746570307e-16
max(abs(diff)) = 6.93889390390723e-18
max(abs(frac)) = 4.35527949566805e-16

  k =       0.400000000000000
                    phi                     f1                     f2                  delta                   frac
       0.00000000000000       0.00000000000000       0.00000000000000       0.00000000000000                      -
      0.174532925199433     0.0139961235873925     0.0139961235873925  -1.73472347597681e-18  -1.23943137908515e-16
      0.349065850398866     0.0263984812246394     0.0263984812246394  -3.46944695195361e-18  -1.31426006005049e-16
      0.523598775598299     0.0357649449865188     0.0357649449865188  -6.93889390390723e-18  -1.94013828527425e-16
      0.698131700797732     0.0409540751825676     0.0409540751825676  -2.08166817117217e-17  -5.08293292399445e-16
      0.872664625997165     0.0412648296074963     0.0412648296074963   1.38777878078145e-17   3.36310314129914e-16
       1.04719755119660     0.0365522124851204     0.0365522124851204  -1.38777878078145e-17  -3.79670254255164e-16
       1.22173047639603     0.0272944441186713     0.0272944441186713       0.00000000000000       0.00000000000000
       1.39626340159546     0.0145813334528970     0.0145813334528970  -3.46944695195361e-18  -2.37937563334738e-16
       1.57079632679490   5.22835746502012e-18   5.22835746502012e-18       0.00000000000000       0.00000000000000
       1.74532925199433    -0.0145813334528970    -0.0145813334528970   3.46944695195361e-18  -2.37937563334738e-16
       1.91986217719376    -0.0272944441186713    -0.0272944441186713  -3.46944695195361e-18   1.27111837737713e-16
       2.09439510239320    -0.0365522124851204    -0.0365522124851204   1.38777878078145e-17  -3.79670254255164e-16
       2.26892802759263    -0.0412648296074963    -0.0412648296074963  -1.38777878078145e-17   3.36310314129914e-16
       2.44346095279206    -0.0409540751825676    -0.0409540751825676   6.93889390390723e-18  -1.69431097466482e-16
       2.61799387799149    -0.0357649449865188    -0.0357649449865188   6.93889390390723e-18  -1.94013828527425e-16
       2.79252680319093    -0.0263984812246394    -0.0263984812246394   6.93889390390723e-18  -2.62852012010097e-16
       2.96705972839036    -0.0139961235873925    -0.0139961235873925       0.00000000000000      -0.00000000000000
       3.14159265358979  -1.00106112488608e-17  -1.00106112488608e-17       0.00000000000000      -0.00000000000000
max(abs(diff)) = 2.08166817117217e-17
max(abs(frac)) = 5.08293292399445e-16

  k =       0.500000000000000
                    phi                     f1                     f2                  delta                   frac
       0.00000000000000       0.00000000000000       0.00000000000000       0.00000000000000                      -
      0.174532925199433     0.0221875527547664     0.0221875527547664   6.93889390390723e-18   3.12738136585009e-16
      0.349065850398866     0.0419375212565192     0.0419375212565192   1.38777878078145e-17   3.30915785959981e-16
      0.523598775598299     0.0570091250022182     0.0570091250022182       0.00000000000000       0.00000000000000
      0.698131700797732     0.0655642998035466     0.0655642998035465   1.38777878078145e-17   2.11666834685906e-16
      0.872664625997165     0.0663853446133912     0.0663853446133912       0.00000000000000       0.00000000000000
       1.04719755119660     0.0590910159575062     0.0590910159575062       0.00000000000000       0.00000000000000
       1.22173047639603     0.0443101001884999     0.0443101001884999  -6.93889390390723e-18  -1.56598470199536e-16
       1.39626340159546     0.0237391141684923     0.0237391141684923   3.46944695195361e-18   1.46148964419171e-16
       1.57079632679490   8.52064754172611e-18   8.52064754172611e-18  -1.54074395550979e-33  -1.80824749288675e-16
       1.74532925199433    -0.0237391141684922    -0.0237391141684922  -3.46944695195361e-18   1.46148964419171e-16
       1.91986217719376    -0.0443101001884999    -0.0443101001884998  -6.93889390390723e-18   1.56598470199536e-16
       2.09439510239320    -0.0590910159575062    -0.0590910159575062       0.00000000000000      -0.00000000000000
       2.26892802759263    -0.0663853446133912    -0.0663853446133912       0.00000000000000      -0.00000000000000
       2.44346095279206    -0.0655642998035466    -0.0655642998035466  -2.77555756156289e-17   4.23333669371812e-16
       2.61799387799149    -0.0570091250022182    -0.0570091250022182       0.00000000000000      -0.00000000000000
       2.79252680319093    -0.0419375212565192    -0.0419375212565192  -1.38777878078145e-17   3.30915785959981e-16
       2.96705972839036    -0.0221875527547664    -0.0221875527547664  -1.04083408558608e-17   4.69107204877513e-16
       3.14159265358979  -1.58579755230273e-17  -1.58579755230273e-17  -6.16297582203915e-33   3.88635725480211e-16
max(abs(diff)) = 2.77555756156289e-17
max(abs(frac)) = 4.69107204877513e-16

  k =       0.600000000000000
                    phi                     f1                     f2                  delta                   frac
       0.00000000000000       0.00000000000000       0.00000000000000       0.00000000000000                      -
      0.174532925199433     0.0325883139713268     0.0325883139713268       0.00000000000000       0.00000000000000
      0.349065850398866     0.0617646077265734     0.0617646077265734   6.93889390390723e-18   1.12344175075556e-16
      0.523598775598299     0.0843323221122526     0.0843323221122526  -2.77555756156289e-17  -3.29121443836020e-16
      0.698131700797732     0.0975536882052070     0.0975536882052070       0.00000000000000       0.00000000000000
      0.872664625997165     0.0994459770979369     0.0994459770979369   4.16333634234434e-17   4.18653068111964e-16
       1.04719755119660     0.0891398573372345     0.0891398573372345       0.00000000000000       0.00000000000000
       1.22173047639603     0.0672599744799957     0.0672599744799957       0.00000000000000       0.00000000000000
       1.39626340159546     0.0361917545186031     0.0361917545186031  -6.93889390390723e-18  -1.91725822530669e-16
       1.57079632679490   1.30106837121293e-17   1.30106837121293e-17   4.62223186652937e-33   3.55264332666872e-16
       1.74532925199433    -0.0361917545186031    -0.0361917545186031  -6.93889390390723e-18   1.91725822530669e-16
       1.91986217719376    -0.0672599744799957    -0.0672599744799957  -1.38777878078145e-17   2.06330554168467e-16
       2.09439510239320    -0.0891398573372345    -0.0891398573372345       0.00000000000000      -0.00000000000000
       2.26892802759263    -0.0994459770979369    -0.0994459770979369  -4.16333634234434e-17   4.18653068111964e-16
       2.44346095279206    -0.0975536882052070    -0.0975536882052070   1.38777878078145e-17  -1.42257951115309e-16
       2.61799387799149    -0.0843323221122526    -0.0843323221122526   2.77555756156289e-17  -3.29121443836020e-16
       2.79252680319093    -0.0617646077265734    -0.0617646077265734       0.00000000000000      -0.00000000000000
       2.96705972839036    -0.0325883139713268    -0.0325883139713268  -6.93889390390723e-18   2.12925833168678e-16
       3.14159265358979  -2.32701908298978e-17  -2.32701908298978e-17  -3.08148791101958e-33   1.32422116068788e-16
max(abs(diff)) = 4.16333634234434e-17
max(abs(frac)) = 4.18653068111964e-16

  k =       0.700000000000000
                    phi                     f1                     f2                  delta                   frac
       0.00000000000000       0.00000000000000       0.00000000000000       0.00000000000000                      -
      0.174532925199433     0.0455869806008847     0.0455869806008847       0.00000000000000       0.00000000000000
      0.349065850398866     0.0867005822104211     0.0867005822104211       0.00000000000000       0.00000000000000
      0.523598775598299      0.119057920483500      0.119057920483500   2.77555756156289e-17   2.33126662240632e-16
      0.698131700797732      0.138802082394150      0.138802082394150       0.00000000000000       0.00000000000000
      0.872664625997165      0.142840895233272      0.142840895233272       0.00000000000000       0.00000000000000
       1.04719755119660      0.129360945482136      0.129360945482136       0.00000000000000       0.00000000000000
       1.22173047639603     0.0985541598723937     0.0985541598723937       0.00000000000000       0.00000000000000
       1.39626340159546     0.0534057176759645     0.0534057176759645       0.00000000000000       0.00000000000000
       1.57079632679490   1.92491232780550e-17   1.92491232780550e-17       0.00000000000000       0.00000000000000
       1.74532925199433    -0.0534057176759644    -0.0534057176759644  -6.93889390390723e-18   1.29927921688245e-16
       1.91986217719376    -0.0985541598723937    -0.0985541598723937  -1.38777878078145e-17   1.40813820804552e-16
       2.09439510239320     -0.129360945482136     -0.129360945482136       0.00000000000000      -0.00000000000000
       2.26892802759263     -0.142840895233272     -0.142840895233272       0.00000000000000      -0.00000000000000
       2.44346095279206     -0.138802082394150     -0.138802082394150       0.00000000000000      -0.00000000000000
       2.61799387799149     -0.119057920483500     -0.119057920483500  -2.77555756156289e-17   2.33126662240632e-16
       2.79252680319093    -0.0867005822104212    -0.0867005822104212  -2.77555756156289e-17   3.20131363688729e-16
       2.96705972839036    -0.0455869806008847    -0.0455869806008847       0.00000000000000      -0.00000000000000
       3.14159265358979  -3.25144459177347e-17  -3.25144459177347e-17  -6.16297582203915e-33   1.89545774134740e-16
max(abs(diff)) = 2.77555756156289e-17
max(abs(frac)) = 3.20131363688729e-16

  k =       0.800000000000000
                    phi                     f1                     f2                  delta                   frac
       0.00000000000000       0.00000000000000       0.00000000000000       0.00000000000000                      -
      0.174532925199433     0.0619591365095588     0.0619591365095588   6.93889390390723e-18   1.11991455898304e-16
      0.349065850398866      0.118364525968513      0.118364525968513   5.55111512312578e-17   4.68984696023072e-16
      0.523598775598299      0.163771696700236      0.163771696700236  -2.77555756156289e-17  -1.69477242862251e-16
      0.698131700797732      0.192994888730513      0.192994888730513   1.11022302462516e-16   5.75260325249032e-16
      0.872664625997165      0.201375211334016      0.201375211334016   1.11022302462516e-16   5.51320600619336e-16
       1.04719755119660      0.185337734444710      0.185337734444710   8.32667268468867e-17   4.49270231431079e-16
       1.22173047639603      0.143535715053611      0.143535715053611   2.77555756156289e-17   1.93370518308020e-16
       1.39626340159546     0.0787926774001954     0.0787926774001954   2.77555756156289e-17   3.52260851280072e-16
       1.57079632679490   2.85421617271156e-17   2.85421617271156e-17   1.84889274661175e-32   6.47776003895060e-16
       1.74532925199433    -0.0787926774001953    -0.0787926774001953  -2.77555756156289e-17   3.52260851280072e-16
       1.91986217719376     -0.143535715053611     -0.143535715053611  -5.55111512312578e-17   3.86741036616040e-16
       2.09439510239320     -0.185337734444710     -0.185337734444710  -2.77555756156289e-17   1.49756743810360e-16
       2.26892802759263     -0.201375211334016     -0.201375211334016  -1.11022302462516e-16   5.51320600619336e-16
       2.44346095279206     -0.192994888730513     -0.192994888730513  -1.11022302462516e-16   5.75260325249032e-16
       2.61799387799149     -0.163771696700236     -0.163771696700236   2.77555756156289e-17  -1.69477242862251e-16
       2.79252680319093     -0.118364525968513     -0.118364525968513  -6.93889390390723e-17   5.86230870028839e-16
       2.96705972839036    -0.0619591365095588    -0.0619591365095587  -2.77555756156289e-17   4.47965823593215e-16
       3.14159265358979  -4.41268010728919e-17  -4.41268010728919e-17  -1.84889274661175e-32   4.18995418126415e-16
max(abs(diff)) = 1.11022302462516e-16
max(abs(frac)) = 6.47776003895060e-16

  k =       0.900000000000000
                    phi                     f1                     f2                  delta                   frac
       0.00000000000000       0.00000000000000       0.00000000000000       0.00000000000000                      -
      0.174532925199433     0.0837750329909951     0.0837750329909951  -1.38777878078145e-17  -1.65655414415726e-16
      0.349065850398866      0.161026549442817      0.161026549442817       0.00000000000000       0.00000000000000
      0.523598775598299      0.225207713391108      0.225207713391108       0.00000000000000       0.00000000000000
      0.698131700797732      0.269707097063996      0.269707097063996  -1.11022302462516e-16  -4.11640270764445e-16
      0.872664625997165      0.287800755501457      0.287800755501457       0.00000000000000       0.00000000000000
       1.04719755119660      0.272738817271478      0.272738817271478   5.55111512312578e-17   2.03532272327790e-16
       1.22173047639603      0.218595915739361      0.218595915739361  -5.55111512312578e-17  -2.53944137261217e-16
       1.39626340159546      0.123849338746854      0.123849338746854  -1.38777878078145e-17  -1.12053790098795e-16
       1.57079632679490   4.54833061176644e-17   4.54833061176644e-17  -6.16297582203915e-33  -1.35499732717223e-16
       1.74532925199433     -0.123849338746853     -0.123849338746853   5.55111512312578e-17  -4.48215160395179e-16
       1.91986217719376     -0.218595915739361     -0.218595915739361   2.77555756156289e-17  -1.26972068630609e-16
       2.09439510239320     -0.272738817271477     -0.272738817271477       0.00000000000000      -0.00000000000000
       2.26892802759263     -0.287800755501457     -0.287800755501457       0.00000000000000      -0.00000000000000
       2.44346095279206     -0.269707097063996     -0.269707097063996   5.55111512312578e-17  -2.05820135382222e-16
       2.61799387799149     -0.225207713391108     -0.225207713391108       0.00000000000000      -0.00000000000000
       2.79252680319093     -0.161026549442817     -0.161026549442817   5.55111512312578e-17  -3.44732911580960e-16
       2.96705972839036    -0.0837750329909951    -0.0837750329909951       0.00000000000000      -0.00000000000000
       3.14159265358979  -5.95449637339307e-17  -5.95449637339307e-17  -1.23259516440783e-32   2.07002420879040e-16
max(abs(diff)) = 1.11022302462516e-16
max(abs(frac)) = 4.48215160395179e-16

