  c =        1.00000000000000
                      x                     f1                     f2                  delta                   frac
      -10.0000000000000      0.228843818614892      0.228843818614894  -1.49880108324396e-15  -6.54944971778414e-15
      -9.00000000000000      0.150645257250997      0.150645257250997   1.38777878078145e-16   9.21223014986263e-16
      -8.00000000000000     0.0458296648598142     0.0458296648598140   2.35922392732846e-16   5.14780968733891e-15
      -7.00000000000000    -0.0787424571162274    -0.0787424571162269  -4.99600361081320e-16   6.34473928523581e-15
      -6.00000000000000     -0.210059402207370     -0.210059402207371   3.05311331771918e-16  -1.45345234997153e-15
      -5.00000000000000     -0.326875281823534     -0.326875281823534  -1.66533453693773e-16   5.09470929599620e-16
      -4.00000000000000     -0.397149809863847     -0.397149809863847   1.11022302462516e-16  -2.79547666157959e-16
      -3.00000000000000     -0.374925956243310     -0.374925956243310  -2.22044604925031e-16   5.92235883452504e-16
      -2.00000000000000     -0.196548095270468     -0.196548095270468   4.16333634234434e-16  -2.11822777352037e-15
      -1.00000000000000      0.223890779141236      0.223890779141236       0.00000000000000       0.00000000000000
       0.00000000000000       1.00000000000000       1.00000000000000       0.00000000000000       0.00000000000000
       1.00000000000000       2.27958530233607       2.27958530233607       0.00000000000000       0.00000000000000
       2.00000000000000       4.25235087950262       4.25235087950263  -8.88178419700125e-16  -2.08867622843957e-16
       3.00000000000000       7.15899653680438       7.15899653680438   2.66453525910038e-15   3.72193958385370e-16
       4.00000000000000       11.3019219521363       11.3019219521363   5.32907051820075e-15   4.71518962948902e-16
       5.00000000000000       17.0577778533691       17.0577778533691   7.10542735760100e-15   4.16550585819572e-16
       6.00000000000000       24.8921349314066       24.8921349314066  -3.55271367880050e-15  -1.42724346006899e-16
       7.00000000000000       35.3765758572569       35.3765758572569   7.10542735760100e-15   2.00851189958891e-16
       8.00000000000000       49.2085542230755       49.2085542230755  -3.55271367880050e-14  -7.21970749779621e-16
       9.00000000000000       67.2344069764780       67.2344069764780  -1.42108547152020e-14  -2.11362832726013e-16
       10.0000000000000       90.4759543963276       90.4759543963276       0.00000000000000       0.00000000000000
max(abs(diff)) = 3.55271367880050e-14
max(abs(frac)) = 6.54944971778414e-15

  c =        2.00000000000000
                      x                     f1                     f2                  delta                   frac
      -10.0000000000000    -0.0637932314194101    -0.0637932314194101       0.00000000000000      -0.00000000000000
      -9.00000000000000    -0.0922279527091886    -0.0922279527091885  -1.11022302462516e-16   1.20378149141605e-15
      -8.00000000000000     -0.116287655911982     -0.116287655911982  -1.24900090270330e-16   1.07406146672065e-15
      -7.00000000000000     -0.130722511307151     -0.130722511307151   1.38777878078145e-16  -1.06162187897436e-15
      -6.00000000000000     -0.128412866134550     -0.128412866134550  -5.55111512312578e-17   4.32286521609865e-16
      -5.00000000000000    -0.0999306533021131    -0.0999306533021132   9.71445146547012e-17  -9.72119279166635e-16
      -4.00000000000000    -0.0330216640117746    -0.0330216640117746   4.16333634234434e-17  -1.26078938386019e-15
      -3.00000000000000     0.0880030646125331     0.0880030646125332  -9.71445146547012e-17  -1.10387649660176e-15
      -2.00000000000000      0.282979986880542      0.282979986880542   5.55111512312578e-17   1.96166350289257e-16
      -1.00000000000000      0.576724807756874      0.576724807756874       0.00000000000000       0.00000000000000
       0.00000000000000       1.00000000000000       1.00000000000000       0.00000000000000       0.00000000000000
       1.00000000000000       1.59063685463733       1.59063685463733  -2.22044604925031e-16  -1.39594781975335e-16
       2.00000000000000       2.39483309927340       2.39483309927341  -8.88178419700125e-16  -3.70872784399714e-16
       3.00000000000000       3.46864961876053       3.46864961876053   8.88178419700125e-16   2.56058846329224e-16
       4.00000000000000       4.87973257685223       4.87973257685222   8.88178419700125e-16   1.82013748850365e-16
       5.00000000000000       6.70929029072887       6.70929029072887   8.88178419700125e-16   1.32380383201997e-16
       6.00000000000000       9.05435758002593       9.05435758002593   1.77635683940025e-15   1.96188059031259e-16
       7.00000000000000       12.0303840278494       12.0303840278494   1.77635683940025e-15   1.47655871607102e-16
       8.00000000000000       15.7741866854057       15.7741866854057  -1.59872115546023e-14  -1.01350464993505e-15
       9.00000000000000       20.4473122592134       20.4473122592134   7.10542735760100e-15   3.47499332309524e-16
       10.0000000000000       26.2398587782490       26.2398587782490  -3.55271367880050e-15  -1.35393780462929e-16
max(abs(diff)) = 1.59872115546023e-14
max(abs(frac)) = 1.26078938386019e-15

  c =        3.00000000000000
                      x                     f1                     f2                  delta                   frac
      -10.0000000000000    -0.0585274100068606    -0.0585274100068608   2.22044604925031e-16  -3.79385667158349e-15
      -9.00000000000000    -0.0539718244355967    -0.0539718244355968   5.55111512312578e-17  -1.02852093313054e-15
      -8.00000000000000    -0.0405293301929488    -0.0405293301929490   2.84494650060196e-16  -7.01947574030450e-15
      -7.00000000000000    -0.0148514440545498    -0.0148514440545499   1.05818132034585e-16  -7.12510727212190e-15
      -6.00000000000000     0.0272155120242734     0.0272155120242735  -7.97972798949331e-17  -2.93205139127134e-15
      -5.00000000000000     0.0907778514085684     0.0907778514085683   1.52655665885959e-16   1.68163999827330e-15
      -4.00000000000000      0.182064072926036      0.182064072926037  -1.94289029309402e-16  -1.06714645117454e-15
      -3.00000000000000      0.308619347237229      0.308619347237229  -2.77555756156289e-16  -8.99346585497564e-16
      -2.00000000000000      0.479528082151011      0.479528082151011  -7.21644966006352e-16  -1.50490657975500e-15
      -1.00000000000000      0.705668057231275      0.705668057231276  -6.66133814775094e-16  -9.43976148486447e-16
       0.00000000000000       1.00000000000000       1.00000000000000       0.00000000000000       0.00000000000000
       1.00000000000000       1.37789689539748       1.37789689539748  -1.55431223447522e-15  -1.12803232206053e-15
       2.00000000000000       1.85751778022922       1.85751778022922  -3.33066907387547e-15  -1.79307520462305e-15
       3.00000000000000       2.46023127869590       2.46023127869590  -1.77635683940025e-15  -7.22028394152376e-16
       4.00000000000000       3.21109468764205       3.21109468764206  -3.10862446895044e-15  -9.68088696018222e-16
       5.00000000000000       4.13939502505608       4.13939502505608  -5.32907051820075e-15  -1.28740322823588e-15
       6.00000000000000       5.27925911712690       5.27925911712690  -4.44089209850063e-15  -8.41196084521319e-16
       7.00000000000000       6.67034052268786       6.67034052268787  -8.88178419700125e-15  -1.33153385000235e-15
       8.00000000000000       8.35859188441745       8.35859188441747  -1.59872115546023e-14  -1.91266803974560e-15
       9.00000000000000       10.3971321593921       10.3971321593921  -1.77635683940025e-15  -1.70850654985240e-16
       10.0000000000000       12.8472191236157       12.8472191236157  -7.10542735760100e-15  -5.53071235824088e-16
max(abs(diff)) = 1.59872115546023e-14
max(abs(frac)) = 7.12510727212190e-15

  c =        4.00000000000000
                      x                     f1                     f2                  delta                   frac
      -10.0000000000000    0.00315949284752967    0.00315949284752960   6.54858112181245e-17   2.07266844327018e-14
      -9.00000000000000     0.0255040855157279     0.0255040855157279   5.89805981832114e-17   2.31259411935548e-15
      -8.00000000000000     0.0568187442892749     0.0568187442892750  -6.93889390390723e-17  -1.22123323749994e-15
      -7.00000000000000     0.0993180576450869     0.0993180576450873  -3.88578058618805e-16  -3.91246131702844e-15
      -6.00000000000000      0.155628378158824      0.155628378158824  -3.33066907387547e-16  -2.14014250696387e-15
      -5.00000000000000      0.228850205652818      0.228850205652818  -4.44089209850063e-16  -1.94052353408752e-15
      -4.00000000000000      0.322628605406716      0.322628605406717  -8.32667268468867e-16  -2.58088481465919e-15
      -3.00000000000000      0.441232565249391      0.441232565249392  -8.32667268468867e-16  -1.88713919607958e-15
      -2.00000000000000      0.589644285811405      0.589644285811406  -1.44328993201270e-15  -2.44772987162353e-15
      -1.00000000000000      0.773659496846412      0.773659496846414  -1.66533453693773e-15  -2.15254196933659e-15
       0.00000000000000       1.00000000000000       1.00000000000000       0.00000000000000       0.00000000000000
       1.00000000000000       1.27643975543912       1.27643975543912  -3.10862446895044e-15  -2.43538675108173e-15
       2.00000000000000       1.61194595713256       1.61194595713256  -4.44089209850063e-15  -2.75498820469167e-15
       3.00000000000000       2.01683668012926       2.01683668012927  -3.10862446895044e-15  -1.54133673766346e-15
       4.00000000000000       2.50295683381526       2.50295683381526  -5.32907051820075e-15  -2.12911003745823e-15
       5.00000000000000       3.08387431880735       3.08387431880736  -7.54951656745106e-15  -2.44806233555287e-15
       6.00000000000000       3.77509846289903       3.77509846289904  -6.66133814775094e-15  -1.76454686234474e-15
       7.00000000000000       4.59432300442413       4.59432300442414  -1.24344978758018e-14  -2.70649187352040e-15
       8.00000000000000       5.56169610074120       5.56169610074121  -1.77635683940025e-14  -3.19391208585365e-15
       9.00000000000000       6.70012006654752       6.70012006654754  -1.33226762955019e-14  -1.98842351527692e-15
       10.0000000000000       8.03558379277999       8.03558379278001  -2.13162820728030e-14  -2.65273595827048e-15
max(abs(diff)) = 2.13162820728030e-14
max(abs(frac)) = 2.07266844327018e-14

  c =        5.00000000000000
                      x                     f1                     f2                  delta                   frac
      -10.0000000000000     0.0740242834252687     0.0740242834252683   3.46944695195361e-16   4.68690379888137e-15
      -9.00000000000000      0.105967879935099      0.105967879935099   8.32667268468867e-17   7.85773263538762e-16
      -8.00000000000000      0.146022111723336      0.146022111723336  -2.22044604925031e-16  -1.52062315977003e-15
      -7.00000000000000      0.195719145770806      0.195719145770806   1.38777878078145e-16   7.09066440749022e-16
      -6.00000000000000      0.256825732269100      0.256825732269100   2.22044604925031e-16   8.64573043219730e-16
      -5.00000000000000      0.331373650186199      0.331373650186199   1.11022302462516e-16   3.35036604148013e-16
      -4.00000000000000      0.421693597442040      0.421693597442040   1.11022302462516e-16   2.63277183092103e-16
      -3.00000000000000      0.530452872048650      0.530452872048649   4.44089209850063e-16   8.37188812146414e-16
      -2.00000000000000      0.660697221962363      0.660697221962363       0.00000000000000       0.00000000000000
      -1.00000000000000      0.815897275381642      0.815897275381642   2.22044604925031e-16   2.72147746566709e-16
       0.00000000000000       1.00000000000000       1.00000000000000       0.00000000000000       0.00000000000000
       1.00000000000000       1.21748567950033       1.21748567950033   2.22044604925031e-16   1.82379644100752e-16
       2.00000000000000       1.47343093857997       1.47343093857997  -4.44089209850063e-16  -3.01398048746048e-16
       3.00000000000000       1.77357839426655       1.77357839426655   2.22044604925031e-15   1.25195821984997e-15
       4.00000000000000       2.12441356148038       2.12441356148038   8.88178419700125e-16   4.18081693604518e-16
       5.00000000000000       2.53324969499694       2.53324969499694  -8.88178419700125e-16  -3.50608319998712e-16
       6.00000000000000       3.00832130845572       3.00832130845572   2.66453525910038e-15   8.85721632064688e-16
       7.00000000000000       3.55888717416640       3.55888717416640  -4.44089209850063e-16  -1.24783166230630e-16
       8.00000000000000       4.19534367551438       4.19534367551438  -2.66453525910038e-15  -6.35117278866000e-16
       9.00000000000000       4.92934945712614       4.92934945712613   3.55271367880050e-15   7.20726682029919e-16
       10.0000000000000       5.77396239700286       5.77396239700286       0.00000000000000       0.00000000000000
max(abs(diff)) = 3.55271367880050e-15
max(abs(frac)) = 4.68690379888137e-15

  c =        6.00000000000000
                      x                     f1                     f2                  delta                   frac
      -10.0000000000000      0.141729581155478      0.141729581155478  -2.77555756156289e-16  -1.95834739574803e-15
      -9.00000000000000      0.178808432043048      0.178808432043048  -5.27355936696949e-16  -2.94927890520279e-15
      -8.00000000000000      0.223008418585152      0.223008418585153  -4.99600361081320e-16  -2.24027578981533e-15
      -7.00000000000000      0.275431680359198      0.275431680359198  -7.77156117237610e-16  -2.82159305793763e-15
      -6.00000000000000      0.337324513700921      0.337324513700922  -8.88178419700125e-16  -2.63300881977288e-15
      -5.00000000000000      0.410093778133524      0.410093778133525  -1.16573417585641e-15  -2.84260390675046e-15
      -4.00000000000000      0.495324960176619      0.495324960176620  -9.99200722162641e-16  -2.01726301417629e-15
      -3.00000000000000      0.594802045328391      0.594802045328392  -1.11022302462516e-15  -1.86654204259200e-15
      -2.00000000000000      0.710529361509588      0.710529361509589  -1.55431223447522e-15  -2.18754117517808e-15
      -1.00000000000000      0.844755570704602      0.844755570704604  -1.99840144432528e-15  -2.36565642610493e-15
       0.00000000000000       1.00000000000000       1.00000000000000       0.00000000000000       0.00000000000000
       1.00000000000000       1.17908151877580       1.17908151877581  -3.10862446895044e-15  -2.63647968308247e-15
       2.00000000000000       1.38515018552583       1.38515018552583  -3.77475828372553e-15  -2.72516173565146e-15
       3.00000000000000       1.62172190575142       1.62172190575142  -2.88657986402541e-15  -1.77994750751542e-15
       4.00000000000000       1.89271636167437       1.89271636167438  -4.66293670342566e-15  -2.46362149017438e-15
       5.00000000000000       2.20249849524166       2.20249849524166  -7.10542735760100e-15  -3.22607591921255e-15
       6.00000000000000       2.55592384814439       2.55592384814439  -6.21724893790088e-15  -2.43248598443753e-15
       7.00000000000000       2.95838808645066       2.95838808645067  -9.76996261670138e-15  -3.30246145238602e-15
       8.00000000000000       3.41588106306705       3.41588106306706  -1.15463194561016e-14  -3.38018778842797e-15
       9.00000000000000       3.93504579871420       3.93504579871421  -7.10542735760100e-15  -1.80567843960615e-15
       10.0000000000000       4.52324279155428       4.52324279155428  -7.99360577730113e-15  -1.76722898718297e-15
max(abs(diff)) = 1.15463194561016e-14
max(abs(frac)) = 3.38018778842797e-15

  c =        7.00000000000000
                      x                     f1                     f2                  delta                   frac
      -10.0000000000000      0.203115893190628      0.203115893190628  -5.55111512312578e-17  -2.73297920508661e-16
      -9.00000000000000      0.242801840359829      0.242801840359829  -2.77555756156289e-16  -1.14313695376013e-15
      -8.00000000000000      0.288698650731812      0.288698650731812  -6.10622663543836e-16  -2.11508665522332e-15
      -7.00000000000000      0.341625148235962      0.341625148235963  -4.44089209850063e-16  -1.29993126133480e-15
      -6.00000000000000      0.402493907159108      0.402493907159108  -2.22044604925031e-16  -5.51671965651038e-16
      -5.00000000000000      0.472320767683951      0.472320767683952  -9.99200722162641e-16  -2.11551299567510e-15
      -4.00000000000000      0.552235220509338      0.552235220509338  -5.55111512312578e-16  -1.00520845410872e-15
      -3.00000000000000      0.643491732797410      0.643491732797410  -6.66133814775094e-16  -1.03518628262597e-15
      -2.00000000000000      0.747482093208367      0.747482093208368  -1.44328993201270e-15  -1.93086890659516e-15
      -1.00000000000000      0.865748859688795      0.865748859688796  -8.88178419700125e-16  -1.02590769801232e-15
       0.00000000000000       1.00000000000000       1.00000000000000       0.00000000000000       0.00000000000000
       1.00000000000000       1.15212482173564       1.15212482173564  -1.33226762955019e-15  -1.15635702348914e-15
       2.00000000000000       1.32421129581214       1.32421129581214  -3.33066907387547e-15  -2.51520968323470e-15
       3.00000000000000       1.51856488515129       1.51856488515129  -8.88178419700125e-16  -5.84880124902689e-16
       4.00000000000000       1.73772899854507       1.73772899854507  -2.22044604925031e-15  -1.27778615141337e-15
       5.00000000000000       1.98450719853168       1.98450719853168  -3.77475828372553e-15  -1.90211367664398e-15
       6.00000000000000       2.26198730155667       2.26198730155667  -4.44089209850063e-16  -1.96327012775203e-16
       7.00000000000000       2.57356751878172       2.57356751878173  -4.44089209850063e-15  -1.72557823569472e-15
       8.00000000000000       2.92298479667749       2.92298479667750  -7.99360577730113e-15  -2.73474079864777e-15
       9.00000000000000       3.31434552803977       3.31434552803977  -3.10862446895044e-15  -9.37930110983027e-16
       10.0000000000000       3.75215881634574       3.75215881634574  -2.66453525910038e-15  -7.10133922768063e-16
max(abs(diff)) = 7.99360577730113e-15
max(abs(frac)) = 2.73474079864777e-15

  c =        8.00000000000000
                      x                     f1                     f2                  delta                   frac
      -10.0000000000000      0.257822510547630      0.257822510547631  -1.16573417585641e-15  -4.52146002837504e-15
      -9.00000000000000      0.298635905478309      0.298635905478311  -1.05471187339390e-15  -3.53176511613571e-15
      -8.00000000000000      0.344873718769963      0.344873718769964  -1.72084568816899e-15  -4.98978494014159e-15
      -7.00000000000000      0.397160807260590      0.397160807260591  -1.83186799063151e-15  -4.61240877030838e-15
      -6.00000000000000      0.456185754207302      0.456185754207304  -1.66533453693773e-15  -3.65056234566448e-15
      -5.00000000000000      0.522706712223587      0.522706712223589  -2.10942374678780e-15  -4.03557807362819e-15
      -4.00000000000000      0.597557733493552      0.597557733493554  -2.44249065417534e-15  -4.08745551646633e-15
      -3.00000000000000      0.681655624566265      0.681655624566267  -1.88737914186277e-15  -2.76881620842444e-15
      -2.00000000000000      0.776007365674358      0.776007365674362  -3.99680288865056e-15  -5.15047029892208e-15
      -1.00000000000000      0.881718137336102      0.881718137336105  -3.33066907387547e-15  -3.77747596747671e-15
       0.00000000000000       1.00000000000000       1.00000000000000       0.00000000000000       0.00000000000000
       1.00000000000000       1.13218127568677       1.13218127568677  -4.44089209850063e-15  -3.92242143009018e-15
       2.00000000000000       1.27971668398753       1.27971668398754  -6.66133814775094e-15  -5.20532257733370e-15
       3.00000000000000       1.44419828840181       1.44419828840181  -3.77475828372553e-15  -2.61373961874915e-15
       4.00000000000000       1.62736731285768       1.62736731285768  -6.21724893790088e-15  -3.82043370834535e-15
       5.00000000000000       1.83112689236385       1.83112689236386  -7.77156117237610e-15  -4.24414124700204e-15
       6.00000000000000       2.05755582611401       2.05755582611402  -7.10542735760100e-15  -3.45333393506051e-15
       7.00000000000000       2.30892340601363       2.30892340601364  -1.06581410364015e-14  -4.61606522271036e-15
       8.00000000000000       2.58770539854517       2.58770539854518  -1.37667655053519e-14  -5.32006677154659e-15
       9.00000000000000       2.89660126314738       2.89660126314739  -1.02140518265514e-14  -3.52621948919992e-15
       10.0000000000000       3.23855269587585       3.23855269587587  -1.42108547152020e-14  -4.38802639626609e-15
max(abs(diff)) = 1.42108547152020e-14
max(abs(frac)) = 5.32006677154659e-15

  c =        9.00000000000000
                      x                     f1                     f2                  delta                   frac
      -10.0000000000000      0.306357057199212      0.306357057199213  -6.10622663543836e-16  -1.99317315920935e-15
      -9.00000000000000      0.347411960737214      0.347411960737214  -5.55111512312578e-16  -1.59784801632800e-15
      -8.00000000000000      0.393225476267056      0.393225476267057  -1.27675647831893e-15  -3.24688138326985e-15
      -7.00000000000000      0.444285272197017      0.444285272197018  -1.27675647831893e-15  -2.87373126731230e-15
      -6.00000000000000      0.501123905783152      0.501123905783153  -1.22124532708767e-15  -2.43701270882122e-15
      -5.00000000000000      0.564322578843925      0.564322578843927  -1.77635683940025e-15  -3.14776850332535e-15
      -4.00000000000000      0.634515181778993      0.634515181778995  -1.55431223447522e-15  -2.44960606004317e-15
      -3.00000000000000      0.712392646351966      0.712392646351967  -9.99200722162641e-16  -1.40259831046736e-15
      -2.00000000000000      0.798707629047749      0.798707629047751  -2.10942374678780e-15  -2.64104619772160e-15
      -1.00000000000000      0.894279548249172      0.894279548249174  -1.99840144432528e-15  -2.23464961067014e-15
       0.00000000000000       1.00000000000000       1.00000000000000       0.00000000000000       0.00000000000000
       1.00000000000000       1.11683857873711       1.11683857873711  -2.66453525910038e-15  -2.38578368425754e-15
       2.00000000000000       1.24584913108904       1.24584913108904  -3.10862446895044e-15  -2.49518532491416e-15
       3.00000000000000       1.38817647265702       1.38817647265702  -1.77635683940025e-15  -1.27963329907201e-15
       4.00000000000000       1.54506359962353       1.54506359962354  -3.77475828372553e-15  -2.44310867503789e-15
       5.00000000000000       1.71785942907968       1.71785942907969  -5.99520433297585e-15  -3.48992719164901e-15
       6.00000000000000       1.90802710413145       1.90802710413146  -3.99680288865056e-15  -2.09473066708344e-15
       7.00000000000000       2.11715290214479       2.11715290214479  -6.66133814775094e-15  -3.14636611319033e-15
       8.00000000000000       2.34695578692627       2.34695578692628  -8.88178419700125e-15  -3.78438496646474e-15
       9.00000000000000       2.59929764821928       2.59929764821928  -4.44089209850063e-15  -1.70849694783627e-15
       10.0000000000000       2.87619427463138       2.87619427463138  -6.66133814775094e-15  -2.31602510529462e-15
max(abs(diff)) = 8.88178419700125e-15
max(abs(frac)) = 3.78438496646474e-15

  c =        10.0000000000000
                      x                     f1                     f2                  delta                   frac
      -10.0000000000000      0.349448735891394      0.349448735891396  -1.88737914186277e-15  -5.40101865599348e-15
      -9.00000000000000      0.390208442071234      0.390208442071236  -2.33146835171283e-15  -5.97493057643073e-15
      -8.00000000000000      0.435165817473838      0.435165817473842  -3.77475828372553e-15  -8.67429869753599e-15
      -7.00000000000000      0.484708782203256      0.484708782203259  -3.55271367880050e-15  -7.32958388468129e-15
      -6.00000000000000      0.539257818910193      0.539257818910197  -3.66373598126302e-15  -6.79403404602862e-15
      -5.00000000000000      0.599268479332871      0.599268479332876  -4.44089209850063e-15  -7.41052174718811e-15
      -4.00000000000000      0.665234069137949      0.665234069137953  -4.32986979603811e-15  -6.50879141179434e-15
      -3.00000000000000      0.737688522856811      0.737688522856816  -4.32986979603811e-15  -5.86950950418749e-15
      -2.00000000000000      0.817209481442071      0.817209481442077  -6.32827124036339e-15  -7.74375650805752e-15
      -1.00000000000000      0.904421585741086      0.904421585741092  -5.66213742558830e-15  -6.26050673143619e-15
       0.00000000000000       1.00000000000000       1.00000000000000       0.00000000000000       0.00000000000000
       1.00000000000000       1.10467418037556       1.10467418037557  -7.32747196252603e-15  -6.63315219337779e-15
       2.00000000000000       1.21923190434561       1.21923190434562  -9.99200722162641e-15  -8.19532952345871e-15
       3.00000000000000       1.34452357787491       1.34452357787492  -7.32747196252603e-15  -5.44986498050665e-15
       4.00000000000000       1.48146683821454       1.48146683821455  -9.54791801177635e-15  -6.44490836074562e-15
       5.00000000000000       1.63105147129201       1.63105147129203  -1.26565424807268e-14  -7.75974437563333e-15
       6.00000000000000       1.79434466379072       1.79434466379073  -1.13242748511766e-14  -6.31109233342771e-15
       7.00000000000000       1.97249661122236       1.97249661122238  -1.42108547152020e-14  -7.20450145990131e-15
       8.00000000000000       2.16674650457003       2.16674650457005  -1.90958360235527e-14  -8.81313803127231e-15
       9.00000000000000       2.37842891942483       2.37842891942485  -1.46549439250521e-14  -6.16160685121334e-15
       10.0000000000000       2.60898063296025       2.60898063296026  -1.46549439250521e-14  -5.61711487617443e-15
max(abs(diff)) = 1.90958360235527e-14
max(abs(frac)) = 8.81313803127231e-15

