                      n                     f1                     f2                  delta                   frac
                      0       0.00000000000000       0.00000000000000       0.00000000000000                      -
                      1       0.00000000000000       0.00000000000000       0.00000000000000                      -
                      2      0.693147180559945      0.693147180559945       0.00000000000000       0.00000000000000
                      3       1.09861228866811       1.09861228866811       0.00000000000000       0.00000000000000
                      4       2.07944154167984       2.07944154167984       0.00000000000000       0.00000000000000
                      5       2.70805020110221       2.70805020110221       0.00000000000000       0.00000000000000
                      6       3.87120101090789       3.87120101090789       0.00000000000000       0.00000000000000
                      7       4.65396035015752       4.65396035015752       0.00000000000000       0.00000000000000
                      8       5.95064255258773       5.95064255258773       0.00000000000000       0.00000000000000
                      9       6.85118492749374       6.85118492749374       0.00000000000000       0.00000000000000
                     10       8.25322764558177       8.25322764558177       0.00000000000000       0.00000000000000
                     11       9.24908020029211       9.24908020029211       0.00000000000000       0.00000000000000
                     12       10.7381342953698       10.7381342953698       0.00000000000000       0.00000000000000
                     13       11.8140295577536       11.8140295577536       0.00000000000000       0.00000000000000
                     14       13.3771916249850       13.3771916249850       0.00000000000000       0.00000000000000
                     15       14.5220797588559       14.5220797588559       0.00000000000000       0.00000000000000
                     16       16.1497803472248       16.1497803472248       0.00000000000000       0.00000000000000
                     17       17.3552931029121       17.3552931029121       0.00000000000000       0.00000000000000
                     18       19.0401521051210       19.0401521051210       0.00000000000000       0.00000000000000
                     19       20.2997320820785       20.2997320820785       0.00000000000000       0.00000000000000
                     20       22.0358843786750       22.0358843786750       0.00000000000000       0.00000000000000
                     21       23.3442545198019       23.3442545198019       0.00000000000000       0.00000000000000
                     22       25.1269268320333       25.1269268320333       0.00000000000000       0.00000000000000
                     23       26.4797487357311       26.4797487357311       0.00000000000000       0.00000000000000
                     24       28.3049806623812       28.3049806623812       0.00000000000000       0.00000000000000
                     25       29.6986245605993       29.6986245605993       0.00000000000000       0.00000000000000
                     26       31.5630772004027       31.5630772004027       0.00000000000000       0.00000000000000
                     27       32.9944614266036       32.9944614266036       0.00000000000000       0.00000000000000
                     28       34.8952817105779       34.8952817105779       0.00000000000000       0.00000000000000
                     29       36.3617572565901       36.3617572565901       0.00000000000000       0.00000000000000
                     30       38.2964790922401       38.2964790922401       0.00000000000000       0.00000000000000
                     31       39.7957444610752       39.7957444610752       0.00000000000000       0.00000000000000
                     32       41.7622149950398       41.7622149950398       0.00000000000000       0.00000000000000
                     33       43.2922520225417       43.2922520225417       0.00000000000000       0.00000000000000
                     34       45.2885755196560       45.2885755196560       0.00000000000000       0.00000000000000
                     35       46.8476000840311       46.8476000840311       0.00000000000000       0.00000000000000
                     36       48.8720944581121       48.8720944581121       0.00000000000000       0.00000000000000
                     37       50.4585179966754       50.4585179966754       0.00000000000000       0.00000000000000
                     38       52.5096806178385       52.5096806178385       0.00000000000000       0.00000000000000
                     39       54.1220796428050       54.1220796428050       0.00000000000000       0.00000000000000
                     40       56.1985600719524       56.1985600719524       0.00000000000000       0.00000000000000
                     41       57.8356517095093       57.8356517095093       0.00000000000000       0.00000000000000
                     42       59.9362296902358       59.9362296902358       0.00000000000000       0.00000000000000
                     43       61.5968518252029       61.5968518252029       0.00000000000000       0.00000000000000
                     44       63.7204193241540       63.7204193241540       0.00000000000000       0.00000000000000
                     45       65.4035143149732       65.4035143149732       0.00000000000000       0.00000000000000
                     46       67.5490607206431       67.5490607206431       0.00000000000000       0.00000000000000
                     47       69.2536619166833       69.2536619166833       0.00000000000000       0.00000000000000
                     48       71.4202617315510       71.4202617315510       0.00000000000000       0.00000000000000
                     49       73.1454822147939       73.1454822147939       0.00000000000000       0.00000000000000
                     50       75.3322847369791       75.3322847369791       0.00000000000000       0.00000000000000
                     51       77.0773078475182       77.0773078475182       0.00000000000000       0.00000000000000
                     52       79.2835284555606       79.2835284555606       0.00000000000000       0.00000000000000
                     53       81.0475997610703       81.0475997610703       0.00000000000000       0.00000000000000
                     54       83.2725125021249       83.2725125021249       0.00000000000000       0.00000000000000
                     55       85.0549329463028       85.0549329463028       0.00000000000000       0.00000000000000
                     56       87.2978641928600       87.2978641928600       0.00000000000000       0.00000000000000
                     57       89.0979842141373       89.0979842141373       0.00000000000000       0.00000000000000
                     58       91.3583072034064       91.3583072034064       0.00000000000000       0.00000000000000
                     59       93.1755216580431       93.1755216580431       0.00000000000000       0.00000000000000
                     60       95.4526517656285       95.4526517656285       0.00000000000000       0.00000000000000
                     61       97.2863955222164       97.2863955222164       0.00000000000000       0.00000000000000
                     62       99.5797861506736       99.5797861506736       0.00000000000000       0.00000000000000
                     63       101.429530248608       101.429530248608       0.00000000000000       0.00000000000000
                     64       103.738669234033       103.738669234033       0.00000000000000       0.00000000000000
                     65       105.603917518504       105.603917518504       0.00000000000000       0.00000000000000
                     66       107.928323976060       107.928323976060       0.00000000000000       0.00000000000000
                     67       109.808610137895       109.808610137895       0.00000000000000       0.00000000000000
                     68       112.147831681236       112.147831681236       0.00000000000000       0.00000000000000
                     69       114.042716642492       114.042716642492       0.00000000000000       0.00000000000000
                     70       116.396326923285       116.396326923285       0.00000000000000       0.00000000000000
                     71       118.305396519533       118.305396519533       0.00000000000000       0.00000000000000
                     72       120.672993042301       120.672993042301       0.00000000000000       0.00000000000000
                     73       122.595855960681       122.595855960681       0.00000000000000       0.00000000000000
                     74       124.977058135505       124.977058135505       0.00000000000000       0.00000000000000
                     75       126.913344074218       126.913344074218       0.00000000000000       0.00000000000000
                     76       129.307791475792       129.307791475792       0.00000000000000       0.00000000000000
                     77       131.257149496071       131.257149496071       0.00000000000000       0.00000000000000
                     78       133.664500302481       133.664500302481       0.00000000000000       0.00000000000000
                     79       135.626597348538       135.626597348538       0.00000000000000       0.00000000000000
                     80       138.046526937155       138.046526937155       0.00000000000000       0.00000000000000
                     81       140.021046503211       140.021046503211       0.00000000000000       0.00000000000000
                     82       142.453246184419       142.453246184419       0.00000000000000       0.00000000000000
                     83       144.439887111008       144.439887111008       0.00000000000000       0.00000000000000
                     84       146.884062983263       146.884062983263       0.00000000000000       0.00000000000000
                     85       148.882538367498       148.882538367498       0.00000000000000       0.00000000000000
                     86       151.338410279516       151.338410279516       0.00000000000000       0.00000000000000
                     87       153.348446486152       153.348446486152       0.00000000000000       0.00000000000000
                     88       155.815747093995       155.815747093995       0.00000000000000       0.00000000000000
                     89       157.837082855885       157.837082855885       0.00000000000000       0.00000000000000
                     90       160.315556764325       160.315556764325       0.00000000000000       0.00000000000000
                     91       162.347942362401       162.347942362401       0.00000000000000       0.00000000000000
                     92       164.837345341374       164.837345341374       0.00000000000000       0.00000000000000
                     93       166.880541855555       166.880541855555       0.00000000000000       0.00000000000000
                     94       169.380640123644       169.380640123644       0.00000000000000       0.00000000000000
                     95       171.434418747155       171.434418747155       0.00000000000000       0.00000000000000
                     96       173.944988315112       173.944988315112       0.00000000000000       0.00000000000000
                     97       176.009129725659       176.009129725659       0.00000000000000       0.00000000000000
                     98       178.529955793782       178.529955793782       0.00000000000000       0.00000000000000
                     99       180.604249575793       180.604249575793       0.00000000000000       0.00000000000000
                    100       183.135125979770       183.135125979770       0.00000000000000       0.00000000000000
                    101       185.219370092634       185.219370092634       0.00000000000000       0.00000000000000
                    102       187.760098793055       187.760098793055       0.00000000000000       0.00000000000000
                    103       189.854099080864       189.854099080864       0.00000000000000       0.00000000000000
                    104       192.404489692196       192.404489692196       0.00000000000000       0.00000000000000
                    105       194.508059431022       194.508059431022       0.00000000000000       0.00000000000000
                    106       197.067928786308       197.067928786308       0.00000000000000       0.00000000000000
                    107       199.180888265484       199.180888265484   2.84217094304040e-14   1.42692954519418e-16
                    108       201.750060013432       201.750060013432       0.00000000000000       0.00000000000000
                    109       203.872236147713       203.872236147713       0.00000000000000       0.00000000000000
                    110       206.450540379225       206.450540379225       0.00000000000000       0.00000000000000
                    111       208.581766349025       208.581766349025       0.00000000000000       0.00000000000000
                    112       211.169039250520       211.169039250520       0.00000000000000       0.00000000000000
                    113       213.309154167737       213.309154167737       0.00000000000000       0.00000000000000
                    114       215.905237698914       215.905237698914       0.00000000000000       0.00000000000000
                    115       218.054086296101       218.054086296101       0.00000000000000       0.00000000000000
                    116       220.658827890021       220.658827890021       0.00000000000000       0.00000000000000
                    117       222.816260230898       222.816260230898       0.00000000000000       0.00000000000000
                    118       225.429512514486       225.429512514486       0.00000000000000       0.00000000000000
                    119       227.595383724010       227.595383724010       0.00000000000000       0.00000000000000
                    120       230.217004257268       230.217004257268       0.00000000000000       0.00000000000000
                    121       232.391174269607       232.391174269607       0.00000000000000       0.00000000000000
                    122       235.021025302002       235.021025302002       0.00000000000000       0.00000000000000
                    123       237.203358624979       237.203358624979       0.00000000000000       0.00000000000000
                    124       239.841306867607       239.841306867607       0.00000000000000       0.00000000000000
                    125       242.031672362281       242.031672362281       0.00000000000000       0.00000000000000
                    126       244.677588774558       244.677588774558       0.00000000000000       0.00000000000000
                    127       246.875859448740       246.875859448740       0.00000000000000       0.00000000000000
                    128       249.529619038478       249.529619038478       0.00000000000000       0.00000000000000
                    129       251.735671853102       251.735671853102       0.00000000000000       0.00000000000000
                    130       254.397153488933       254.397153488933       0.00000000000000       0.00000000000000
                    131       256.610869176303       256.610869176303       0.00000000000000       0.00000000000000
                    132       259.279955411520       259.279955411520       0.00000000000000       0.00000000000000
                    133       261.501218304525       261.501218304525       0.00000000000000       0.00000000000000
                    134       264.177795211471       264.177795211471       0.00000000000000       0.00000000000000
                    135       266.406493082963       266.406493082963       0.00000000000000       0.00000000000000
                    136       269.090450097207       269.090450097207       0.00000000000000       0.00000000000000
                    137       271.326474008791       271.326474008791       0.00000000000000       0.00000000000000
                    138       274.017703782364       274.017703782364       0.00000000000000       0.00000000000000
                    139       276.260947941922       276.260947941922       0.00000000000000       0.00000000000000
                    140       278.959346204973       278.959346204973       0.00000000000000       0.00000000000000
                    141       281.209707832300       281.209707832300       0.00000000000000       0.00000000000000
                    142       283.915173262574       283.915173262574       0.00000000000000       0.00000000000000
                    143       286.172552462560       286.172552462560       0.00000000000000       0.00000000000000
                    144       288.884986562150       288.884986562150       0.00000000000000       0.00000000000000
                    145       291.149286204980       291.149286204980       0.00000000000000       0.00000000000000
                    146       293.868593183859       293.868593183859       0.00000000000000       0.00000000000000
                    147       296.139718791759       296.139718791759       0.00000000000000       0.00000000000000
                    148       298.865805457623       298.865805457623       0.00000000000000       0.00000000000000
                    149       301.143665097705       301.143665097705       0.00000000000000       0.00000000000000
                    150       303.876440751719       303.876440751719       0.00000000000000       0.00000000000000
                    151       306.160944934520       306.160944934520       0.00000000000000       0.00000000000000
                    152       308.900321272565       308.900321272565       0.00000000000000       0.00000000000000
                    153       311.191382855912       311.191382855912       0.00000000000000       0.00000000000000
                    154       313.937273874979       313.937273874979       0.00000000000000       0.00000000000000
                    155       316.234807972831       316.234807972831       0.00000000000000       0.00000000000000
                    156       318.987129882229       318.987129882229       0.00000000000000       0.00000000000000
                    157       321.291053778180       321.291053778180       0.00000000000000       0.00000000000000
                    158       324.049724915256       324.049724915256       0.00000000000000       0.00000000000000
                    159       326.359957980400       326.359957980400       0.00000000000000       0.00000000000000
                    160       329.124898730489       329.124898730489       0.00000000000000       0.00000000000000
                    161       331.441362345384       331.441362345384       0.00000000000000       0.00000000000000
                    162       334.212495065722       334.212495065722       0.00000000000000       0.00000000000000
                    163       336.535112546191       336.535112546191       0.00000000000000       0.00000000000000
                    164       339.312361493546       339.312361493546       0.00000000000000       0.00000000000000
                    165       341.641058020092       341.641058020092       0.00000000000000       0.00000000000000
                    166       344.424349281902       344.424349281902       0.00000000000000       0.00000000000000
                    167       346.759051832508       346.759051832508       0.00000000000000       0.00000000000000
                    168       349.548313261306       349.548313261306       0.00000000000000       0.00000000000000
                    169       351.888950547431       351.888950547431       0.00000000000000       0.00000000000000
                    170       354.684111698356       354.684111698356       0.00000000000000       0.00000000000000
                    171       357.030614103934       357.030614103934       0.00000000000000       0.00000000000000
                    172       359.831606175169       359.831606175169       0.00000000000000       0.00000000000000
                    173       362.183905698432       362.183905698432       0.00000000000000       0.00000000000000
                    174       364.990661474384       364.990661474384       0.00000000000000       0.00000000000000
                    175       367.348691672355       367.348691672355       0.00000000000000       0.00000000000000
                    176       370.161145469422       370.161145469422       0.00000000000000       0.00000000000000
                    177       372.524841404929       372.524841404929       0.00000000000000       0.00000000000000
                    178       375.342929019714       375.342929019714       0.00000000000000       0.00000000000000
                    179       377.712227210770       377.712227210770       0.00000000000000       0.00000000000000
                    180       380.535885870604       380.535885870604       0.00000000000000       0.00000000000000
                    181       382.910724242036       382.910724242036       0.00000000000000       0.00000000000000
                    182       385.739892557681       385.739892557681       0.00000000000000       0.00000000000000
                    183       388.120210394877       388.120210394877       0.00000000000000       0.00000000000000
                    184       390.954828315290       390.954828315290       0.00000000000000       0.00000000000000
                    185       393.340566219955       393.340566219955       0.00000000000000       0.00000000000000
                    186       396.180574989003       396.180574989003       0.00000000000000       0.00000000000000
                    187       398.571674836810       398.571674836810       0.00000000000000       0.00000000000000
                    188       401.417016951833       401.417016951833       0.00000000000000       0.00000000000000
                    189       403.813421851870       403.813421851870       0.00000000000000       0.00000000000000
                    190       406.664041023994       406.664041023994       0.00000000000000       0.00000000000000
                    191       409.065695279916       409.065695279916       0.00000000000000       0.00000000000000
                    192       411.921536396022       411.921536396022       0.00000000000000       0.00000000000000
                    193       414.328385468821       414.328385468821       0.00000000000000       0.00000000000000
                    194       417.189394555085       417.189394555085       0.00000000000000       0.00000000000000
                    195       419.601385027385       419.601385027385       0.00000000000000       0.00000000000000
                    196       422.467509214315       422.467509214315       0.00000000000000       0.00000000000000
                    197       424.884588756123       424.884588756123       0.00000000000000       0.00000000000000
                    198       427.755776245010       427.755776245010       0.00000000000000       0.00000000000000
                    199       430.177893580847       430.177893580847       0.00000000000000       0.00000000000000
                    200       433.054093611558       433.054093611558       0.00000000000000       0.00000000000000
                    201       435.481198488907       435.481198488907       0.00000000000000       0.00000000000000
                    202       438.362361308959       438.362361308959       0.00000000000000       0.00000000000000
                    203       440.794404467948       440.794404467948       0.00000000000000       0.00000000000000
                    204       443.680481302803       443.680481302803       0.00000000000000       0.00000000000000
                    205       446.117414447087       446.117414447087       0.00000000000000       0.00000000000000
                    206       449.008357471593       449.008357471593       0.00000000000000       0.00000000000000
                    207       451.450133240352       451.450133240352       0.00000000000000       0.00000000000000
                    208       454.345895551294       454.345895551294       0.00000000000000       0.00000000000000
                    209       456.792467492317       456.792467492317       0.00000000000000       0.00000000000000
                    210       459.693003082012       459.693003082012       0.00000000000000       0.00000000000000
                    211       462.144325625793       462.144325625793       0.00000000000000       0.00000000000000
                    212       465.049589356684       465.049589356684       0.00000000000000       0.00000000000000
                    213       467.505617791502       467.505617791502       0.00000000000000       0.00000000000000
                    214       470.415565371706       470.415565371706       0.00000000000000       0.00000000000000
                    215       472.876255819630       472.876255819630       0.00000000000000       0.00000000000000
                    216       475.790843779390       475.790843779390       0.00000000000000       0.00000000000000
                    217       478.256153173171       478.256153173171       0.00000000000000       0.00000000000000
                    218       481.175338842179       481.175338842179       0.00000000000000       0.00000000000000
                    219       483.645224902987       483.645224902987       0.00000000000000       0.00000000000000
                    220       486.568966388531       486.568966388531       0.00000000000000       0.00000000000000
                    221       489.043387604505       489.043387604505       0.00000000000000       0.00000000000000
                    222       491.971643770404       491.971643770404       0.00000000000000       0.00000000000000
                    223       494.450559375965       494.450559375965       0.00000000000000       0.00000000000000
                    224       497.383289822259       497.383289822259       0.00000000000000       0.00000000000000
                    225       499.866659778169       499.866659778169       0.00000000000000       0.00000000000000
                    226       502.803824821531       502.803824821531       0.00000000000000       0.00000000000000
                    227       505.291609795651       505.291609795651       0.00000000000000       0.00000000000000
                    228       508.233170450485       508.233170450485       0.00000000000000       0.00000000000000
                    229       510.725331799205       510.725331799205       0.00000000000000       0.00000000000000
                    230       513.671249759409       513.671249759409       0.00000000000000       0.00000000000000
                    231       516.167749509727       516.167749509727       0.00000000000000       0.00000000000000
                    232       519.117987131075       519.117987131075       0.00000000000000       0.00000000000000
                    233       521.618787963292       521.618787963292       0.00000000000000       0.00000000000000
                    234       524.573308246433       524.573308246433       0.00000000000000       0.00000000000000
                    235       527.078373477437       527.078373477437       0.00000000000000       0.00000000000000
                    236       530.037140051458       530.037140051458       0.00000000000000       0.00000000000000
                    237       532.546433618572       532.546433618572       0.00000000000000       0.00000000000000
                    238       535.509410725130       535.509410725130       0.00000000000000       0.00000000000000
                    239       538.022897170503       538.022897170503       0.00000000000000       0.00000000000000
                    240       540.990049648472       540.990049648472       0.00000000000000       0.00000000000000
                    241       543.507694103994       543.507694103994       0.00000000000000       0.00000000000000
                    242       546.478987374628       546.478987374628       0.00000000000000       0.00000000000000
                    243       549.000755547335       549.000755547335       0.00000000000000       0.00000000000000
                    244       551.976155599922       551.976155599922       0.00000000000000       0.00000000000000
                    245       554.502013757879       554.502013757879       0.00000000000000       0.00000000000000
                    246       557.481487135854       557.481487135854       0.00000000000000       0.00000000000000
                    247       560.011402094507       560.011402094507       0.00000000000000       0.00000000000000
                    248       562.994915882019       562.994915882019       0.00000000000000       0.00000000000000
                    249       565.528854990972       565.528854990972       0.00000000000000       0.00000000000000
                    250       568.516376799881       568.516376799881       0.00000000000000       0.00000000000000
                    251       571.054307930104       571.054307930104       0.00000000000000       0.00000000000000
                    252       574.045805887392       574.045805887392       0.00000000000000       0.00000000000000
                    253       576.587697418831       576.587697418831       0.00000000000000       0.00000000000000
                    254       579.583140154411       579.583140154411       0.00000000000000       0.00000000000000
                    255       582.128960963990       582.128960963990       0.00000000000000       0.00000000000000
                    256       585.128317598891       585.128317598891       0.00000000000000       0.00000000000000
                    257       587.678037048885       587.678037048885       0.00000000000000       0.00000000000000
                    258       590.681277183812       590.681277183812       0.00000000000000       0.00000000000000
                    259       593.234865110584       593.234865110584       0.00000000000000       0.00000000000000
                    260       596.241958814828       596.241958814828       0.00000000000000       0.00000000000000
                    261       598.799385517907       598.799385517907       0.00000000000000       0.00000000000000
                    262       601.810303318589       601.810303318589       0.00000000000000       0.00000000000000
                    263       604.371539550085       604.371539550085       0.00000000000000       0.00000000000000
                    264       607.386252421735       607.386252421735       0.00000000000000       0.00000000000000
                    265       609.951269376071       609.951269376071       0.00000000000000       0.00000000000000
                    266       612.969748730517       612.969748730517       0.00000000000000       0.00000000000000
                    267       615.538518034471       615.538518034471       0.00000000000000       0.00000000000000
                    268       618.560735711028       618.560735711028       0.00000000000000       0.00000000000000
                    269       621.133229414073       621.133229414073       0.00000000000000       0.00000000000000
                    270       624.159157670026       624.159157670026       0.00000000000000       0.00000000000000
                    271       626.735348234953       626.735348234953       0.00000000000000       0.00000000000000
                    272       629.764959736322       629.764959736322       0.00000000000000       0.00000000000000
                    273       632.344820030138       632.344820030138       0.00000000000000       0.00000000000000
                    274       635.378087842710       635.378087842710       0.00000000000000       0.00000000000000
                    275       637.961591127804       637.961591127804       0.00000000000000       0.00000000000000
                    276       640.998488708427       640.998488708427       0.00000000000000       0.00000000000000
                    277       643.585608633992       643.585608633992       0.00000000000000       0.00000000000000
                    278       646.626109822118       646.626109822118       0.00000000000000       0.00000000000000
                    279       649.216820415813       649.216820415813       0.00000000000000       0.00000000000000
                    280       652.260899425287       652.260899425287       0.00000000000000       0.00000000000000
                    281       654.855175085147       654.855175085147       0.00000000000000       0.00000000000000
                    282       657.902806496225       657.902806496225       0.00000000000000       0.00000000000000
                    283       660.500621982790       660.500621982790       0.00000000000000       0.00000000000000
                    284       663.551780734387       663.551780734387       0.00000000000000       0.00000000000000
                    285       666.153111163059       666.153111163059       0.00000000000000       0.00000000000000
                    286       669.207772545206       669.207772545206       0.00000000000000       0.00000000000000
                    287       671.812593378818       671.812593378818       0.00000000000000       0.00000000000000
                    288       674.870733025342       674.870733025342       0.00000000000000       0.00000000000000
                    289       677.479020066931       677.479020066931       0.00000000000000       0.00000000000000
                    290       680.540613948323       680.540613948323       0.00000000000000       0.00000000000000
                    291       683.152343334102       683.152343334102       0.00000000000000       0.00000000000000
                    292       686.217367750591       686.217367750591       0.00000000000000       0.00000000000000
                    293       688.832515943119       688.832515943119       0.00000000000000       0.00000000000000
                    294       691.900947517930       691.900947517930       0.00000000000000       0.00000000000000
                    295       694.519491299459       694.519491299459       0.00000000000000       0.00000000000000
                    296       697.591306972254       697.591306972254       0.00000000000000       0.00000000000000
                    297       700.213223438262       700.213223438262       0.00000000000000       0.00000000000000
                    298       703.288400458759       703.288400458759       0.00000000000000       0.00000000000000
                    299       705.913667011652       705.913667011652   1.13686837721616e-13   1.61049209038390e-16
                    300       708.992182933416       708.992182933415   2.27373675443232e-13   3.20699834097587e-16
                    301       0.00000000000000       711.620777276401      -711.620777276401      -1.00000000000000
                    302       714.702609950790       714.702609950790   1.13686837721616e-13   1.59068731719678e-16
                    303       717.334510081911       717.334510081911   1.13686837721616e-13   1.58485108584326e-16
                    304       720.419637652197       720.419637652197       0.00000000000000       0.00000000000000
                    305       723.054821858518       723.054821858518   1.13686837721616e-13   1.57231283555234e-16
                    306       726.143222754149       726.143222754149   1.13686837721616e-13   1.56562554271896e-16
                    307       728.781669606105       728.781669606105   1.13686837721616e-13   1.55995742570010e-16
                    308       731.873322537122       731.873322537122       0.00000000000000       0.00000000000000
                    309       734.515010883003       734.515010883003       0.00000000000000       0.00000000000000
                    310       737.609894834602       737.609894834602   2.27373675443232e-13   3.08257355324954e-16
                    311       740.254803795182       740.254803795182       0.00000000000000       0.00000000000000
                    312       743.352898022411       743.352898022411       0.00000000000000       0.00000000000000
                    313       746.001006985722       746.001006985722   1.13686837721616e-13   1.52395019117973e-16
                    314       749.102291008320       749.102291008319   2.27373675443232e-13   3.03528207258823e-16
                    315       751.753579624548       751.753579624548   1.13686837721616e-13   1.51228861162717e-16
                    316       754.858033221906       754.858033221906   1.13686837721616e-13   1.50606912449980e-16
                    317       757.512481398425       757.512481398425       0.00000000000000       0.00000000000000
                    318       760.620084604687       760.620084604686   1.13686837721616e-13   1.49465994946350e-16
                    319       763.277672501210       763.277672501210       0.00000000000000       0.00000000000000
                    320       766.388405600480       766.388405600480   1.13686837721616e-13   1.48341019893875e-16
                    321       769.049113624340       769.049113624340       0.00000000000000       0.00000000000000
                    322       772.162957146025       772.162957146025   1.13686837721616e-13   1.47231664857133e-16
                    323       774.826765947563       774.826765947563       0.00000000000000       0.00000000000000
                    324       777.943700661817       777.943700661817   2.27373675443232e-13   2.92275231806363e-16
                    325       780.610591129893       780.610591129893   1.13686837721616e-13   1.45638349022475e-16
                    326       783.730598043184       783.730598043184   1.13686837721616e-13   1.45058567325901e-16
                    327       786.400551300790       786.400551300790  -1.13686837721616e-13  -1.44566070730197e-16
                    328       789.523611651568       789.523611651568       0.00000000000000       0.00000000000000
                    329       792.196609051555       792.196609051555   1.13686837721616e-13   1.43508361968029e-16
                    330       795.322704306029       795.322704306028   1.13686837721616e-13   1.42944288030624e-16
                    331       797.998727426932       797.998727426932       0.00000000000000       0.00000000000000
                    332       801.127839274945       801.127839274945   2.27373675443232e-13   2.83816969397812e-16
                    333       803.806869916913       803.806869916913       0.00000000000000       0.00000000000000
                    334       806.938980267922       806.938980267921   2.27373675443232e-13   2.81773072070132e-16
                    335       809.621000448738       809.621000448738  -1.13686837721616e-13  -1.40419823174799e-16
                    336       812.756091427885       812.756091427885   1.13686837721616e-13   1.39878173686630e-16
                    337       815.441083379090       815.441083379090       0.00000000000000       0.00000000000000
                    338       818.579137323368       818.579137323368   1.13686837721616e-13   1.38883136080593e-16
                    339       821.267083486471       821.267083486470   2.27373675443232e-13   2.76857163784013e-16
                    340       824.408082940978       824.408082940978   1.13686837721616e-13   1.37901168212776e-16
                    341       827.098965963754       827.098965963754   1.13686837721616e-13   1.37452520677674e-16
                    342       830.242893678041       830.242893678041       0.00000000000000       0.00000000000000
                    343       832.936696410920       832.936696410920   1.13686837721616e-13   1.36489169238775e-16
                    344       836.083535335414       836.083535335414   1.13686837721616e-13   1.35975453309229e-16
                    345       838.780240827951       838.780240827951   1.13686837721616e-13   1.35538287846882e-16
                    346       841.929974110472       841.929974110472   1.13686837721616e-13   1.35031227319980e-16
                    347       844.629565607898       844.629565607898       0.00000000000000       0.00000000000000
                    348       847.782176590246       847.782176590246   2.27373675443232e-13   2.68198225583984e-16
                    349       850.484637530101       850.484637530101   1.13686837721616e-13   1.33673005607456e-16
                    350       853.640109744730       853.640109744730       0.00000000000000       0.00000000000000
                    351       856.345423753567       856.345423753567       0.00000000000000       0.00000000000000
                    352       859.503740920328       859.503740920328  -1.13686837721616e-13  -1.32270323337841e-16
                    353       862.211891810500       862.211891810500   1.13686837721616e-13   1.31854870944650e-16
                    354       865.373037833461       865.373037833461       0.00000000000000       0.00000000000000
                    355       868.084009599975       868.084009599975  -2.27373675443232e-13  -2.61925888426408e-16
                    356       871.247968564314       871.247968564313   2.27373675443232e-13   2.60974697958734e-16
                    357       873.961745381755       873.961745381755       0.00000000000000       0.00000000000000
                    358       877.128501550714       877.128501550714       0.00000000000000       0.00000000000000
                    359       879.845067770243       879.845067770243   1.13686837721616e-13   1.29212337360404e-16
                    360       883.014605582165       883.014605582164   2.27373675443232e-13   2.57497071968958e-16
                    361       885.733945728576       885.733945728576       0.00000000000000       0.00000000000000
                    362       888.906249793990       888.906249793990       0.00000000000000       0.00000000000000
                    363       891.628348562841       891.628348562841       0.00000000000000       0.00000000000000
                    364       894.803403661627       894.803403661627   2.27373675443232e-13   2.54104616179147e-16
                    365       897.528245916424       897.528245916423   2.27373675443232e-13   2.53333169711079e-16
                    366       900.706036995028       900.706036995028   2.27373675443232e-13   2.52439382111621e-16
                    367       903.433607764478       903.433607764478       0.00000000000000       0.00000000000000
                    368       906.614119933197       906.614119933197   1.13686837721616e-13   1.25397162058311e-16
                    369       909.344404408519       909.344404408518   1.13686837721616e-13   1.25020660126636e-16
                    370       912.527622938836       912.527622938836       0.00000000000000       0.00000000000000
                    371       915.260606471126       915.260606471126   2.27373675443232e-13   2.48425064769140e-16
                    372       918.446516793109       918.446516793109       0.00000000000000       0.00000000000000
                    373       921.182184890770       921.182184890770       0.00000000000000       0.00000000000000
                    374       924.370772590523       924.370772590523   2.27373675443232e-13   2.45976703488822e-16
                    375       927.109110916740       927.109110916740   2.27373675443232e-13   2.45250179041387e-16
                    376       930.300361733913       930.300361733913   2.27373675443232e-13   2.44408886415403e-16
                    377       933.041356104188       933.041356104188       0.00000000000000       0.00000000000000
                    378       936.235255929533       936.235255929533   1.13686837721616e-13   1.21429776331957e-16
                    379       938.978892309271       938.978892309270   1.13686837721616e-13   1.21074966277486e-16
                    380       942.175427182253       942.175427182253   2.27373675443232e-13   2.41328386289201e-16
                    381       944.921691684397       944.921691684397       0.00000000000000       0.00000000000000
                    382       948.120847790860       948.120847790860   1.13686837721616e-13   1.19907539198730e-16
                    383       950.869726673578       950.869726673578   2.27373675443232e-13   2.39121794568697e-16
                    384       954.071490343447       954.071490343447       0.00000000000000       0.00000000000000
                    385       956.822970007866       956.822970007866   1.13686837721616e-13   1.18817003024793e-16
                    386       960.027327712912       960.027327712912   2.27373675443232e-13   2.36840836588379e-16
                    387       962.781394700896       962.781394700895   1.13686837721616e-13   1.18081672898275e-16
                    388       965.988333052536       965.988333052535   1.13686837721616e-13   1.17689659213962e-16
                    389       968.744974044514       968.744974044514       0.00000000000000       0.00000000000000
                    390       971.954479791659       971.954479791659  -1.13686837721616e-13  -1.16967244953678e-16
                    391       974.713681604499       974.713681604499   1.13686837721616e-13   1.16636136197938e-16
                    392       977.925741631450       977.925741631450       0.00000000000000       0.00000000000000
                    393       980.687491216369       980.687491216368   2.27373675443232e-13   2.31851305823444e-16
                    394       983.902092540748       983.902092540748   1.13686837721616e-13   1.15546901041790e-16
                    395       986.666376981270       986.666376981270   1.13686837721616e-13   1.15223180169009e-16
                    396       989.883506752002       989.883506752002       0.00000000000000       0.00000000000000
                    397       992.650313261957       992.650313261957   2.27373675443232e-13   2.29057173916621e-16
                    398       995.869958757286       995.869958757287  -1.13686837721616e-13  -1.14158316276035e-16
                    399       998.639274678847       998.639274678847   2.27373675443232e-13   2.27683490133465e-16
                    400       1001.86142330439       1001.86142330439       0.00000000000000       0.00000000000000
                    401       1004.63323610615       1004.63323610615   3.41060513164848e-13   3.39487587019080e-16
                    402       1007.85787539301       1007.85787539301   1.13686837721616e-13   1.12800465717732e-16
                    403       1010.63217266810       1010.63217266810   1.13686837721616e-13   1.12490815942935e-16
                    404       1013.85929027097       1013.85929027097   2.27373675443232e-13   2.24265514578913e-16
                    405       1016.63605973521       1016.63605973521   2.27373675443232e-13   2.23652971253502e-16
                    406       1019.86564343058       1019.86564343058       0.00000000000000       0.00000000000000
                    407       1022.64487292065       1022.64487292065   1.13686837721616e-13   1.11169420325679e-16
                    408       1025.87691060498       1025.87691060498       0.00000000000000       0.00000000000000
                    409       1028.65858807669       1028.65858807669       0.00000000000000       0.00000000000000
                    410       1031.89306776468       1031.89306776468       0.00000000000000       0.00000000000000
                    411       1034.67718129119       1034.67718129119   2.27373675443232e-13   2.19753252081475e-16
                    412       1037.91409111403       1037.91409111403       0.00000000000000       0.00000000000000
                    413       1040.70062888415       1040.70062888415   4.54747350886464e-13   4.36962694424476e-16
                    414       1043.93995708785       1043.93995708785   2.27373675443232e-13   2.17803403250803e-16
                    415       1046.72890740438       1046.72890740438   2.27373675443232e-13   2.17223078329862e-16
                    416       1049.97064234812       1049.97064234812       0.00000000000000       0.00000000000000
                    417       1052.76199362618       1052.76199362618       0.00000000000000       0.00000000000000
                    418       1056.00612378064       1056.00612378064   2.27373675443232e-13   2.15314731915763e-16
                    419       1058.79986454610       1058.79986454610       0.00000000000000       0.00000000000000
                    420       1062.04637849192       1062.04637849192   2.27373675443232e-13   2.14090156558038e-16
                    421       1064.84249737978       1064.84249737978   2.27373675443232e-13   2.13527987474882e-16
                    422       1068.09138380595       1068.09138380595   2.27373675443232e-13   2.12878484828729e-16
                    423       1070.88986955883       1070.88986955883       0.00000000000000       0.00000000000000
                    424       1074.14111726119       1074.14111726118   2.27373675443232e-13   2.11679519375427e-16
                    425       1076.94195872775       1076.94195872775       0.00000000000000       0.00000000000000
                    426       1080.19555660745       1080.19555660745       0.00000000000000       0.00000000000000
                    427       1082.99874274098       1082.99874274098   2.27373675443232e-13   2.09948235828758e-16
                    428       1086.25467980304       1086.25467980304       0.00000000000000       0.00000000000000
                    429       1089.06019965991       1089.06019965991   2.27373675443232e-13   2.08779712557888e-16
                    430       1092.31846501172       1092.31846501172   4.54747350886464e-13   4.16313891463497e-16
                    431       1095.12630775001       1095.12630775001       0.00000000000000       0.00000000000000
                    432       1098.38689059997       1098.38689059997   2.27373675443232e-13   2.07006909304093e-16
                    433       1101.19704547802       1101.19704547802   2.27373675443232e-13   2.06478646466520e-16
                    434       1104.45993513407       1104.45993513407       0.00000000000000       0.00000000000000
                    435       1107.27239150911       1107.27239150911       0.00000000000000       0.00000000000000
                    436       1110.53757737742       1110.53757737742       0.00000000000000       0.00000000000000
                    437       1113.35232470420       1113.35232470420   2.27373675443232e-13   2.04224368511236e-16
                    438       1116.61979628779       1116.61979628779   2.27373675443232e-13   2.03626763737430e-16
                    439       1119.43682411728       1119.43682411728       0.00000000000000       0.00000000000000
                    440       1122.70657101471       1122.70657101471   2.27373675443232e-13   2.02522797419571e-16
                    441       1125.52586899272       1125.52586899272       0.00000000000000       0.00000000000000
                    442       1128.79788089678       1128.79788089678       0.00000000000000       0.00000000000000
                    443       1131.61943876277       1131.61943876277   2.27373675443232e-13   2.00927686159073e-16
                    444       1134.89370545922       1134.89370545922   2.27373675443232e-13   2.00347992370994e-16
                    445       1137.71751304493       1137.71751304493       0.00000000000000       0.00000000000000
                    446       1140.99402441124       1140.99402441124       0.00000000000000       0.00000000000000
                    447       1143.82007163955       1143.82007163955   2.27373675443232e-13   1.98784477629699e-16
                    448       1147.09881764365       1147.09881764365   2.27373675443232e-13   1.98216293091731e-16
                    449       1149.92709452729       1149.92709452729   2.27373675443232e-13   1.97728774741759e-16
                    450       1153.20806522642       1153.20806522642       0.00000000000000       0.00000000000000
                    451       1156.03856186679       1156.03856186679       0.00000000000000       0.00000000000000
                    452       1159.32174740625       1159.32174740625   2.27373675443232e-13   1.96126464419334e-16
                    453       1162.15445399228       1162.15445399228       0.00000000000000       0.00000000000000
                    454       1165.43984460429       1165.43984460429   2.27373675443232e-13   1.95096878226636e-16
                    455       1168.27475141123       1168.27475141123   2.27373675443232e-13   1.94623460935516e-16
                    456       1171.56233741380       1171.56233741380       0.00000000000000       0.00000000000000
                    457       1174.39943480212       1174.39943480212       0.00000000000000       0.00000000000000
                    458       1177.68920659792       1177.68920659792   2.27373675443232e-13   1.93067639721403e-16
                    459       1180.52848501218       1180.52848501218       0.00000000000000       0.00000000000000
                    460       1183.82043308740       1183.82043308740       0.00000000000000       0.00000000000000
                    461       1186.66188305518       1186.66188305518       0.00000000000000       0.00000000000000
                    462       1189.95599797848       1189.95599797848       0.00000000000000       0.00000000000000
                    463       1192.79961010926       1192.79961010926       0.00000000000000       0.00000000000000
                    464       1196.09588253071       1196.09588253071  -2.27373675443232e-13  -1.90096528851979e-16
                    465       1198.94164751485       1198.94164751485   2.27373675443232e-13   1.89645322534694e-16
                    466       1202.24006816483       1202.24006816483   2.27373675443232e-13   1.89125018757949e-16
                    467       1205.08797677252       1205.08797677252   2.27373675443232e-13   1.88678071498304e-16
                    468       1208.38853646075       1208.38853646075       0.00000000000000       0.00000000000000
                    469       1211.23857954097       1211.23857954097       0.00000000000000       0.00000000000000
                    470       1214.54126915546       1214.54126915546   4.54747350886464e-13   3.74419019291685e-16
                    471       1217.39343763498       1217.39343763498   2.27373675443232e-13   1.86770906113104e-16
                    472       1220.69824814104       1220.69824814104   2.27373675443232e-13   1.86265259075690e-16
                    473       1223.55253302348       1223.55253302348       0.00000000000000       0.00000000000000
                    474       1226.85945546274       1226.85945546274   2.27373675443232e-13   1.85329847221557e-16
                    475       1229.71584782751       1229.71584782751   2.27373675443232e-13   1.84899361787460e-16
                    476       1233.02487331697       1233.02487331697   4.54747350886464e-13   3.68806307745557e-16
                    477       1235.88336431840       1235.88336431840       0.00000000000000       0.00000000000000
                    478       1239.19448404946       1239.19448404946       0.00000000000000       0.00000000000000
                    479       1242.05506491581       1242.05506491581       0.00000000000000       0.00000000000000
                    480       1245.36827015336       1245.36827015336       0.00000000000000       0.00000000000000
                    481       1248.23093218592       1248.23093218592   2.27373675443232e-13   1.82156738453078e-16
                    482       1251.54621426741       1251.54621426741   2.27373675443232e-13   1.81674214544546e-16
                    483       1254.41094883957       1254.41094883957   4.54747350886464e-13   3.62518639770438e-16
                    484       1257.72829917413       1257.72829917413       0.00000000000000       0.00000000000000
                    485       1260.59509773051       1260.59509773051       0.00000000000000       0.00000000000000
                    486       1263.91450779803       1263.91450779803   2.27373675443232e-13   1.79896404416908e-16
                    487       1266.78336185359       1266.78336185359   2.27373675443232e-13   1.79488997321952e-16
                    488       1270.10482320388       1270.10482320388   4.54747350886464e-13   3.58039228399549e-16
                    489       1272.97572434306       1272.97572434306       0.00000000000000       0.00000000000000
                    490       1276.29922859499       1276.29922859499  -2.27373675443232e-13  -1.78150758340218e-16
                    491       1279.17216847086       1279.17216847086       0.00000000000000       0.00000000000000
                    492       1282.49770731148       1282.49770731148       0.00000000000000       0.00000000000000
                    493       1285.37267764490       1285.37267764490       0.00000000000000       0.00000000000000
                    494       1288.70024282867       1288.70024282867   2.27373675443232e-13   1.76436434080397e-16
                    495       1291.57723540747       1291.57723540747   2.27373675443232e-13   1.76043421337865e-16
                    496       1294.90681875539       1294.90681875539   2.27373675443232e-13   1.75590762323557e-16
                    497       1297.78582543357       1297.78582543356   4.54747350886464e-13   3.50402463930858e-16
                    498       1301.11741883242       1301.11741883242   2.27373675443232e-13   1.74752618135933e-16
                    499       1303.99843152932       1303.99843152932       0.00000000000000       0.00000000000000
                    500       1307.33202693084       1307.33202693084   2.27373675443232e-13   1.73921904121806e-16
max(abs(diff)) = 711.620777276401
max(abs(frac)) = 1.00000000000000
