                      n                     f1                     f2                  delta                   frac
                      0       0.00000000000000       0.00000000000000       0.00000000000000                      -
                      1       0.00000000000000       0.00000000000000       0.00000000000000                      -
                      2      0.693147180559945      0.693147180559945       0.00000000000000       0.00000000000000
                      3       1.79175946922805       1.79175946922805       0.00000000000000       0.00000000000000
                      4       3.17805383034795       3.17805383034795       0.00000000000000       0.00000000000000
                      5       4.78749174278205       4.78749174278205       0.00000000000000       0.00000000000000
                      6       6.57925121201010       6.57925121201010       0.00000000000000       0.00000000000000
                      7       8.52516136106541       8.52516136106541       0.00000000000000       0.00000000000000
                      8       10.6046029027453       10.6046029027453       0.00000000000000       0.00000000000000
                      9       12.8018274800815       12.8018274800815       0.00000000000000       0.00000000000000
                     10       15.1044125730755       15.1044125730755       0.00000000000000       0.00000000000000
                     11       17.5023078458739       17.5023078458739       0.00000000000000       0.00000000000000
                     12       19.9872144956619       19.9872144956619       0.00000000000000       0.00000000000000
                     13       22.5521638531234       22.5521638531234       0.00000000000000       0.00000000000000
                     14       25.1912211827387       25.1912211827387       0.00000000000000       0.00000000000000
                     15       27.8992713838409       27.8992713838409       0.00000000000000       0.00000000000000
                     16       30.6718601060807       30.6718601060807       0.00000000000000       0.00000000000000
                     17       33.5050734501369       33.5050734501369       0.00000000000000       0.00000000000000
                     18       36.3954452080331       36.3954452080331       0.00000000000000       0.00000000000000
                     19       39.3398841871995       39.3398841871995       0.00000000000000       0.00000000000000
                     20       42.3356164607535       42.3356164607535       0.00000000000000       0.00000000000000
                     21       45.3801388984769       45.3801388984769       0.00000000000000       0.00000000000000
                     22       48.4711813518352       48.4711813518352       0.00000000000000       0.00000000000000
                     23       51.6066755677644       51.6066755677644       0.00000000000000       0.00000000000000
                     24       54.7847293981123       54.7847293981123       0.00000000000000       0.00000000000000
                     25       58.0036052229805       58.0036052229805       0.00000000000000       0.00000000000000
                     26       61.2617017610020       61.2617017610020       0.00000000000000       0.00000000000000
                     27       64.5575386270063       64.5575386270063       0.00000000000000       0.00000000000000
                     28       67.8897431371815       67.8897431371815       0.00000000000000       0.00000000000000
                     29       71.2570389671680       71.2570389671680       0.00000000000000       0.00000000000000
                     30       74.6582363488302       74.6582363488302       0.00000000000000       0.00000000000000
                     31       78.0922235533153       78.0922235533153       0.00000000000000       0.00000000000000
                     32       81.5579594561150       81.5579594561150       0.00000000000000       0.00000000000000
                     33       85.0544670175815       85.0544670175815       0.00000000000000       0.00000000000000
                     34       88.5808275421977       88.5808275421977       0.00000000000000       0.00000000000000
                     35       92.1361756036871       92.1361756036871       0.00000000000000       0.00000000000000
                     36       95.7196945421432       95.7196945421432       0.00000000000000       0.00000000000000
                     37       99.3306124547874       99.3306124547874       0.00000000000000       0.00000000000000
                     38       102.968198614514       102.968198614514       0.00000000000000       0.00000000000000
                     39       106.631760260643       106.631760260643       0.00000000000000       0.00000000000000
                     40       110.320639714757       110.320639714757       0.00000000000000       0.00000000000000
                     41       114.034211781462       114.034211781462       0.00000000000000       0.00000000000000
                     42       117.771881399745       117.771881399745       0.00000000000000       0.00000000000000
                     43       121.533081515439       121.533081515439       0.00000000000000       0.00000000000000
                     44       125.317271149357       125.317271149357       0.00000000000000       0.00000000000000
                     45       129.123933639127       129.123933639127       0.00000000000000       0.00000000000000
                     46       132.952575035616       132.952575035616       0.00000000000000       0.00000000000000
                     47       136.802722637326       136.802722637326       0.00000000000000       0.00000000000000
                     48       140.673923648234       140.673923648234       0.00000000000000       0.00000000000000
                     49       144.565743946345       144.565743946345       0.00000000000000       0.00000000000000
                     50       148.477766951773       148.477766951773       0.00000000000000       0.00000000000000
                     51       152.409592584497       152.409592584497       0.00000000000000       0.00000000000000
                     52       156.360836303079       156.360836303079       0.00000000000000       0.00000000000000
                     53       160.331128216631       160.331128216631       0.00000000000000       0.00000000000000
                     54       164.320112263195       164.320112263195       0.00000000000000       0.00000000000000
                     55       168.327445448428       168.327445448428       0.00000000000000       0.00000000000000
                     56       172.352797139163       172.352797139163       0.00000000000000       0.00000000000000
                     57       176.395848406997       176.395848406997       0.00000000000000       0.00000000000000
                     58       180.456291417544       180.456291417544       0.00000000000000       0.00000000000000
                     59       184.533828861449       184.533828861449       0.00000000000000       0.00000000000000
                     60       188.628173423672       188.628173423672       0.00000000000000       0.00000000000000
                     61       192.739047287845       192.739047287845       0.00000000000000       0.00000000000000
                     62       196.866181672890       196.866181672890       0.00000000000000       0.00000000000000
                     63       201.009316399282       201.009316399282       0.00000000000000       0.00000000000000
                     64       205.168199482641       205.168199482641       0.00000000000000       0.00000000000000
                     65       209.342586752537       209.342586752537       0.00000000000000       0.00000000000000
                     66       213.532241494563       213.532241494563       0.00000000000000       0.00000000000000
                     67       217.736934113954       217.736934113954       0.00000000000000       0.00000000000000
                     68       221.956441819130       221.956441819130       0.00000000000000       0.00000000000000
                     69       226.190548323728       226.190548323728       0.00000000000000       0.00000000000000
                     70       230.439043565777       230.439043565777       0.00000000000000       0.00000000000000
                     71       234.701723442818       234.701723442818       0.00000000000000       0.00000000000000
                     72       238.978389561834       238.978389561834       0.00000000000000       0.00000000000000
                     73       243.268849002983       243.268849002983       0.00000000000000       0.00000000000000
                     74       247.572914096187       247.572914096187       0.00000000000000       0.00000000000000
                     75       251.890402209723       251.890402209723       0.00000000000000       0.00000000000000
                     76       256.221135550010       256.221135550010       0.00000000000000       0.00000000000000
                     77       260.564940971863       260.564940971863       0.00000000000000       0.00000000000000
                     78       264.921649798553       264.921649798553       0.00000000000000       0.00000000000000
                     79       269.291097651020       269.291097651020       0.00000000000000       0.00000000000000
                     80       273.673124285694       273.673124285694       0.00000000000000       0.00000000000000
                     81       278.067573440366       278.067573440366       0.00000000000000       0.00000000000000
                     82       282.474292687630       282.474292687630       0.00000000000000       0.00000000000000
                     83       286.893133295427       286.893133295427       0.00000000000000       0.00000000000000
                     84       291.323950094270       291.323950094270       0.00000000000000       0.00000000000000
                     85       295.766601350761       295.766601350761       0.00000000000000       0.00000000000000
                     86       300.220948647014       300.220948647014       0.00000000000000       0.00000000000000
                     87       304.686856765669       304.686856765669       0.00000000000000       0.00000000000000
                     88       309.164193580147       309.164193580147       0.00000000000000       0.00000000000000
                     89       313.652829949879       313.652829949879       0.00000000000000       0.00000000000000
                     90       318.152639620209       318.152639620209       0.00000000000000       0.00000000000000
                     91       322.663499126726       322.663499126726       0.00000000000000       0.00000000000000
                     92       327.185287703775       327.185287703775       0.00000000000000       0.00000000000000
                     93       331.717887196928       331.717887196928       0.00000000000000       0.00000000000000
                     94       336.261181979198       336.261181979198       0.00000000000000       0.00000000000000
                     95       340.815058870799       340.815058870799       0.00000000000000       0.00000000000000
                     96       345.379407062267       345.379407062267       0.00000000000000       0.00000000000000
                     97       349.954118040770       349.954118040770       0.00000000000000       0.00000000000000
                     98       354.539085519441       354.539085519441       0.00000000000000       0.00000000000000
                     99       359.134205369575       359.134205369575       0.00000000000000       0.00000000000000
                    100       363.739375555563       363.739375555563       0.00000000000000       0.00000000000000
                    101       368.354496072405       368.354496072405       0.00000000000000       0.00000000000000
                    102       372.979468885689       372.979468885689       0.00000000000000       0.00000000000000
                    103       377.614197873919       377.614197873919       0.00000000000000       0.00000000000000
                    104       382.258588773060       382.258588773060       0.00000000000000       0.00000000000000
                    105       386.912549123218       386.912549123218       0.00000000000000       0.00000000000000
                    106       391.575988217330       391.575988217330       0.00000000000000       0.00000000000000
                    107       396.248817051792       396.248817051792       0.00000000000000       0.00000000000000
                    108       400.930948278916       400.930948278916       0.00000000000000       0.00000000000000
                    109       405.622296161145       405.622296161145       0.00000000000000       0.00000000000000
                    110       410.322776526937       410.322776526937       0.00000000000000       0.00000000000000
                    111       415.032306728250       415.032306728250       0.00000000000000       0.00000000000000
                    112       419.750805599545       419.750805599545       0.00000000000000       0.00000000000000
                    113       424.478193418257       424.478193418257       0.00000000000000       0.00000000000000
                    114       429.214391866652       429.214391866652       0.00000000000000       0.00000000000000
                    115       433.959323995015       433.959323995015       0.00000000000000       0.00000000000000
                    116       438.712914186121       438.712914186121       0.00000000000000       0.00000000000000
                    117       443.475088120919       443.475088120919       0.00000000000000       0.00000000000000
                    118       448.245772745385       448.245772745385       0.00000000000000       0.00000000000000
                    119       453.024896238496       453.024896238496       0.00000000000000       0.00000000000000
                    120       457.812387981278       457.812387981278       0.00000000000000       0.00000000000000
                    121       462.608178526875       462.608178526875       0.00000000000000       0.00000000000000
                    122       467.412199571608       467.412199571608       0.00000000000000       0.00000000000000
                    123       472.224383926981       472.224383926981       0.00000000000000       0.00000000000000
                    124       477.044665492586       477.044665492586       0.00000000000000       0.00000000000000
                    125       481.872979229888       481.872979229888       0.00000000000000       0.00000000000000
                    126       486.709261136839       486.709261136839       0.00000000000000       0.00000000000000
                    127       491.553448223298       491.553448223298       0.00000000000000       0.00000000000000
                    128       496.405478487218       496.405478487218       0.00000000000000       0.00000000000000
                    129       501.265290891579       501.265290891579       0.00000000000000       0.00000000000000
                    130       506.132825342035       506.132825342035       0.00000000000000       0.00000000000000
                    131       511.008022665236       511.008022665236       0.00000000000000       0.00000000000000
                    132       515.890824587822       515.890824587822       0.00000000000000       0.00000000000000
                    133       520.781173716044       520.781173716044       0.00000000000000       0.00000000000000
                    134       525.679013515995       525.679013515995       0.00000000000000       0.00000000000000
                    135       530.584288294433       530.584288294433       0.00000000000000       0.00000000000000
                    136       535.496943180170       535.496943180170       0.00000000000000       0.00000000000000
                    137       540.416924105998       540.416924105998       0.00000000000000       0.00000000000000
                    138       545.344177791155       545.344177791155       0.00000000000000       0.00000000000000
                    139       550.278651724286       550.278651724286       0.00000000000000       0.00000000000000
                    140       555.220294146895       555.220294146895       0.00000000000000       0.00000000000000
                    141       560.169054037273       560.169054037273       0.00000000000000       0.00000000000000
                    142       565.124881094874       565.124881094874       0.00000000000000       0.00000000000000
                    143       570.087725725134       570.087725725134       0.00000000000000       0.00000000000000
                    144       575.057539024710       575.057539024710       0.00000000000000       0.00000000000000
                    145       580.034272767131       580.034272767131       0.00000000000000       0.00000000000000
                    146       585.017879388839       585.017879388839       0.00000000000000       0.00000000000000
                    147       590.008311975618       590.008311975618       0.00000000000000       0.00000000000000
                    148       595.005524249382       595.005524249382       0.00000000000000       0.00000000000000
                    149       600.009470555327       600.009470555327       0.00000000000000       0.00000000000000
                    150       605.020105849424       605.020105849424       0.00000000000000       0.00000000000000
                    151       610.037385686239       610.037385686239       0.00000000000000       0.00000000000000
                    152       615.061266207085       615.061266207085       0.00000000000000       0.00000000000000
                    153       620.091704128477       620.091704128477       0.00000000000000       0.00000000000000
                    154       625.128656730891       625.128656730891       0.00000000000000       0.00000000000000
                    155       630.172081847810       630.172081847810       0.00000000000000       0.00000000000000
                    156       635.221937855060       635.221937855060       0.00000000000000       0.00000000000000
                    157       640.278183660408       640.278183660408       0.00000000000000       0.00000000000000
                    158       645.340778693435       645.340778693435       0.00000000000000       0.00000000000000
                    159       650.409682895655       650.409682895655       0.00000000000000       0.00000000000000
                    160       655.484856710889       655.484856710889       0.00000000000000       0.00000000000000
                    161       660.566261075874       660.566261075874       0.00000000000000       0.00000000000000
                    162       665.653857411106       665.653857411106       0.00000000000000       0.00000000000000
                    163       670.747607611913       670.747607611913       0.00000000000000       0.00000000000000
                    164       675.847474039737       675.847474039737       0.00000000000000       0.00000000000000
                    165       680.953419513637       680.953419513637       0.00000000000000       0.00000000000000
                    166       686.065407301994       686.065407301994       0.00000000000000       0.00000000000000
                    167       691.183401114411       691.183401114411       0.00000000000000       0.00000000000000
                    168       696.307365093814       696.307365093814       0.00000000000000       0.00000000000000
                    169       701.437263808737       701.437263808737       0.00000000000000       0.00000000000000
                    170       706.573062245787       706.573062245787       0.00000000000000       0.00000000000000
                    171       0.00000000000000       711.714725802290      -711.714725802290      -1.00000000000000
                    172       716.862220279711       716.862220279103   6.07542460784316e-10   8.47502412036409e-13
                    173       722.015511873275       722.015511873601  -3.25712790072430e-10  -4.51116055979488e-13
                    174       727.174567173434       727.174567172816   6.17887963016983e-10   8.49710634709451e-13
                    175       732.339353146575       732.339353146739  -1.64277480507735e-10  -2.24318794015182e-13
                    176       737.509837142156       737.509837141777   3.78690856450703e-10   5.13472278442171e-13
                    177       742.685986875102       742.685986874351   7.51128936826717e-10   1.01136812879411e-12
                    178       747.867770424675       747.867770424643   3.13775672111660e-11   4.19560361497457e-14
                    179       753.055156231518       753.055156230484   1.03386810224038e-09   1.37289824481853e-12
                    180       758.248113081940       758.248113081374   5.66046765015926e-10   7.46519187124148e-13
                    181       763.446610114127       763.446610112640   1.48702383739874e-09   1.94777711722283e-12
                    182       768.650616800826       768.650616799717   1.10946984932525e-09   1.44339941330502e-12
                    183       773.860102953303       773.860102952558   7.44876160752028e-10   9.62546276659120e-13
                    184       779.075038712152       779.075038710167   1.98508587345714e-09   2.54800343333248e-12
                    185       784.295394536031       784.295394535246   7.85462361818645e-10   1.00148791806191e-12
                    186       789.521141209018       789.521141208959   5.90034687775187e-11   7.47332347391855e-14
                    187       794.752249826486       794.752249825813   6.72685018798802e-10   8.46408448602989e-13
                    188       799.988691788930       799.988691788643   2.86945578409359e-10   3.58687043147817e-13
                    189       805.230438804245       805.230438803703   5.42513589607552e-10   6.73737061422493e-13
                    190       810.477462876865       810.477462875863   1.00203578767832e-09   1.23635243862642e-12
                    191       815.729736303867       815.729736303910  -4.26325641456060e-11  -5.22630992205520e-14
                    192       820.987231676273       820.987231675938   3.35376171278767e-10   4.08503516667538e-13
                    193       826.249921866349       826.249921864843   1.50612322613597e-09   1.82284220098521e-12
                    194       831.517780025462       831.517780023906   1.55625912157120e-09   1.87158850833768e-12
                    195       836.790779583121       836.790779582470   6.51198206469417e-10   7.78209108367975e-13
                    196       842.068894242271       842.068894241700   5.70594238524791e-10   6.77609922925157e-13
                    197       847.352097971046       847.352097970438   6.07315087108873e-10   7.16721052043775e-13
                    198       852.640365001679       852.640365001133   5.45924194739200e-10   6.40274865169531e-13
                    199       857.933669827096       857.933669825857   1.23884547065245e-09   1.44398747155349e-12
                    200       863.231987193742       863.231987192405   1.33661615109304e-09   1.54838580002147e-12
                    201       868.535292100860       868.535292100465   3.95971255784389e-10   4.55906926737280e-13
                    202       873.843559798472       873.843559797866   6.06632966082543e-10   6.94212321279643e-13
                    203       879.156765778291       879.156765776907   1.38368250190979e-09   1.57387459867528e-12
                    204       884.474885771204       884.474885770752   4.51905179943424e-10   5.10930482270984e-13
                    205       889.797895750369       889.797895749890   4.78621586808003e-10   5.37899211825668e-13
                    206       895.125771919181       895.125771918680   5.00904207001440e-10   5.59590867245130e-13
                    207       900.458490712755       900.458490711945   8.09563971415628e-10   8.99057513218125e-13
                    208       905.796028792000       905.796028791646   3.53111317963339e-10   3.89835356680022e-13
                    209       911.138363044262       911.138363043611   6.50629772280809e-10   7.14084488888617e-13
                    210       916.485470574604       916.485470574329   2.75008460448589e-10   3.00068543668511e-13
                    211       921.837328708516       921.837328707805   7.11452230461873e-10   7.71776330059403e-13
                    212       927.193914982932       927.193914982477   4.55202098237351e-10   4.90945950875825e-13
                    213       932.555207148754       932.555207148186   5.67524693906307e-10   6.08569540501344e-13
                    214       937.921183163067       937.921183163208  -1.41312739287969e-10  -1.50665900104080e-13
                    215       943.291821192781       943.291821191336   1.44552814163035e-09   1.53242942338322e-12
                    216       948.667099599186       948.667099599020   1.66664904099889e-10   1.75683234055797e-13
                    217       954.046996952680       954.046996952560   1.19371179607697e-10   1.25120858814078e-13
                    218       959.431492015694       959.431492015349   3.44812178809661e-10   3.59392183474571e-13
                    219       964.820563744981       964.820563745166  -1.84854798135348e-10  -1.91595002305706e-13
                    220       970.214191292143       970.214191291518   6.24822860118002e-10   6.44005071999882e-13
                    221       975.612353993284       975.612353993036   2.47950993070845e-10   2.54149091138522e-13
                    222       981.015031375892       981.015031374908   9.83959580480587e-10   1.00300153311775e-12
                    223       986.422203146998       986.422203146368   6.30052454653196e-10   6.38724932025589e-13
                    224       991.833849199338       991.833849198223   1.11481313069817e-09   1.12399181737885e-12
                    225       997.249949600591       997.249949600428   1.62572177941911e-10   1.63020492512483e-13
                    226       1002.67048460073       1002.67048459970   1.02636477095075e-09   1.02363117964972e-12
                    227       1008.09543461848       1008.09543461718   1.30125954456162e-09   1.29080987759434e-12
                    228       1013.52478024689       1013.52478024614   7.53402673581149e-10   7.43349041153374e-13
                    229       1018.95850225125       1018.95850224969   1.55876023200108e-09   1.52975830572059e-12
                    230       1024.39658155900       1024.39658155861   3.85625753551722e-10   3.76441859035681e-13
                    231       1029.83899926931       1029.83899926914   1.72349245985970e-10   1.67355524609462e-13
                    232       1035.28573664124       1035.28573664080   4.41787051386200e-10   4.26729583679641e-13
                    233       1040.73677509449       1040.73677509437   1.27329258248210e-10   1.22345305071654e-13
                    234       1046.19209621010       1046.19209620972   3.74711817130446e-10   3.58167317921822e-13
                    235       1051.65168172451       1051.65168172387   6.37555785942823e-10   6.06242349080582e-13
                    236       1057.11551353000       1057.11551352889   1.11026565718930e-09   1.05027846340366e-12
                    237       1062.58357367048       1062.58357367003   4.54292603535578e-10   4.27535880275759e-13
                    238       1068.05584434435       1068.05584434370   6.46423359285109e-10   6.05233670793986e-13
                    239       1073.53230789690       1073.53230789563   1.26374288811348e-09   1.17718198028964e-12
                    240       1079.01294682018       1079.01294681897   1.20326149044558e-09   1.11515018794993e-12
                    241       1084.49774375307       1084.49774375247   6.02540239924565e-10   5.55593816027425e-13
                    242       1089.98668147907       1089.98668147862   4.49290382675827e-10   4.12198048205820e-13
                    243       1095.47974292216       1095.47974292196   1.95313987205736e-10   1.78290825063344e-13
                    244       1100.97691114729       1100.97691114726   3.66071617463604e-11   3.32497088501288e-14
                    245       1106.47816935913       1106.47816935780   1.33036337501835e-09   1.20234037314129e-12
                    246       1111.98350089396       1111.98350089373   2.26691554416902e-10   2.03862336297889e-13
                    247       1117.49288923115       1117.49288923036   7.87849785410799e-10   7.05015479743595e-13
                    248       1123.00631797717       1123.00631797653   6.42558006802574e-10   5.72176662336467e-13
                    249       1128.52377087352       1128.52377087299   5.28871169080958e-10   4.68639813117839e-13
                    250       1134.04523179064       1134.04523179085  -2.07819539355114e-10  -1.83255070899537e-13
                    251       1139.57068473045       1139.57068472998   4.67025529360399e-10   4.09825854261123e-13
                    252       1145.10011381883       1145.10011381750   1.33877620100975e-09   1.16913463273232e-12
                    253       1150.63350330694       1150.63350330622   7.17818693374284e-10   6.23846508303215e-13
                    254       1156.17083757337       1156.17083757324   1.27101884572767e-10   1.09933480799039e-13
                    255       1161.71210111886       1161.71210111840   4.56111592939124e-10   3.92620161656246e-13
                    256       1167.25727856335       1167.25727856288   4.65433913632296e-10   3.98741496138140e-13
                    257       1172.80635464949       1172.80635464778   1.71098690771032e-09   1.45888270551209e-12
                    258       1178.35931423435       1178.35931423270   1.65073288371786e-09   1.40087396414629e-12
                    259       1183.91614229407       1183.91614229440  -3.21961124427617e-10  -2.71945886136551e-13
                    260       1189.47682392612       1189.47682392541   7.07359504303895e-10   5.94681199394475e-13
                    261       1195.04134433294       1195.04134433273   2.05091055249795e-10   1.71618376403797e-13
                    262       1200.60968883717       1200.60968883650   6.72343958285637e-10   5.60002109375947e-13
                    263       1206.18184286977       1206.18184286867   1.09412212623283e-09   9.07095503635399e-13
                    264       1211.75779197247       1211.75779197182   6.47787601337768e-10   5.34585051261492e-13
                    265       1217.33752179868       1217.33752179781   8.77435013535433e-10   7.20782032775599e-13
                    266       1222.92101810796       1222.92101810659   1.37379174702801e-09   1.12336915196290e-12
                    267       1228.50826676555       1228.50826676499   5.57974999537691e-10   4.54189047507998e-13
                    268       1234.09925374629       1234.09925374550   7.93534127296880e-10   6.43006731337450e-13
                    269       1239.69396512569       1239.69396512510   5.89807314099744e-10   4.75768480521904e-13
                    270       1245.29238708431       1245.29238708410   2.15322870644741e-10   1.72909489271775e-13
                    271       1250.89450590528       1250.89450590498   3.04680725093931e-10   2.43570280032132e-13
                    272       1256.50030797207       1256.50030797127   7.99673216533847e-10   6.36428985699961e-13
                    273       1262.10977976674       1262.10977976646   2.83307599602267e-10   2.24471439920773e-13
                    274       1267.72290787350       1267.72290787285   6.54154064250179e-10   5.16007133883700e-13
                    275       1273.33967897144       1273.33967897051   9.21090759220533e-10   7.23366101310239e-13
                    276       1278.96007983713       1278.96007983623   8.96307028597221e-10   7.00809229879944e-13
                    277       1284.58409734312       1284.58409734242   7.00538294040598e-10   5.45342492943740e-13
                    278       1290.21171845692       1290.21171845611   8.07858668849804e-10   6.26144265544652e-13
                    279       1295.84293023789       1295.84293023793  -4.09272615797818e-11  -3.15835049331689e-14
                    280       1301.47771984083       1301.47771984110  -2.72621036856435e-10  -2.09470383319140e-13
                    281       1307.11607451129       1307.11607451043   8.58790372149087e-10   6.57011560714482e-13
                    282       1312.75798158192       1312.75798158137   5.49562173546292e-10   4.18631751820910e-13
                    283       1318.40342847975       1318.40342847902   7.38964445190504e-10   5.60499486900618e-13
                    284       1324.05240271713       1324.05240271718  -5.09317032992840e-11  -3.84665313810568e-14
                    285       1329.70489189853       1329.70489189745   1.08207132143434e-09   8.13768023286927e-13
                    286       1335.36088370884       1335.36088370826   5.77301761950366e-10   4.32318910186446e-13
                    287       1341.02036592435       1341.02036592402   3.20369508699514e-10   2.38899808563880e-13
                    288       1346.68332640527       1346.68332640416   1.10753717308398e-09   8.22418419660150e-13
                    289       1352.34975309328       1352.34975309227   1.00749275588896e-09   7.44994224744919e-13
                    290       1358.01963401525       1358.01963401525  -7.50333128962666e-12  -5.52520088935797e-15
                    291       1363.69295728323       1363.69295728242   8.05812305770814e-10   5.90904500509148e-13
                    292       1369.36971108499       1369.36971108469   2.94903657049872e-10   2.15357222131250e-13
                    293       1375.04988369355       1375.04988369371  -1.60298441187479e-10  -1.16576455216940e-13
                    294       1380.73346346139       1380.73346346105   3.41287886840291e-10   2.47178688625967e-13
                    295       1386.42043881762       1386.42043881739   2.32830643653870e-10   1.67936534354956e-13
                    296       1392.11079827226       1392.11079827171   5.46151568414643e-10   3.92319037459291e-13
                    297       1397.80453041143       1397.80453041052   9.16998033062555e-10   6.56027372291636e-13
                    298       1403.50162389767       1403.50162389702   6.51652953820303e-10   4.64305094290448e-13
                    299       1409.20206747117       1409.20206747041   7.58518581278622e-10   5.38261047714897e-13
                    300       1414.90584994594       1414.90584994507   8.75616024131887e-10   6.18851087629528e-13
                    301       1420.61296021069       1420.61296020982   8.68794813868590e-10   6.11563344980517e-13
                    302       1426.32338722807       1426.32338722719   8.83119355421513e-10   6.19157873543895e-13
                    303       1432.03712003345       1432.03712003270   7.46695150155574e-10   5.21421644530082e-13
                    304       1437.75414773421       1437.75414773411   1.02772901300341e-10   7.14815543827924e-14
                    305       1443.47445951118       1443.47445951071   4.68617145088501e-10   3.24645262686079e-13
                    306       1449.19804461265       1449.19804461267  -2.02362571144477e-11  -1.39637623647610e-14
                    307       1454.92489236076       1454.92489236025   5.01586328027770e-10   3.44750667654102e-13
                    308       1460.65499214441       1460.65499214323   1.17915988084860e-09   8.07281587500970e-13
                    309       1466.38833342072       1466.38833342013   5.91853677178733e-10   4.03613192828891e-13
                    310       1472.12490571844       1472.12490571760   8.38781488710083e-10   5.69776032897976e-13
                    311       1477.86469863028       1477.86469862978   5.00449459650554e-10   3.38630092534554e-13
                    312       1483.60770181844       1483.60770181759   8.51287040859461e-10   5.73795242378787e-13
                    313       1489.35390500912       1489.35390500813   9.81799530563876e-10   6.59211707346693e-13
                    314       1495.10329799388       1495.10329799404  -1.57797330757603e-10  -1.05542761472948e-13
                    315       1500.85587063398       1500.85587063287   1.11344888864551e-09   7.41875959199199e-13
                    316       1506.61161284665       1506.61161284645   1.96905602933839e-10   1.30694335059467e-13
                    317       1512.37051462053       1512.37051462033   1.99634087039158e-10   1.32000779643125e-13
                    318       1518.13256600362       1518.13256600311   5.03405317431316e-10   3.31595098283587e-13
                    319       1523.89775710723       1523.89775710590   1.33013600134291e-09   8.72851210089730e-13
                    320       1529.66607810152       1529.66607810169  -1.68938640854321e-10  -1.10441516140551e-13
                    321       1535.43751922550       1535.43751922482   6.80302036926150e-10   4.43067222474547e-13
                    322       1541.21207077076       1541.21207077036   3.99495547753759e-10   2.59208680836553e-13
                    323       1546.98972309430       1546.98972309359   7.14408088242635e-10   4.61805322671440e-13
                    324       1552.77046660988       1552.77046660938   4.97038854518905e-10   3.20098086102987e-13
                    325       1558.55429179185       1558.55429179171   1.41199052450247e-10   9.05961718458489e-14
                    326       1564.34118917378       1564.34118917308   6.98946678312495e-10   4.46799383120484e-13
                    327       1570.13114934429       1570.13114934397   3.11956682708114e-10   1.98681927199811e-13
                    328       1575.92416295280       1575.92416295236   4.46561898570508e-10   2.83365093999138e-13
                    329       1581.72022070344       1581.72022070312   3.20596882374957e-10   2.02688742407581e-13
                    330       1587.51931335868       1587.51931335758   1.09685061033815e-09   6.90921112649852e-13
                    331       1593.32143173282       1593.32143173296  -1.38470568344928e-10  -8.69068636039887e-14
                    332       1599.12656670178       1599.12656670188  -9.25410859053954e-11  -5.78697695556751e-14
                    333       1604.93470919155       1604.93470919186  -3.04908098769374e-10  -1.89981621696565e-13
                    334       1610.74585018564       1610.74585018483   8.07403921498917e-10   5.01260904323464e-13
                    335       1616.55998071717       1616.55998071666   5.12045517098159e-10   3.16750088586974e-13
                    336       1622.37709187671       1622.37709187662   9.23137122299522e-11   5.69002808854826e-14
                    337       1628.19717480696       1628.19717480697  -1.52340362546965e-11  -9.35638293101851e-15
                    338       1634.02022070278       1634.02022070246   3.18323145620525e-10   1.94809795856553e-13
                    339       1639.84622081019       1639.84622080984   3.49700712831691e-10   2.13252138154144e-13
                    340       1645.67516642759       1645.67516642745   1.37561073643155e-10   8.35894448974295e-14
                    341       1651.50704890433       1651.50704890473  -3.97449184674770e-10  -2.40658485192876e-13
                    342       1657.34185964191       1657.34185964179   1.19371179607697e-10   7.20256831221875e-14
                    343       1663.17959008915       1663.17959008896   1.85082171810791e-10   1.11282132677501e-13
                    344       1669.02023174709       1669.02023174633   7.53061613067985e-10   4.51199810969361e-13
                    345       1674.86377616426       1674.86377616337   8.89713192009367e-10   5.31215257426754e-13
                    346       1680.71021493892       1680.71021493842   4.99994712299667e-10   2.97490137119197e-13
                    347       1686.55953971948       1686.55953971837   1.11481313069817e-09   6.60998384251720e-13
                    348       1692.41174219883       1692.41174219814   6.86441126163118e-10   4.05599363941751e-13
                    349       1698.26681412160       1698.26681412035   1.25533006212208e-09   7.39183061038797e-13
                    350       1704.12474727482       1704.12474727483  -1.38697942020372e-11  -8.13895474742514e-15
                    351       1709.98553349776       1709.98553349830  -5.36374500370584e-10  -3.13671952109014e-13
                    352       1715.84916467447       1715.84916467389   5.76619640924037e-10   3.36054970795540e-13
                    353       1721.71563273143       1721.71563273083   6.06178218731657e-10   3.52078012888918e-13
                    354       1727.58492964498       1727.58492964396   1.01954356068745e-09   5.90155391606461e-13
                    355       1733.45704743309       1733.45704743344  -3.45153239322826e-10  -1.99112657468993e-13
                    356       1739.33197816467       1739.33197816429   3.81305653718300e-10   2.19225345422979e-13
                    357       1745.20971394620       1745.20971394607   1.35969457915053e-10   7.79100968946673e-14
                    358       1751.09024693298       1751.09024693247   5.07498043589294e-10   2.89818325742103e-13
                    359       1756.97356932127       1756.97356932096   3.16276782541536e-10   1.80012259754011e-13
                    360       1762.85967335244       1762.85967335241   2.88764567812905e-11   1.63804625052069e-14
                    361       1768.74855131086       1768.74855131074   1.20508047984913e-10   6.81318143811962e-14
                    362       1774.64019552219       1774.64019552257  -3.80623532691970e-10  -2.14479269461093e-13
                    363       1780.53459835769       1780.53459835683   8.55152393341996e-10   4.80278447906137e-13
                    364       1786.43175222541       1786.43175222447   9.42691258387640e-10   5.27695086707790e-13
                    365       1792.33164957860       1792.33164957805   5.50471668248065e-10   3.07126010064966e-13
                    366       1798.23428291192       1798.23428291145   4.69754013465717e-10   2.61230707216390e-13
                    367       1804.13964476046       1804.13964475951   9.56333678914234e-10   5.30077414845409e-13
                    368       1810.04772769819       1810.04772769768   5.13182385475375e-10   2.83518703746076e-13
                    369       1815.95852434277       1815.95852434172   1.05660546978470e-09   5.81844494585975e-13
                    370       1821.87202734791       1821.87202734735   5.53882273379713e-10   3.04018210426210e-13
                    371       1827.78822941132       1827.78822940996   1.35378286358900e-09   7.40667240222915e-13
                    372       1833.70712326440       1833.70712326423   1.69393388205208e-10   9.23775591293259e-14
                    373       1839.62870168467       1839.62870168388   7.87849785410799e-10   4.28265652025135e-13
                    374       1845.55295748240       1845.55295748129   1.10844666778576e-09   6.00604097158232e-13
                    375       1851.47988350838       1851.47988350726   1.11435838334728e-09   6.01874421252878e-13
                    376       1857.40947265056       1857.40947265065  -9.36779542826116e-11  -5.04347348616278e-14
                    377       1863.34171783785       1863.34171783810  -2.50111042987555e-10  -1.34227147169624e-13
                    378       1869.27661203382       1869.27661203372   9.95896698441356e-11   5.32771175774702e-14
                    379       1875.21414823947       1875.21414823880   6.71207089908421e-10   3.57936233863645e-13
                    380       1881.15431949176       1881.15431949152   2.39651853917167e-10   1.27396169168059e-13
                    381       1887.09711886749       1887.09711886665   8.42646841192618e-10   4.46530723176926e-13
                    382       1893.04253947509       1893.04253947526  -1.70985003933311e-10  -9.03228534846907e-14
                    383       1898.99057446599       1898.99057446444   1.54955159814563e-09   8.15986987498681e-13
                    384       1904.94121701745       1904.94121701703   4.20641299569979e-10   2.20815894901296e-13
                    385       1910.89446035136       1910.89446035131   4.84305928694084e-11   2.53444624359341e-14
                    386       1916.85029772094       1916.85029772078   1.58024704433046e-10   8.24397735289735e-14
                    387       1922.80872241422       1922.80872241381   4.13365341955796e-10   2.14979959856265e-13
                    388       1928.76972775358       1928.76972775343   1.51430867845193e-10   7.85116365454234e-14
                    389       1934.73330709708       1934.73330709705   3.45607986673713e-11   1.78633398932009e-14
                    390       1940.69945383718       1940.69945383617   1.00362740340643e-09   5.17147259160897e-13
                    391       1946.66816139705       1946.66816139616   8.95397533895448e-10   4.59964133411041e-13
                    392       1952.63942323637       1952.63942323595   4.22915036324412e-10   2.16586345277998e-13
                    393       1958.61323284911       1958.61323284782   1.29466570797376e-09   6.61011416782538e-13
                    394       1964.58958375818       1964.58958375712   1.05956132756546e-09   5.39329606715687e-13
                    395       1970.56846952245       1970.56846952202   4.35193214798346e-10   2.20846533134627e-13
                    396       1976.54988373299       1976.54988373327  -2.77623257716186e-10  -1.40458513089392e-13
                    397       1982.53382001430       1982.53382001396   3.39014150085859e-10   1.71000437250282e-13
                    398       1988.52027202009       1988.52027201924   8.49468051455915e-10   4.27186015354685e-13
                    399       1994.50923343680       1994.50923343613   6.63021637592465e-10   3.32423448574471e-13
                    400       2000.50069798354       2000.50069798324   2.98996383207850e-10   1.49460774249805e-13
                    401       2006.49465941157       2006.49465941055   1.02295416581910e-09   5.09821524329208e-13
                    402       2012.49111149957       2012.49111149917   4.06089384341612e-10   2.01784436224965e-13
                    403       2018.49004806184       2018.49004806111   7.26458893041126e-10   3.59902142563911e-13
                    404       2024.49146293971       2024.49146293907   6.39374775346369e-10   3.15819941477130e-13
                    405       2030.49535000650       2030.49535000618   3.22870619129390e-10   1.59010765096510e-13
                    406       2036.50170316569       2036.50170316578  -9.57243173616007e-11  -4.70042903537941e-14
                    407       2042.51051635198       2042.51051635123   7.51015249988995e-10   3.67692231680952e-13
                    408       2048.52178352553       2048.52178352563  -1.00044417195022e-10  -4.88373704393026e-14
                    409       2054.53549868194       2054.53549868167   2.69210431724787e-10   1.31032261013514e-13
                    410       2060.55165584204       2060.55165584137   6.70752342557535e-10   3.25520760741934e-13
                    411       2066.57024905669       2066.57024905587   8.27640178613365e-10   4.00489738488919e-13
                    412       2072.59127240558       2072.59127240522   3.63797880709171e-10   1.75528038524927e-13
                    413       2078.61471999780       2078.61471999818  -3.76530806533992e-10  -1.81145068834268e-13
                    414       2084.64058597298       2084.64058597200   9.79071046458557e-10   4.69659399825053e-13
                    415       2090.66886449237       2090.66886449223   1.35514710564166e-10   6.48188304067364e-14
                    416       2096.69954975276       2096.69954975249   2.65572452917695e-10   1.26662140481236e-13
                    417       2102.73263597494       2102.73263597429   6.48924469714984e-10   3.08610071776580e-13
                    418       2108.76811740779       2108.76811740682   9.74978320300579e-10   4.62344964461775e-13
                    419       2114.80598832706       2114.80598832674   3.18777892971411e-10   1.50736235253255e-13
                    420       2120.84624303896       2120.84624303802   9.45874489843845e-10   4.45989186132099e-13
                    421       2126.88887587131       2126.88887587170  -3.91082721762359e-10  -1.83875484139751e-13
                    422       2132.93388118540       2132.93388118574  -3.38332029059529e-10  -1.58622839668825e-13
                    423       2138.98125336516       2138.98125336478   3.75166564481333e-10   1.75394975477773e-13
                    424       2145.03098682073       2145.03098682001   7.10770109435543e-10   3.31356569580029e-13
                    425       2151.08307598983       2151.08307598894   8.95852281246334e-10   4.16465682449050e-13
                    426       2157.13751533547       2157.13751533521   2.65117705566809e-10   1.22902551961603e-13
                    427       2163.19429934933       2163.19429934844   8.89485818333924e-10   4.11190903471704e-13
                    428       2169.25342254467       2169.25342254402   6.48924469714984e-10   2.99146454245973e-13
                    429       2175.31487946360       2175.31487946295   6.57564669381827e-10   3.02284821195252e-13
                    430       2181.37866467185       2181.37866467163   2.11457518162206e-10   9.69375567785874e-14
                    431       2187.44477276188       2187.44477276174   1.39607436722144e-10   6.38221538027149e-14
                    432       2193.51319835032       2193.51319834998   3.32875060848892e-10   1.51754300406895e-13
                    433       2199.58393607863       2199.58393607799   6.49833964416757e-10   2.95434947381666e-13
                    434       2205.65698061261       2205.65698061209   5.27506927028298e-10   2.39160908366591e-13
                    435       2211.73232664404       2211.73232664317   8.63565219333395e-10   3.90447437481759e-13
                    436       2217.80996888668       2217.80996888652   1.53704604599625e-10   6.93046774773017e-14
                    437       2223.88990208221       2223.88990208162   5.94354787608609e-10   2.67259088254449e-13
                    438       2229.97212099220       2229.97212099199   2.04636307898909e-10   9.17663077365636e-14
                    439       2236.05662040473       2236.05662040507  -3.43334249919280e-10  -1.53544524224563e-13
                    440       2242.14339513207       2242.14339513198   8.50377546157688e-11   3.79269920025624e-14
                    441       2248.23244000834       2248.23244000743   9.09039954422042e-10   4.04335396218657e-13
                    442       2254.32374989006       2254.32374988951   5.50699041923508e-10   2.44285694080320e-13
                    443       2260.41731965984       2260.41731965955   2.84217094304040e-10   1.25736558392168e-13
                    444       2266.51314422257       2266.51314422198   5.87533577345312e-10   2.59223547343244e-13
                    445       2272.61121850464       2272.61121850415   4.91581886308268e-10   2.16307075449460e-13
                    446       2278.71153745553       2278.71153745617  -6.44831743557006e-10  -2.82980856926218e-13
                    447       2284.81409605132       2284.81409605078   5.36601874046028e-10   2.34855813859659e-13
                    448       2290.91888928402       2290.91888928320   8.19909473648295e-10   3.57895461722276e-13
                    449       2297.02591217185       2297.02591217094   9.11313691176474e-10   3.96736356498122e-13
                    450       2303.13515975381       2303.13515975371   1.01863406598568e-10   4.42281496885581e-14
                    451       2309.24662709410       2309.24662709321   8.90850060386583e-10   3.85775191759380e-13
                    452       2315.36030927377       2315.36030927304   7.28960003471002e-10   3.14836529136096e-13
                    453       2321.47620139902       2321.47620139852   4.93855623062700e-10   2.12733442093952e-13
                    454       2327.59429859732       2327.59429859657   7.55335349822417e-10   3.24513318441212e-13
                    455       2333.71459601568       2333.71459601552   1.66892277775332e-10   7.15135767073990e-14
                    456       2339.83708882548       2339.83708882503   4.45652403868735e-10   1.90463005307999e-13
                    457       2345.96177221655       2345.96177221593   6.21184881310910e-10   2.64789004095390e-13
                    458       2352.08864140082       2352.08864140004   7.78982212068513e-10   3.31187438414242e-13
                    459       2358.21769161031       2358.21769161010   2.06000549951568e-10   8.73543399680456e-14
                    460       2364.34891810062       2364.34891809958   1.03273123386316e-09   4.36793074811162e-13
                    461       2370.48231614324       2370.48231614258   6.58928911434487e-10   2.77972506669758e-13
                    462       2376.61788103442       2376.61788103366   7.62611307436600e-10   3.20880909599535e-13
                    463       2382.75560808772       2382.75560808775  -3.09228198602796e-11  -1.29777555680989e-14
                    464       2388.89549263989       2388.89549263997  -7.91260390542448e-11  -3.31224364138267e-14
                    465       2395.03753004599       2395.03753004556   4.27007762482390e-10   1.78288547517778e-13
                    466       2401.18171567929       2401.18171567969  -3.91537469113246e-10  -1.63060324238066e-13
                    467       2407.32804493730       2407.32804493736  -5.09317032992840e-11  -2.11569434445771e-14
                    468       2413.47651323378       2413.47651323327   5.05224306834862e-10   2.09334668916262e-13
                    469       2419.62711600170       2419.62711600172  -1.59161572810262e-11  -6.57793805325123e-15
                    470       2425.77984869662       2425.77984869642   1.92812876775861e-10   7.94849033309743e-14
                    471       2431.93470679083       2431.93470679044   3.88354237657040e-10   1.59689417883087e-13
                    472       2438.09168577591       2438.09168577603  -1.10958353616297e-10  -4.55103285342528e-14
                    473       2444.25078116452       2444.25078116452   4.54747350886464e-12   1.86047746978650e-15
                    474       2450.41198848721       2450.41198848621   9.95896698441356e-10   4.06420105321387e-13
                    475       2456.57530329089       2456.57530329025   6.44376996206120e-10   2.62307039944212e-13
                    476       2462.74072114525       2462.74072114448   7.70796759752557e-10   3.12983316974738e-13
                    477       2468.90823763593       2468.90823763537   5.63886715099216e-10   2.28395169372227e-13
                    478       2475.07784836856       2475.07784836786   7.02129909768701e-10   2.83679929595631e-13
                    479       2481.24954896579       2481.24954896527   5.17957232659683e-10   2.08748544811094e-13
                    480       2487.42333506984       2487.42333506917   6.69842847855762e-10   2.69291856521534e-13
                    481       2493.59920233975       2493.59920233928   4.71118255518377e-10   1.88931025914836e-13
                    482       2499.77714645380       2499.77714645333   4.67935024062172e-10   1.87190696069078e-13
                    483       2505.95716310759       2505.95716310698   6.12544681644067e-10   2.44435416000731e-13
                    484       2512.13924801442       2512.13924801370   7.28050508769229e-10   2.89812958953165e-13
                    485       2518.32339690508       2518.32339690463   4.45652403868735e-10   1.76963929420861e-13
                    486       2524.50960552899       2524.50960552853   4.56111592939124e-10   1.80673344217136e-13
                    487       2530.69786965223       2530.69786965162   6.16182660451159e-10   2.43483296777732e-13
                    488       2536.88818505821       2536.88818505747   7.43966666050255e-10   2.93259541525044e-13
                    489       2543.08054754729       2543.08054754695   3.47881723428145e-10   1.36795401059440e-13
                    490       2549.27495293789       2549.27495293805  -1.55978341354057e-10  -6.11853739724275e-14
                    491       2555.47139706577       2555.47139706584  -7.82165443524718e-11  -3.06074818298804e-14
                    492       2561.66987578270       2561.66987578234   3.64707375410944e-10   1.42370950628274e-13
                    493       2567.87038495694       2567.87038495638   5.59339241590351e-10   2.17822225322269e-13
                    494       2574.07292047385       2574.07292047357   2.80579115496948e-10   1.09002007388869e-13
                    495       2580.27747823689       2580.27747823614   7.49878381611779e-10   2.90619279490976e-13
                    496       2586.48405416321       2586.48405416286   3.52429196937010e-10   1.36258020369307e-13
                    497       2592.69264418915       2592.69264418896   1.92358129424974e-10   7.41924153085055e-14
                    498       2598.90324426652       2598.90324426598   5.35692379344255e-10   2.06122478982688e-13
                    499       2605.11585036203       2605.11585036173   2.93766788672656e-10   1.12765345399847e-13
                    500       2611.33045846088       2611.33045846016   7.25776772014797e-10   2.77933713698867e-13
max(abs(diff)) = 711.714725802290
max(abs(frac)) = 1.00000000000000
