  a =       0.250000000000000
                      x                     f1                     f2                  delta                   frac
       0.00000000000000       1.00000000000000       1.00000000000000       0.00000000000000       0.00000000000000
       1.00000000000000      0.250000000000000      0.250000000000000       0.00000000000000       0.00000000000000
       2.00000000000000      0.312500000000000      0.312500000000000       0.00000000000000       0.00000000000000
       3.00000000000000      0.703125000000000      0.703125000000000       0.00000000000000       0.00000000000000
       4.00000000000000       2.28515625000000       2.28515625000000   4.44089209850063e-16   1.94336474737805e-16
       5.00000000000000       9.71191406250000       9.71191406250000   3.55271367880050e-15   3.65809834800574e-16
       10.0000000000000       176310.362935067       176310.362935066   2.91038304567337e-10   1.65071581569215e-15
       20.0000000000000   7.06198790851290e+16   7.06198790851289e+16       144.000000000000   2.03908590421707e-15
       50.0000000000000                    inf   4.45297898039181e+62                    inf                    inf
       100.000000000000                    inf  8.13233181857883e+155                    inf                    inf
max(abs(diff)) = inf
max(abs(frac)) = inf

  a =       0.500000000000000
                      x                     f1                     f2                  delta                   frac
       0.00000000000000       1.00000000000000       1.00000000000000       0.00000000000000       0.00000000000000
       1.00000000000000      0.500000000000000      0.500000000000000       0.00000000000000       0.00000000000000
       2.00000000000000      0.750000000000000      0.750000000000000       0.00000000000000       0.00000000000000
       3.00000000000000       1.87500000000000       1.87500000000000   2.22044604925031e-16   1.18423789293350e-16
       4.00000000000000       6.56250000000000       6.56250000000000   2.66453525910038e-15   4.06024420434343e-16
       5.00000000000000       29.5312500000000       29.5312500000000   1.42108547152020e-14   4.81214127922184e-16
       10.0000000000000       639383.862304686       639383.862304688  -1.51339918375015e-09  -2.36696493761203e-15
       20.0000000000000                    inf   3.05014597676161e+17                    inf                    inf
       50.0000000000000                    inf   2.42063448374695e+63                    inf                    inf
       100.000000000000                    inf  5.25879029195643e+156                    inf                    inf
max(abs(diff)) = inf
max(abs(frac)) = inf

  a =       0.750000000000000
                      x                     f1                     f2                  delta                   frac
       0.00000000000000       1.00000000000000       1.00000000000000       0.00000000000000       0.00000000000000
       1.00000000000000      0.750000000000000      0.750000000000000       0.00000000000000       0.00000000000000
       2.00000000000000       1.31250000000000       1.31250000000000       0.00000000000000       0.00000000000000
       3.00000000000000       3.60937500000000       3.60937500000000  -4.44089209850063e-16  -1.23037703161922e-16
       4.00000000000000       13.5351562500000       13.5351562500000   3.55271367880050e-15   2.62480433412101e-16
       5.00000000000000       64.2919921875000       64.2919921875000       0.00000000000000       0.00000000000000
       10.0000000000000       1649843.96317005       1649843.96317005  -4.19095158576965e-09  -2.54021088013502e-15
       20.0000000000000                    inf   9.34450294068287e+17                    inf                    inf
       50.0000000000000                    inf   9.31613216309232e+63                    inf                    inf
       100.000000000000                    inf  2.40609654072570e+157                    inf                    inf
max(abs(diff)) = inf
max(abs(frac)) = inf

  a =        1.00000000000000
                      x                     f1                     f2                  delta                   frac
       0.00000000000000       1.00000000000000       1.00000000000000       0.00000000000000       0.00000000000000
       1.00000000000000       1.00000000000000       1.00000000000000       0.00000000000000       0.00000000000000
       2.00000000000000       2.00000000000000       2.00000000000000       0.00000000000000       0.00000000000000
       3.00000000000000       6.00000000000000       6.00000000000000       0.00000000000000       0.00000000000000
       4.00000000000000       24.0000000000000       24.0000000000000   3.55271367880050e-15   1.48029736616688e-16
       5.00000000000000       120.000000000000       120.000000000000  -2.84217094304040e-14  -2.36847578586700e-16
       10.0000000000000       3628800.00000001       3628800.00000000   7.91624188423157e-09   2.18150404658057e-15
       20.0000000000000                    inf   2.43290200817664e+18                    inf                    inf
       50.0000000000000                    inf   3.04140932017134e+64                    inf                    inf
       100.000000000000                    inf  9.33262154439442e+157                    inf                    inf
max(abs(diff)) = inf
max(abs(frac)) = inf

  a =        1.25000000000000
                      x                     f1                     f2                  delta                   frac
       0.00000000000000       1.00000000000000       1.00000000000000       0.00000000000000       0.00000000000000
       1.00000000000000       1.25000000000000       1.25000000000000       0.00000000000000       0.00000000000000
       2.00000000000000       2.81250000000000       2.81250000000000       0.00000000000000       0.00000000000000
       3.00000000000000       9.14062500000000       9.14062500000000   1.77635683940025e-15   1.94336474737805e-16
       4.00000000000000       38.8476562500000       38.8476562500000   7.10542735760100e-15   1.82904917400287e-16
       5.00000000000000       203.950195312500       203.950195312500       0.00000000000000       0.00000000000000
       10.0000000000000       7228724.88033773       7228724.88033772   1.86264514923096e-08   2.57672712693409e-15
       20.0000000000000                    inf   5.72021020589544e+18                    inf                    inf
       50.0000000000000                    inf   8.95048775058754e+64                    inf                    inf
       100.000000000000                    inf  3.26106505925011e+158                    inf                    inf
max(abs(diff)) = inf
max(abs(frac)) = inf

  a =        1.50000000000000
                      x                     f1                     f2                  delta                   frac
       0.00000000000000       1.00000000000000       1.00000000000000       0.00000000000000       0.00000000000000
       1.00000000000000       1.50000000000000       1.50000000000000       0.00000000000000       0.00000000000000
       2.00000000000000       3.75000000000000       3.75000000000000       0.00000000000000       0.00000000000000
       3.00000000000000       13.1250000000000       13.1250000000000   5.32907051820075e-15   4.06024420434343e-16
       4.00000000000000       59.0625000000000       59.0625000000000   7.10542735760100e-15   1.20303531980546e-16
       5.00000000000000       324.843750000000       324.843750000000  -2.84217094304040e-13  -8.74934778040335e-16
       10.0000000000000       13427061.1083984       13427061.1083984  -1.30385160446167e-08  -9.71062538507499e-16
       20.0000000000000                    inf   1.25055985047226e+19                    inf                    inf
       50.0000000000000                    inf   2.44484082858442e+65                    inf                    inf
       100.000000000000                    inf  1.05701684868324e+159                    inf                    inf
max(abs(diff)) = inf
max(abs(frac)) = inf

  a =        1.75000000000000
                      x                     f1                     f2                  delta                   frac
       0.00000000000000       1.00000000000000       1.00000000000000       0.00000000000000       0.00000000000000
       1.00000000000000       1.75000000000000       1.75000000000000       0.00000000000000       0.00000000000000
       2.00000000000000       4.81250000000000       4.81250000000000       0.00000000000000       0.00000000000000
       3.00000000000000       18.0468750000000       18.0468750000000   3.55271367880050e-15   1.96860325059075e-16
       4.00000000000000       85.7226562500000       85.7226562500000  -1.42108547152020e-14  -1.65777115839221e-16
       5.00000000000000       492.905273437500       492.905273437500  -2.27373675443232e-13  -4.61292844074355e-16
       10.0000000000000       23647763.4721041       23647763.4721041   2.60770320892334e-08   1.10272720377955e-15
       20.0000000000000                    inf   2.58531248025559e+19                    inf                    inf
       50.0000000000000                    inf   6.30391609702580e+65                    inf                    inf
       100.000000000000                    inf  3.23218968637485e+159                    inf                    inf
max(abs(diff)) = inf
max(abs(frac)) = inf

  a =        2.00000000000000
                      x                     f1                     f2                  delta                   frac
       0.00000000000000       1.00000000000000       1.00000000000000       0.00000000000000       0.00000000000000
       1.00000000000000       2.00000000000000       2.00000000000000       0.00000000000000       0.00000000000000
       2.00000000000000       6.00000000000000       6.00000000000000       0.00000000000000       0.00000000000000
       3.00000000000000       24.0000000000000       24.0000000000000   3.55271367880050e-15   1.48029736616688e-16
       4.00000000000000       120.000000000000       120.000000000000  -2.84217094304040e-14  -2.36847578586700e-16
       5.00000000000000       720.000000000000       720.000000000000   1.13686837721616e-13   1.57898385724467e-16
       10.0000000000000       39916800.0000000       39916800.0000000   2.98023223876953e-08   7.46611010594419e-16
       20.0000000000000                    inf   5.10909421717094e+19                    inf                    inf
       50.0000000000000                    inf   1.55111875328738e+66                    inf                    inf
       100.000000000000                    inf  9.42594775983836e+159                    inf                    inf
max(abs(diff)) = inf
max(abs(frac)) = inf

  a =        2.25000000000000
                      x                     f1                     f2                  delta                   frac
       0.00000000000000       1.00000000000000       1.00000000000000       0.00000000000000       0.00000000000000
       1.00000000000000       2.25000000000000       2.25000000000000       0.00000000000000       0.00000000000000
       2.00000000000000       7.31250000000000       7.31250000000000   2.66453525910038e-15   3.64380890133385e-16
       3.00000000000000       31.0781250000000       31.0781250000000   3.55271367880050e-15   1.14315573375180e-16
       4.00000000000000       163.160156250000       163.160156250000       0.00000000000000       0.00000000000000
       5.00000000000000       1019.75097656250       1019.75097656250   1.13686837721616e-13   1.11484902034461e-16
       10.0000000000000       65058523.9230395       65058523.9230394   9.68575477600098e-08   1.48877567333970e-15
       20.0000000000000                    inf   9.72435735002225e+19                    inf                    inf
       50.0000000000000                    inf   3.66969997774089e+66                    inf                    inf
       100.000000000000                    inf  2.64146269799259e+160                    inf                    inf
max(abs(diff)) = inf
max(abs(frac)) = inf

  a =        2.50000000000000
                      x                     f1                     f2                  delta                   frac
       0.00000000000000       1.00000000000000       1.00000000000000       0.00000000000000       0.00000000000000
       1.00000000000000       2.50000000000000       2.50000000000000       0.00000000000000       0.00000000000000
       2.00000000000000       8.75000000000000       8.75000000000000   1.77635683940025e-15   2.03012210217171e-16
       3.00000000000000       39.3750000000000       39.3750000000000   7.10542735760100e-15   1.80455297970819e-16
       4.00000000000000       216.562500000000       216.562500000000  -5.68434188608080e-14  -2.62480433412101e-16
       5.00000000000000       1407.65625000000       1407.65625000000   1.36424205265939e-12   9.69158523367756e-16
       10.0000000000000       102940801.831055       102940801.831055   1.34110450744629e-07   1.30279197712807e-15
       20.0000000000000                    inf   1.79246911901024e+20                    inf                    inf
       50.0000000000000                    inf   8.39395351147316e+66                    inf                    inf
       100.000000000000                    inf  7.15248067608994e+160                    inf                    inf
max(abs(diff)) = inf
max(abs(frac)) = inf

  a =        2.75000000000000
                      x                     f1                     f2                  delta                   frac
       0.00000000000000       1.00000000000000       1.00000000000000       0.00000000000000       0.00000000000000
       1.00000000000000       2.75000000000000       2.75000000000000       0.00000000000000       0.00000000000000
       2.00000000000000       10.3125000000000       10.3125000000000   1.77635683940025e-15   1.72252784426691e-16
       3.00000000000000       48.9843750000000       48.9843750000000  -2.84217094304040e-14  -5.80219905437275e-16
       4.00000000000000       281.660156250000       281.660156250000  -1.13686837721616e-13  -4.03631238565061e-16
       5.00000000000000       1901.20605468750       1901.20605468750   2.50111042987555e-12   1.31553885161946e-15
       10.0000000000000       158777840.455556       158777840.455556       0.00000000000000       0.00000000000000
       20.0000000000000                    inf   3.21317408260338e+20                    inf                    inf
       50.0000000000000                    inf   1.86415804583477e+67                    inf                    inf
       100.000000000000                    inf  1.87928743193509e+161                    inf                    inf
max(abs(diff)) = inf
max(abs(frac)) = inf

  a =        3.00000000000000
                      x                     f1                     f2                  delta                   frac
       0.00000000000000       1.00000000000000       1.00000000000000       0.00000000000000       0.00000000000000
       1.00000000000000       3.00000000000000       3.00000000000000  -4.44089209850063e-16  -1.48029736616688e-16
       2.00000000000000       12.0000000000000       12.0000000000000       0.00000000000000       0.00000000000000
       3.00000000000000       60.0000000000000       60.0000000000000  -1.42108547152020e-14  -2.36847578586700e-16
       4.00000000000000       360.000000000000       360.000000000000   5.68434188608080e-14   1.57898385724467e-16
       5.00000000000000       2520.00000000000       2520.00000000000  -3.63797880709171e-12  -1.44364238376655e-15
       10.0000000000000       239500800.000001       239500800.000000   8.94069671630859e-07   3.73305505297210e-15
       20.0000000000000                    inf   5.62000363888804e+20                    inf                    inf
       50.0000000000000                    inf   4.03290875854719e+67                    inf                    inf
       100.000000000000                    inf  4.80723335751756e+161                    inf                    inf
max(abs(diff)) = inf
max(abs(frac)) = inf

  a =        3.25000000000000
                      x                     f1                     f2                  delta                   frac
       0.00000000000000       1.00000000000000       1.00000000000000       0.00000000000000       0.00000000000000
       1.00000000000000       3.25000000000000       3.25000000000000   8.88178419700125e-16   2.73285667600039e-16
       2.00000000000000       13.8125000000000       13.8125000000000   3.55271367880050e-15   2.57210040094154e-16
       3.00000000000000       72.5156250000000       72.5156250000000  -2.84217094304040e-14  -3.91939108714901e-16
       4.00000000000000       453.222656250000       453.222656250000  -2.27373675443232e-13  -5.01682059155073e-16
       5.00000000000000       3285.86425781249       3285.86425781250  -5.91171556152403e-12  -1.79913566041819e-15
       10.0000000000000       354207519.136548       354207519.136548  -2.38418579101562e-07  -6.73104229076660e-16
       20.0000000000000                    inf   9.61630893502200e+20                    inf                    inf
       50.0000000000000                    inf   8.52185883719829e+67                    inf                    inf
       100.000000000000                    inf  1.20039804830997e+162                    inf                    inf
max(abs(diff)) = inf
max(abs(frac)) = inf

  a =        3.50000000000000
                      x                     f1                     f2                  delta                   frac
       0.00000000000000       1.00000000000000       1.00000000000000       0.00000000000000       0.00000000000000
       1.00000000000000       3.50000000000000       3.50000000000000       0.00000000000000       0.00000000000000
       2.00000000000000       15.7500000000000       15.7500000000000   1.77635683940025e-15   1.12784561231762e-16
       3.00000000000000       86.6249999999999       86.6250000000000  -9.94759830064140e-14  -1.14835189617794e-15
       4.00000000000000       563.062500000000       563.062500000000   1.13686837721616e-13   2.01908025701616e-16
       5.00000000000000       4222.96874999999       4222.96875000000  -5.45696821063757e-12  -1.29221136449034e-15
       10.0000000000000       514704009.155274       514704009.155273   2.98023223876953e-07   5.79018656501366e-16
       20.0000000000000                    inf   1.61322220710921e+21                    inf                    inf
       50.0000000000000                    inf   1.76273023740936e+68                    inf                    inf
       100.000000000000                    inf  2.93251707719687e+162                    inf                    inf
max(abs(diff)) = inf
max(abs(frac)) = inf

  a =        3.75000000000000
                      x                     f1                     f2                  delta                   frac
       0.00000000000000       1.00000000000000       1.00000000000000       0.00000000000000       0.00000000000000
       1.00000000000000       3.75000000000000       3.75000000000000   1.77635683940025e-15   4.73695157173400e-16
       2.00000000000000       17.8125000000000       17.8125000000000  -3.55271367880050e-15  -1.99450592494063e-16
       3.00000000000000       102.421875000000       102.421875000000  -2.84217094304040e-14  -2.77496476513479e-16
       4.00000000000000       691.347656250001       691.347656250000   9.09494701772928e-13   1.31553885161946e-15
       5.00000000000000       5357.94433593751       5357.94433593750   1.09139364212751e-11   2.03696338315271e-15
       10.0000000000000       736151805.748485       736151805.748487  -1.19209289550781e-06  -1.61935742899625e-15
       20.0000000000000                    inf   2.65817128651734e+21                    inf                    inf
       50.0000000000000                    inf   3.57579406973761e+68                    inf                    inf
       100.000000000000                    inf  7.02170122295748e+162                    inf                    inf
max(abs(diff)) = inf
max(abs(frac)) = inf

  a =        4.00000000000000
                      x                     f1                     f2                  delta                   frac
       0.00000000000000       1.00000000000000       1.00000000000000       0.00000000000000       0.00000000000000
       1.00000000000000       4.00000000000000       4.00000000000000   8.88178419700125e-16   2.22044604925031e-16
       2.00000000000000       20.0000000000000       20.0000000000000  -3.55271367880050e-15  -1.77635683940025e-16
       3.00000000000000       120.000000000000       120.000000000000   8.52651282912120e-14   7.10542735760100e-16
       4.00000000000000       839.999999999999       840.000000000000  -6.82121026329696e-13  -8.12048840868686e-16
       5.00000000000000       6720.00000000001       6720.00000000000   8.18545231595635e-12   1.21807326130303e-15
       10.0000000000000       1037836800.00000       1037836800.00000  -1.43051147460938e-06  -1.37835878878970e-15
       20.0000000000000                    inf   4.30866945648083e+21                    inf                    inf
       50.0000000000000                    inf   7.12480547343338e+68                    inf                    inf
       100.000000000000                    inf  1.65048345274770e+163                    inf                    inf
max(abs(diff)) = inf
max(abs(frac)) = inf

  a =        4.25000000000000
                      x                     f1                     f2                  delta                   frac
       0.00000000000000       1.00000000000000       1.00000000000000       0.00000000000000       0.00000000000000
       1.00000000000000       4.25000000000000       4.25000000000000       0.00000000000000       0.00000000000000
       2.00000000000000       22.3125000000000       22.3125000000000  -7.10542735760100e-15  -3.18450525830857e-16
       3.00000000000000       139.453125000000       139.453125000000   2.84217094304040e-14   2.03808336531749e-16
       4.00000000000000       1011.03515625000       1011.03515625000  -1.13686837721616e-12  -1.12445978776137e-15
       5.00000000000000       8341.04003906251       8341.04003906250   1.45519152283669e-11   1.74461639798128e-15
       10.0000000000000       1444076808.78746       1444076808.78747  -1.90734863281250e-06  -1.32080829856552e-15
       20.0000000000000                    inf   6.87935946890036e+21                    inf                    inf
       50.0000000000000                    inf   1.39627379409480e+69                    inf                    inf
       100.000000000000                    inf  3.81357226116935e+163                    inf                    inf
max(abs(diff)) = inf
max(abs(frac)) = inf

  a =        4.50000000000000
                      x                     f1                     f2                  delta                   frac
       0.00000000000000       1.00000000000000       1.00000000000000       0.00000000000000       0.00000000000000
       1.00000000000000       4.50000000000000       4.50000000000000       0.00000000000000       0.00000000000000
       2.00000000000000       24.7500000000000       24.7500000000000  -1.42108547152020e-14  -5.74175948088970e-16
       3.00000000000000       160.875000000000       160.875000000000       0.00000000000000       0.00000000000000
       4.00000000000000       1206.56250000000       1206.56250000000  -1.59161572810262e-12  -1.31913243458389e-15
       5.00000000000000       10255.7812500000       10255.7812500000  -5.45696821063757e-12  -5.32087032437199e-16
       10.0000000000000       1985286892.45606       1985286892.45605   4.76837158203125e-06   2.40185516770937e-15
       20.0000000000000                    inf   1.08316348191619e+22                    inf                    inf
       50.0000000000000                    inf   2.69445907718288e+69                    inf                    inf
       100.000000000000                    inf  8.67187192828219e+163                    inf                    inf
max(abs(diff)) = inf
max(abs(frac)) = inf

  a =        4.75000000000000
                      x                     f1                     f2                  delta                   frac
       0.00000000000000       1.00000000000000       1.00000000000000       0.00000000000000       0.00000000000000
       1.00000000000000       4.75000000000000       4.75000000000000  -3.55271367880050e-15  -7.47939721852737e-16
       2.00000000000000       27.3125000000000       27.3125000000000  -2.84217094304040e-14  -1.04061178692555e-15
       3.00000000000000       184.359375000000       184.359375000000   1.98951966012828e-13   1.07915296421909e-15
       4.00000000000000       1428.78515625000       1428.78515625000   2.50111042987555e-12   1.75051540739686e-15
       5.00000000000000       12501.8701171875       12501.8701171875   1.45519152283669e-11   1.16397907608726e-15
       10.0000000000000       2699223287.74445       2699223287.74445  -2.38418579101562e-06  -8.83285870361588e-16
       20.0000000000000                    inf   1.68350848146098e+22                    inf                    inf
       50.0000000000000                    inf   5.12530483329057e+69                    inf                    inf
       100.000000000000                    inf  1.94267067168490e+164                    inf                    inf
max(abs(diff)) = inf
max(abs(frac)) = inf

  a =        5.00000000000000
                      x                     f1                     f2                  delta                   frac
       0.00000000000000       1.00000000000000       1.00000000000000       0.00000000000000       0.00000000000000
       1.00000000000000       5.00000000000000       5.00000000000000  -1.77635683940025e-15  -3.55271367880050e-16
       2.00000000000000       30.0000000000000       30.0000000000000   3.55271367880050e-15   1.18423789293350e-16
       3.00000000000000       210.000000000000       210.000000000000  -1.98951966012828e-13  -9.47390314346800e-16
       4.00000000000000       1680.00000000000       1680.00000000000   1.81898940354586e-12   1.08273178782491e-15
       5.00000000000000       15120.0000000000       15120.0000000000   2.54658516496420e-11   1.68424944772765e-15
       10.0000000000000       3632428800.00000       3632428800.00000  -4.76837158203125e-06  -1.31272265599019e-15
       20.0000000000000                    inf   2.58520167388850e+22                    inf                    inf
       50.0000000000000                    inf   9.61848738913506e+69                    inf                    inf
       100.000000000000                    inf  4.29125697714401e+164                    inf                    inf
max(abs(diff)) = inf
max(abs(frac)) = inf

