                      x                     f1                     f2                  delta                   frac
      -19.9000000000000   -0.00494287257830894   -0.00494287257830894  -2.60208521396521e-18   5.26431780860400e-16
      -19.8000000000000   -0.00944938670493572   -0.00944938670493573   1.38777878078145e-17  -1.46864428784205e-15
      -19.7000000000000    -0.0130719851472204    -0.0130719851472205   5.37764277552810e-17  -4.11386848666330e-15
      -19.6000000000000    -0.0154454434416460    -0.0154454434416460  -1.73472347597681e-18   1.12312960293482e-16
      -19.5000000000000    -0.0163235839068611    -0.0163235839068611       0.00000000000000      -0.00000000000000
      -19.4000000000000    -0.0156046748173331    -0.0156046748173331  -8.67361737988404e-18   5.55834548391210e-16
      -19.3000000000000    -0.0133429071191835    -0.0133429071191835  -2.60208521396521e-17   1.95016362680372e-15
      -19.2000000000000   -0.00974468003946496   -0.00974468003946496  -1.73472347597681e-18   1.78017489435400e-16
      -19.1000000000000   -0.00514990389048942   -0.00514990389048940  -2.16840434497101e-17   4.21057245160539e-15
      -19.0000000000000      -0.00000000000000   9.85008702590139e-17  -9.85008702590139e-17      -1.00000000000000
      -18.9000000000000    0.00520440022795492    0.00520440022795497  -5.20417042793042e-17  -9.99955845051402e-15
      -18.8000000000000    0.00995201365732592    0.00995201365732598  -6.24500451351651e-17  -6.27511650259781e-15
      -18.7000000000000     0.0137710217861092     0.0137710217861092  -1.73472347597681e-17  -1.25969118553470e-15
      -18.6000000000000     0.0162758436266808     0.0162758436266808  -1.73472347597681e-17  -1.06582707217283e-15
      -18.5000000000000     0.0172059397937184     0.0172059397937184       0.00000000000000       0.00000000000000
      -18.4000000000000     0.0164527549704490     0.0164527549704490   2.77555756156289e-17   1.68698650563271e-15
      -18.3000000000000     0.0140720277267892     0.0140720277267892  -1.04083408558608e-17  -7.39647551720373e-16
      -18.2000000000000     0.0102801020196553     0.0102801020196553   5.03069808033274e-17   4.89362661062524e-15
      -18.1000000000000    0.00543442896731204    0.00543442896731196   8.06646416329215e-17   1.48432599115967e-14
      -18.0000000000000       0.00000000000000  -3.89817183251937e-17   3.89817183251937e-17      -1.00000000000000
      -17.9000000000000   -0.00549514884404178   -0.00549514884404178  -6.93889390390723e-18   1.26273083784270e-15
      -17.8000000000000    -0.0105111155481869    -0.0105111155481869   1.04083408558608e-17  -9.90222284984412e-16
      -17.7000000000000    -0.0145490456158329    -0.0145490456158330   5.55111512312578e-17  -3.81544966570508e-15
      -17.6000000000000    -0.0172006074691058    -0.0172006074691058       0.00000000000000      -0.00000000000000
      -17.5000000000000    -0.0181891363533595    -0.0181891363533595       0.00000000000000      -0.00000000000000
      -17.4000000000000    -0.0173983156009346    -0.0173983156009346  -6.93889390390723e-18   3.98825614103384e-16
      -17.3000000000000    -0.0148854397341181    -0.0148854397341180  -2.60208521396521e-17   1.74807413179815e-15
      -17.2000000000000    -0.0108777823696353    -0.0108777823696353       0.00000000000000      -0.00000000000000
      -17.1000000000000   -0.00575223183089754   -0.00575223183089752  -2.16840434497101e-17   3.76967481269383e-15
      -17.0000000000000      -0.00000000000000  -2.75396867773112e-17   2.75396867773112e-17      -1.00000000000000
      -16.9000000000000    0.00582030558037562    0.00582030558037567  -5.46437894932694e-17  -9.38847432298261e-15
      -16.8000000000000     0.0111367771879600     0.0111367771879600  -6.59194920871187e-17  -5.91908152372702e-15
      -16.7000000000000     0.0154202459521103     0.0154202459521103  -1.90819582357449e-17  -1.23746134108408e-15
      -16.6000000000000     0.0182367886419435     0.0182367886419435  -1.73472347597681e-17  -9.51222010648874e-16
      -16.5000000000000     0.0192915082535631     0.0192915082535631       0.00000000000000       0.00000000000000
      -16.4000000000000     0.0184591885034306     0.0184591885034306   2.77555756156289e-17   1.50361840719437e-15
      -16.3000000000000     0.0157986568957204     0.0157986568957204  -1.38777878078145e-17  -8.78415671624195e-16
      -16.2000000000000     0.0115492504171437     0.0115492504171436   5.55111512312578e-17   4.80647221475582e-15
      -16.1000000000000    0.00610951331107751    0.00610951331107742   8.67361737988404e-17   1.41969039729523e-14
      -16.0000000000000       0.00000000000000  -3.89817183251937e-17   3.89817183251937e-17      -1.00000000000000
      -15.9000000000000   -0.00618636253511612   -0.00618636253511621   9.19403442267708e-17  -1.48617776124308e-14
      -15.8000000000000    -0.0118416365036536    -0.0118416365036536   8.67361737988404e-18  -7.32467795072739e-16
      -15.7000000000000    -0.0164024272229454    -0.0164024272229454   5.89805981832114e-17  -3.59584574779903e-15
      -15.6000000000000    -0.0194058135548886    -0.0194058135548887   3.46944695195361e-18  -1.78783895977378e-16
      -15.5000000000000    -0.0205361216892768    -0.0205361216892768       0.00000000000000      -0.00000000000000
      -15.4000000000000    -0.0196578371075495    -0.0196578371075495   3.46944695195361e-18  -1.76491794746899e-16
      -15.3000000000000    -0.0168312488496890    -0.0168312488496890  -2.42861286636753e-17   1.44291899433975e-15
      -15.2000000000000    -0.0123090695235347    -0.0123090695235347   3.46944695195361e-18  -2.81861024939383e-16
      -15.1000000000000   -0.00651411684161233   -0.00651411684161228  -5.03069808033274e-17   7.72276304317503e-15
      -15.0000000000000      -0.00000000000000   1.14372644108033e-16  -1.14372644108033e-16      -1.00000000000000
      -14.9000000000000    0.00660155465156686    0.00660155465156689  -2.34187669256869e-17  -3.54746240268244e-15
      -14.8000000000000     0.0126417470782248     0.0126417470782249  -7.28583859910259e-17  -5.76331622047104e-15
      -14.7000000000000     0.0175182385986559     0.0175182385986560  -1.73472347597681e-17  -9.90238525527275e-16
      -14.6000000000000     0.0207349788668673     0.0207349788668674  -2.77555756156289e-17  -1.33858711859986e-15
      -14.5000000000000     0.0219524059437097     0.0219524059437097       0.00000000000000       0.00000000000000
      -14.4000000000000     0.0210229646844627     0.0210229646844627   2.08166817117217e-17   9.90187731567020e-16
      -14.3000000000000     0.0180082592587582     0.0180082592587582  -1.73472347597681e-17  -9.63293259526533e-16
      -14.2000000000000     0.0131759054054738     0.0131759054054737   5.55111512312578e-17   4.21308058330448e-15
      -14.1000000000000    0.00697611094385434    0.00697611094385437  -2.51534904016637e-17  -3.60566089101877e-15
      -14.0000000000000       0.00000000000000  -3.89817183251937e-17   3.89817183251937e-17      -1.00000000000000
      -13.9000000000000   -0.00707648664088822   -0.00707648664088832   1.00613961606655e-16  -1.42180670596199e-14
      -13.8000000000000    -0.0135578157070817    -0.0135578157070817   5.20417042793042e-18  -3.83850211595081e-16
      -13.7000000000000    -0.0187969421460031    -0.0187969421460032   6.93889390390723e-17  -3.69150144210167e-15
      -13.6000000000000    -0.0222596096659017    -0.0222596096659017       0.00000000000000      -0.00000000000000
      -13.5000000000000    -0.0235785100876882    -0.0235785100876882       0.00000000000000      -0.00000000000000
      -13.4000000000000    -0.0225918426459898    -0.0225918426459898   3.46944695195361e-18  -1.53570782442107e-16
      -13.3000000000000    -0.0193622637143039    -0.0193622637143039  -2.77555756156289e-17   1.43348815123949e-15
      -13.2000000000000    -0.0141740800574036    -0.0141740800574036   1.21430643318376e-17  -8.56709167907862e-16
      -13.1000000000000   -0.00750863849682033   -0.00750863849682027  -5.29090660172926e-17   7.04642606508468e-15
      -13.0000000000000      -0.00000000000000  -4.80078114242358e-17   4.80078114242358e-17      -1.00000000000000
      -12.9000000000000    0.00762505149677103    0.00762505149677105  -2.25514051876985e-17  -2.95754136181877e-15
      -12.8000000000000     0.0146170200591974     0.0146170200591975  -7.45931094670027e-17  -5.10316803048144e-15
      -12.7000000000000     0.0202770163307277     0.0202770163307278  -1.38777878078145e-17  -6.84409756418851e-16
      -12.6000000000000     0.0240262453536717     0.0240262453536717  -3.12250225675825e-17  -1.29962139768171e-15
      -12.5000000000000     0.0254647908947033     0.0254647908947033       0.00000000000000       0.00000000000000
      -12.4000000000000     0.0244137654400212     0.0244137654400212   2.42861286636753e-17   9.94771934027979e-16
      -12.3000000000000     0.0209364314959547     0.0209364314959547  -2.77555756156289e-17  -1.32570708723651e-15
      -12.2000000000000     0.0153358898981744     0.0153358898981743   6.07153216591882e-17   3.95903479108938e-15
      -12.1000000000000    0.00812918713292118    0.00812918713292121  -3.64291929955129e-17  -4.48128360189713e-15
      -12.0000000000000       0.00000000000000  -3.89817183251937e-17   3.89817183251937e-17      -1.00000000000000
      -11.9000000000000   -0.00826581212675179   -0.00826581212675190   1.09287578986539e-16  -1.32216383956798e-14
      -11.8000000000000    -0.0158557505726887    -0.0158557505726887       0.00000000000000      -0.00000000000000
      -11.7000000000000    -0.0220100946495934    -0.0220100946495934   7.63278329429795e-17  -3.46785573429551e-15
      -11.6000000000000    -0.0260974734014020    -0.0260974734014020   3.46944695195361e-18  -1.32941871367794e-16
      -11.5000000000000    -0.0276791205377209    -0.0276791205377209       0.00000000000000      -0.00000000000000
      -11.4000000000000    -0.0265553238119529    -0.0265553238119529   1.04083408558608e-17  -3.91949310411945e-16
      -11.3000000000000    -0.0227892130442692    -0.0227892130442692  -3.12250225675825e-17   1.37016677613774e-15
      -11.2000000000000    -0.0167051657819399    -0.0167051657819400   1.73472347597681e-17  -1.03843535503983e-15
      -11.1000000000000   -0.00886154633408525   -0.00886154633408519  -5.37764277552810e-17   6.06851510197882e-15
      -11.0000000000000      -0.00000000000000   1.41787526210883e-16  -1.41787526210883e-16      -1.00000000000000
      -10.9000000000000    0.00902414351452718    0.00902414351452720  -1.90819582357449e-17  -2.11454507621986e-15
      -10.8000000000000     0.0173238756257155     0.0173238756257156  -8.32667268468867e-17  -4.80647221475578e-15
      -10.7000000000000     0.0240671128411441     0.0240671128411442  -1.73472347597681e-17  -7.20785865519853e-16
      -10.6000000000000     0.0285594991939871     0.0285594991939871  -3.46944695195361e-17  -1.21481365215398e-15
      -10.5000000000000     0.0303152272555991     0.0303152272555991       0.00000000000000       0.00000000000000
      -10.4000000000000     0.0291087203323330     0.0291087203323330   2.42861286636753e-17   8.34324847894434e-16
      -10.3000000000000     0.0250017580000235     0.0250017580000236  -3.46944695195361e-17  -1.38768119903822e-15
      -10.2000000000000     0.0183429271331105     0.0183429271331105   6.59194920871187e-17   3.59372806797715e-15
      -10.1000000000000    0.00973892715924220    0.00973892715924215   5.55111512312578e-17   5.69992467584874e-15
      -10.0000000000000       0.00000000000000  -3.89817183251937e-17   3.89817183251937e-17      -1.00000000000000
      -9.90000000000000   -0.00993567316245922   -0.00993567316245923   1.73472347597681e-17  -1.74595465008979e-15
      -9.80000000000000    -0.0190916180365028    -0.0190916180365028  -3.46944695195361e-18   1.81726187131971e-16
      -9.70000000000000    -0.0265482584948703    -0.0265482584948704   1.73472347597681e-17  -6.53422700517998e-16
      -9.60000000000000    -0.0315344470266941    -0.0315344470266941       0.00000000000000      -0.00000000000000
      -9.50000000000000    -0.0335063038088201    -0.0335063038088201       0.00000000000000      -0.00000000000000
      -9.40000000000000    -0.0322053927081131    -0.0322053927081131  -2.08166817117217e-17   6.46372546995138e-16
      -9.30000000000000    -0.0276901190752949    -0.0276901190752948  -3.12250225675825e-17   1.12765938213106e-15
      -9.20000000000000    -0.0203367235606225    -0.0203367235606225  -6.93889390390723e-17   3.41200188084518e-15
      -9.10000000000000    -0.0108091389349831    -0.0108091389349830  -5.89805981832114e-17   5.45654917916956e-15
      -9.00000000000000      -0.00000000000000   3.89817183251937e-17  -3.89817183251937e-17      -1.00000000000000
      -8.90000000000000     0.0110520409335221     0.0110520409335221  -1.56125112837913e-17  -1.41263603507265e-15
      -8.80000000000000     0.0212611200861054     0.0212611200861054   6.93889390390723e-18   3.26365397298233e-16
      -8.70000000000000     0.0295997824597980     0.0295997824597980  -1.04083408558608e-17  -3.51635721309686e-16
      -8.60000000000000     0.0352012431925887     0.0352012431925887       0.00000000000000       0.00000000000000
      -8.50000000000000     0.0374482219039754     0.0374482219039754       0.00000000000000       0.00000000000000
      -8.40000000000000     0.0360393680305075     0.0360393680305075   2.77555756156289e-17   7.70146013441016e-16
      -8.30000000000000     0.0310262780000292     0.0310262780000292   3.12250225675825e-17   1.00640568512772e-15
      -8.20000000000000     0.0228168117997228     0.0228168117997228   7.28583859910259e-17   3.19318871674750e-15
      -8.10000000000000     0.0121436005318946     0.0121436005318945   6.07153216591882e-17   4.99977922525717e-15
      -8.00000000000000       0.00000000000000  -3.89817183251937e-17   3.89817183251937e-17      -1.00000000000000
      -7.90000000000000    -0.0124510334567527    -0.0124510334567527   1.38777878078145e-17  -1.11458923116843e-15
      -7.80000000000000    -0.0239869047125291    -0.0239869047125291  -1.38777878078145e-17   5.78556840665050e-16
      -7.70000000000000    -0.0334439100519795    -0.0334439100519795   1.38777878078145e-17  -4.14957096411430e-16
      -7.60000000000000    -0.0398329857179293    -0.0398329857179293  -6.93889390390723e-18   1.74199693516420e-16
      -7.50000000000000    -0.0424413181578388    -0.0424413181578388       0.00000000000000      -0.00000000000000
      -7.40000000000000    -0.0409095528994950    -0.0409095528994950  -3.46944695195361e-17   8.48077455277309e-16
      -7.30000000000000    -0.0352764530685263    -0.0352764530685263  -2.77555756156289e-17   7.86801767221673e-16
      -7.20000000000000    -0.0259858134385732    -0.0259858134385731  -8.32667268468867e-17   3.20431480983721e-15
      -7.10000000000000    -0.0138539668039924    -0.0138539668039924  -6.24500451351651e-17   4.50773746023186e-15
      -7.00000000000000      -0.00000000000000   3.89817183251937e-17  -3.89817183251937e-17      -1.00000000000000
      -6.90000000000000     0.0142555310591806     0.0142555310591806  -8.67361737988404e-18  -6.08438741697959e-16
      -6.80000000000000     0.0275143906996658     0.0275143906996657   2.08166817117217e-17   7.56574330100451e-16
      -6.70000000000000     0.0384355384179466     0.0384355384179466  -1.38777878078145e-17  -3.61066564409945e-16
      -6.60000000000000     0.0458682865842823     0.0458682865842823   6.93889390390723e-18   1.51278681211628e-16
      -6.50000000000000     0.0489707517205832     0.0489707517205832       0.00000000000000       0.00000000000000
      -6.40000000000000     0.0473016705400411     0.0473016705400411   3.46944695195361e-17   7.33472393753348e-16
      -6.30000000000000     0.0408758900635305     0.0408758900635305   3.46944695195361e-17   8.48775879023380e-16
      -6.20000000000000     0.0301770736706012     0.0301770736706011   9.02056207507940e-17   2.98921034343610e-15
      -6.10000000000000     0.0161251089030076     0.0161251089030075   6.93889390390723e-17   4.30316095577689e-15
      -6.00000000000000       0.00000000000000  -3.89817183251937e-17   3.89817183251937e-17      -1.00000000000000
      -5.90000000000000    -0.0166717227641265    -0.0166717227641265   3.46944695195361e-18  -2.08103685566259e-16
      -5.80000000000000    -0.0322582511651254    -0.0322582511651254  -2.08166817117217e-17   6.45313399203326e-16
      -5.70000000000000    -0.0451786153333759    -0.0451786153333759   1.38777878078145e-17  -3.07176032408461e-16
      -5.60000000000000    -0.0540590520457612    -0.0540590520457612  -6.93889390390723e-18   1.28357668906836e-16
      -5.50000000000000    -0.0578745247606892    -0.0578745247606892       0.00000000000000      -0.00000000000000
      -5.40000000000000    -0.0560612391585672    -0.0560612391585672  -2.77555756156289e-17   4.95093865783510e-16
      -5.30000000000000    -0.0485883221509891    -0.0485883221509891  -2.77555756156289e-17   5.71239639215735e-16
      -5.20000000000000    -0.0359803570687937    -0.0359803570687936  -1.04083408558608e-16   2.89278420332526e-15
      -5.10000000000000    -0.0192868949624208    -0.0192868949624208  -7.63278329429795e-17   3.95749720687022e-15
      -5.00000000000000      -0.00000000000000   3.89817183251937e-17  -3.89817183251937e-17      -1.00000000000000
      -4.90000000000000     0.0200741151649686     0.0200741151649686   3.46944695195361e-18   1.72831874453333e-16
      -4.80000000000000     0.0389787201578598     0.0389787201578599  -6.24500451351651e-17  -1.60215740491860e-15
      -4.70000000000000     0.0547910866809026     0.0547910866809026  -2.08166817117217e-17  -3.79928250610465e-16
      -4.60000000000000     0.0658110198817963     0.0658110198817963  -1.38777878078145e-17  -2.10873313204087e-16
      -4.50000000000000     0.0707355302630646     0.0707355302630646       0.00000000000000       0.00000000000000
      -4.40000000000000     0.0688024298764234     0.0688024298764234       0.00000000000000       0.00000000000000
      -4.30000000000000     0.0598879319535447     0.0598879319535447   4.16333634234434e-17   6.95187862819149e-16
      -4.20000000000000     0.0445471087518398     0.0445471087518398       0.00000000000000       0.00000000000000
      -4.10000000000000     0.0239910156849625     0.0239910156849624   8.67361737988404e-17   3.61536063907484e-15
      -4.00000000000000       0.00000000000000  -3.89817183251937e-17   3.89817183251937e-17      -1.00000000000000
      -3.90000000000000    -0.0252213241816277    -0.0252213241816278   1.11022302462516e-16  -4.40192202689297e-15
      -3.80000000000000    -0.0492362780941387    -0.0492362780941388   5.55111512312578e-17  -1.12744409975753e-15
      -3.70000000000000    -0.0695994884865520    -0.0695994884865520   1.38777878078145e-17  -1.99394968405492e-16
      -3.60000000000000    -0.0840918587378506    -0.0840918587378506  -1.38777878078145e-17   1.65031288594504e-16
      -3.50000000000000    -0.0909456817667973    -0.0909456817667973       0.00000000000000      -0.00000000000000
      -3.40000000000000    -0.0890384386636066    -0.0890384386636066  -4.16333634234434e-17   4.67588651017760e-16
      -3.30000000000000    -0.0780357901212855    -0.0780357901212855  -4.16333634234434e-17   5.33516266814696e-16
      -3.20000000000000    -0.0584680802367898    -0.0584680802367898       0.00000000000000      -0.00000000000000
      -3.10000000000000    -0.0317300530026929    -0.0317300530026929   4.85722573273506e-17  -1.53079660230093e-15
      -3.00000000000000      -0.00000000000000   3.89817183251937e-17  -3.89817183251937e-17      -1.00000000000000
      -2.90000000000000     0.0339183325201200     0.0339183325201201  -1.31838984174237e-16  -3.88695358464427e-15
      -2.80000000000000     0.0668206631277597     0.0668206631277598  -5.55111512312578e-17  -8.30748284031866e-16
      -2.70000000000000     0.0953770768149046     0.0953770768149046       0.00000000000000       0.00000000000000
      -2.60000000000000      0.116434881329332      0.116434881329332   1.38777878078145e-17   1.19189263984919e-16
      -2.50000000000000      0.127323954473516      0.127323954473516       0.00000000000000       0.00000000000000
      -2.40000000000000      0.126137788106776      0.126137788106776   2.77555756156289e-17   2.20041718126005e-16
      -2.30000000000000      0.111964394521844      0.111964394521844  -2.77555756156289e-17  -2.47896447206828e-16
      -2.20000000000000     0.0850444803444215     0.0850444803444214   8.32667268468867e-17   9.79096191894701e-16
      -2.10000000000000     0.0468396020515942     0.0468396020515942   2.77555756156289e-17   5.92566426697134e-16
      -2.00000000000000       0.00000000000000  -3.89817183251937e-17   3.89817183251937e-17      -1.00000000000000
      -1.90000000000000    -0.0517700864780779    -0.0517700864780779   4.16333634234434e-17  -8.04197293374679e-16
      -1.80000000000000     -0.103943253754293     -0.103943253754293  -2.77555756156289e-17   2.67026234153100e-16
      -1.70000000000000     -0.151481239647201     -0.151481239647202   8.32667268468867e-17  -5.49683426415140e-16
      -1.60000000000000     -0.189206682160164     -0.189206682160164   2.77555756156289e-17  -1.46694478750670e-16
      -1.50000000000000     -0.212206590789194     -0.212206590789194       0.00000000000000      -0.00000000000000
      -1.40000000000000     -0.216236208183045     -0.216236208183045       0.00000000000000      -0.00000000000000
      -1.30000000000000     -0.198090851846340     -0.198090851846340   5.55111512312578e-17  -2.80230766407719e-16
      -1.20000000000000     -0.155914880631439     -0.155914880631439  -2.77555756156289e-17   1.78017489435400e-16
      -1.10000000000000    -0.0894210584621344    -0.0894210584621343  -2.77555756156289e-17   3.10391937793737e-16
      -1.00000000000000      -0.00000000000000   3.89817183251937e-17  -3.89817183251937e-17      -1.00000000000000
     -0.899999999999999      0.109292404787053      0.109292404787053  -4.16333634234434e-17  -3.80935560019585e-16
     -0.800000000000001      0.233872320947159      0.233872320947159       0.00000000000000       0.00000000000000
     -0.699999999999999      0.367883010571775      0.367883010571775  -1.11022302462516e-16  -3.01786979208312e-16
     -0.600000000000001      0.504551152427103      0.504551152427103       0.00000000000000       0.00000000000000
     -0.500000000000000      0.636619772367581      0.636619772367581       0.00000000000000       0.00000000000000
     -0.399999999999999      0.756826728640659      0.756826728640659  -1.11022302462516e-16  -1.46694478750669e-16
     -0.300000000000001      0.858393691334139      0.858393691334139  -1.11022302462516e-16  -1.29337276803563e-16
     -0.199999999999999      0.935489283788640      0.935489283788639   1.11022302462516e-16   1.18678326290266e-16
     -0.100000000000001      0.983631643083465      0.983631643083466  -1.11022302462516e-16  -1.12869795561360e-16
       0.00000000000000       1.00000000000000       1.00000000000000       0.00000000000000       0.00000000000000
      0.100000000000001      0.983631643083465      0.983631643083466  -1.11022302462516e-16  -1.12869795561360e-16
      0.199999999999999      0.935489283788640      0.935489283788639   1.11022302462516e-16   1.18678326290266e-16
      0.300000000000001      0.858393691334139      0.858393691334139  -1.11022302462516e-16  -1.29337276803563e-16
      0.399999999999999      0.756826728640659      0.756826728640659  -1.11022302462516e-16  -1.46694478750669e-16
      0.500000000000000      0.636619772367581      0.636619772367581       0.00000000000000       0.00000000000000
      0.600000000000001      0.504551152427103      0.504551152427103       0.00000000000000       0.00000000000000
      0.699999999999999      0.367883010571775      0.367883010571775  -1.11022302462516e-16  -3.01786979208312e-16
      0.800000000000001      0.233872320947159      0.233872320947159       0.00000000000000       0.00000000000000
      0.899999999999999      0.109292404787053      0.109292404787053  -4.16333634234434e-17  -3.80935560019585e-16
       1.00000000000000      -0.00000000000000   3.89817183251937e-17  -3.89817183251937e-17      -1.00000000000000
       1.10000000000000    -0.0894210584621344    -0.0894210584621343  -2.77555756156289e-17   3.10391937793737e-16
       1.20000000000000     -0.155914880631439     -0.155914880631439  -2.77555756156289e-17   1.78017489435400e-16
       1.30000000000000     -0.198090851846340     -0.198090851846340   5.55111512312578e-17  -2.80230766407719e-16
       1.40000000000000     -0.216236208183045     -0.216236208183045       0.00000000000000      -0.00000000000000
       1.50000000000000     -0.212206590789194     -0.212206590789194       0.00000000000000      -0.00000000000000
       1.60000000000000     -0.189206682160164     -0.189206682160164   2.77555756156289e-17  -1.46694478750670e-16
       1.70000000000000     -0.151481239647201     -0.151481239647202   8.32667268468867e-17  -5.49683426415140e-16
       1.80000000000000     -0.103943253754293     -0.103943253754293  -2.77555756156289e-17   2.67026234153100e-16
       1.90000000000000    -0.0517700864780779    -0.0517700864780779   4.16333634234434e-17  -8.04197293374679e-16
       2.00000000000000       0.00000000000000  -3.89817183251937e-17   3.89817183251937e-17      -1.00000000000000
       2.10000000000000     0.0468396020515942     0.0468396020515942   2.77555756156289e-17   5.92566426697134e-16
       2.20000000000000     0.0850444803444215     0.0850444803444214   8.32667268468867e-17   9.79096191894701e-16
       2.30000000000000      0.111964394521844      0.111964394521844  -2.77555756156289e-17  -2.47896447206828e-16
       2.40000000000000      0.126137788106776      0.126137788106776   2.77555756156289e-17   2.20041718126005e-16
       2.50000000000000      0.127323954473516      0.127323954473516       0.00000000000000       0.00000000000000
       2.60000000000000      0.116434881329332      0.116434881329332   1.38777878078145e-17   1.19189263984919e-16
       2.70000000000000     0.0953770768149046     0.0953770768149046       0.00000000000000       0.00000000000000
       2.80000000000000     0.0668206631277597     0.0668206631277598  -5.55111512312578e-17  -8.30748284031866e-16
       2.90000000000000     0.0339183325201200     0.0339183325201201  -1.31838984174237e-16  -3.88695358464427e-15
       3.00000000000000      -0.00000000000000   3.89817183251937e-17  -3.89817183251937e-17      -1.00000000000000
       3.10000000000000    -0.0317300530026929    -0.0317300530026929   4.85722573273506e-17  -1.53079660230093e-15
       3.20000000000000    -0.0584680802367898    -0.0584680802367898       0.00000000000000      -0.00000000000000
       3.30000000000000    -0.0780357901212855    -0.0780357901212855  -4.16333634234434e-17   5.33516266814696e-16
       3.40000000000000    -0.0890384386636066    -0.0890384386636066  -4.16333634234434e-17   4.67588651017760e-16
       3.50000000000000    -0.0909456817667973    -0.0909456817667973       0.00000000000000      -0.00000000000000
       3.60000000000000    -0.0840918587378506    -0.0840918587378506  -1.38777878078145e-17   1.65031288594504e-16
       3.70000000000000    -0.0695994884865520    -0.0695994884865520   1.38777878078145e-17  -1.99394968405492e-16
       3.80000000000000    -0.0492362780941387    -0.0492362780941388   5.55111512312578e-17  -1.12744409975753e-15
       3.90000000000000    -0.0252213241816277    -0.0252213241816278   1.11022302462516e-16  -4.40192202689297e-15
       4.00000000000000       0.00000000000000  -3.89817183251937e-17   3.89817183251937e-17      -1.00000000000000
       4.10000000000000     0.0239910156849629     0.0239910156849629  -3.12250225675825e-17  -1.30152983006692e-15
       4.20000000000000     0.0445471087518398     0.0445471087518398       0.00000000000000       0.00000000000000
       4.30000000000000     0.0598879319535447     0.0598879319535447   4.16333634234434e-17   6.95187862819149e-16
       4.40000000000000     0.0688024298764233     0.0688024298764233   2.77555756156289e-17   4.03409816564342e-16
       4.50000000000000     0.0707355302630646     0.0707355302630646       0.00000000000000       0.00000000000000
       4.60000000000000     0.0658110198817961     0.0658110198817961   1.38777878078145e-17   2.10873313204088e-16
       4.70000000000000     0.0547910866809026     0.0547910866809026  -2.08166817117217e-17  -3.79928250610465e-16
       4.80000000000000     0.0389787201578598     0.0389787201578599  -6.24500451351651e-17  -1.60215740491860e-15
       4.90000000000000     0.0200741151649690     0.0200741151649691  -9.36750677027476e-17  -4.66646061023990e-15
       5.00000000000000      -0.00000000000000   3.89817183251937e-17  -3.89817183251937e-17      -1.00000000000000
       5.10000000000000    -0.0192868949624212    -0.0192868949624212   1.73472347597681e-17  -8.99431183379577e-16
       5.20000000000000    -0.0359803570687937    -0.0359803570687936  -1.04083408558608e-16   2.89278420332526e-15
       5.30000000000000    -0.0485883221509891    -0.0485883221509891  -2.77555756156289e-17   5.71239639215735e-16
       5.40000000000000    -0.0560612391585671    -0.0560612391585671   6.93889390390723e-18  -1.23773466445878e-16
       5.50000000000000    -0.0578745247606892    -0.0578745247606892       0.00000000000000      -0.00000000000000
       5.60000000000000    -0.0540590520457611    -0.0540590520457611   2.08166817117217e-17  -3.85073006720508e-16
       5.70000000000000    -0.0451786153333759    -0.0451786153333759   1.38777878078145e-17  -3.07176032408461e-16
       5.80000000000000    -0.0322582511651254    -0.0322582511651254  -2.08166817117217e-17   6.45313399203326e-16
       5.90000000000000    -0.0166717227641268    -0.0166717227641269   8.32667268468867e-17  -4.99448845359010e-15
       6.00000000000000       0.00000000000000  -3.89817183251937e-17   3.89817183251937e-17      -1.00000000000000
       6.10000000000000     0.0161251089030079     0.0161251089030079  -6.93889390390723e-18  -4.30316095577680e-16
       6.20000000000000     0.0301770736706012     0.0301770736706011   9.02056207507940e-17   2.98921034343610e-15
       6.30000000000000     0.0408758900635305     0.0408758900635305   3.46944695195361e-17   8.48775879023380e-16
       6.40000000000000     0.0473016705400410     0.0473016705400410       0.00000000000000       0.00000000000000
       6.50000000000000     0.0489707517205832     0.0489707517205832       0.00000000000000       0.00000000000000
       6.60000000000000     0.0458682865842822     0.0458682865842822  -2.77555756156289e-17  -6.05114724846513e-16
       6.70000000000000     0.0384355384179466     0.0384355384179466  -1.38777878078145e-17  -3.61066564409945e-16
       6.80000000000000     0.0275143906996658     0.0275143906996657   2.08166817117217e-17   7.56574330100451e-16
       6.90000000000000     0.0142555310591809     0.0142555310591809  -7.63278329429795e-17  -5.35426092694192e-15
       7.00000000000000      -0.00000000000000   3.89817183251937e-17  -3.89817183251937e-17      -1.00000000000000
       7.10000000000000    -0.0138539668039927    -0.0138539668039927   3.46944695195361e-18  -2.50429858901765e-16
       7.20000000000000    -0.0259858134385732    -0.0259858134385731  -8.32667268468867e-17   3.20431480983721e-15
       7.30000000000000    -0.0352764530685263    -0.0352764530685263  -2.77555756156289e-17   7.86801767221673e-16
       7.40000000000000    -0.0409095528994949    -0.0409095528994949       0.00000000000000      -0.00000000000000
       7.50000000000000    -0.0424413181578388    -0.0424413181578388       0.00000000000000      -0.00000000000000
       7.60000000000000    -0.0398329857179293    -0.0398329857179293   2.08166817117217e-17  -5.22599080549261e-16
       7.70000000000000    -0.0334439100519795    -0.0334439100519795   1.38777878078145e-17  -4.14957096411430e-16
       7.80000000000000    -0.0239869047125291    -0.0239869047125291  -1.38777878078145e-17   5.78556840665050e-16
       7.90000000000000    -0.0124510334567529    -0.0124510334567530   7.28583859910259e-17  -5.85159346363415e-15
       8.00000000000000       0.00000000000000  -3.89817183251937e-17   3.89817183251937e-17      -1.00000000000000
       8.10000000000000     0.0121436005318948     0.0121436005318948   3.46944695195361e-18   2.85701670014689e-16
       8.20000000000000     0.0228168117997228     0.0228168117997228   7.28583859910259e-17   3.19318871674750e-15
       8.30000000000000     0.0310262780000292     0.0310262780000292   3.12250225675825e-17   1.00640568512772e-15
       8.40000000000000     0.0360393680305074     0.0360393680305074       0.00000000000000       0.00000000000000
       8.50000000000000     0.0374482219039754     0.0374482219039754       0.00000000000000       0.00000000000000
       8.60000000000000     0.0352012431925886     0.0352012431925887  -2.77555756156289e-17  -7.88482823284850e-16
       8.70000000000000     0.0295997824597980     0.0295997824597980  -1.04083408558608e-17  -3.51635721309686e-16
       8.80000000000000     0.0212611200861054     0.0212611200861054   6.93889390390723e-18   3.26365397298233e-16
       8.90000000000000     0.0110520409335222     0.0110520409335223  -6.93889390390723e-17  -6.27838237810054e-15
       9.00000000000000      -0.00000000000000   3.89817183251937e-17  -3.89817183251937e-17      -1.00000000000000
       9.10000000000000    -0.0108091389349833    -0.0108091389349833  -6.93889390390723e-18   6.41946962255228e-16
       9.20000000000000    -0.0203367235606225    -0.0203367235606225  -6.93889390390723e-17   3.41200188084518e-15
       9.30000000000000    -0.0276901190752949    -0.0276901190752948  -3.12250225675825e-17   1.12765938213106e-15
       9.40000000000000    -0.0322053927081130    -0.0322053927081130       0.00000000000000      -0.00000000000000
       9.50000000000000    -0.0335063038088201    -0.0335063038088201       0.00000000000000      -0.00000000000000
       9.60000000000000    -0.0315344470266940    -0.0315344470266940   2.08166817117217e-17  -6.60125154378014e-16
       9.70000000000000    -0.0265482584948703    -0.0265482584948704   1.73472347597681e-17  -6.53422700517998e-16
       9.80000000000000    -0.0190916180365028    -0.0190916180365028  -3.46944695195361e-18   1.81726187131971e-16
       9.90000000000000   -0.00993567316245939   -0.00993567316245945   6.59194920871187e-17  -6.63462767034107e-15
       10.0000000000000       0.00000000000000  -3.89817183251937e-17   3.89817183251937e-17      -1.00000000000000
       10.1000000000000    0.00973892715924237    0.00973892715924236   1.04083408558608e-17   1.06873587672162e-15
       10.2000000000000     0.0183429271331105     0.0183429271331105   6.59194920871187e-17   3.59372806797715e-15
       10.3000000000000     0.0250017580000235     0.0250017580000236  -3.46944695195361e-17  -1.38768119903822e-15
       10.4000000000000     0.0291087203323329     0.0291087203323329   3.81639164714898e-17   1.31108190383411e-15
       10.5000000000000     0.0303152272555991     0.0303152272555991       0.00000000000000       0.00000000000000
       10.6000000000000     0.0285594991939870     0.0285594991939870  -2.08166817117217e-17  -7.28888191292390e-16
       10.7000000000000     0.0240671128411441     0.0240671128411442  -1.73472347597681e-17  -7.20785865519853e-16
       10.8000000000000     0.0173238756257155     0.0173238756257156  -8.32667268468867e-17  -4.80647221475578e-15
       10.9000000000000    0.00902414351452733    0.00902414351452740  -6.24500451351651e-17  -6.92032934035576e-15
       11.0000000000000      -0.00000000000000   1.41787526210883e-16  -1.41787526210883e-16      -1.00000000000000
       11.1000000000000   -0.00886154633408540   -0.00886154633408539  -1.04083408558608e-17   1.17455131006039e-15
       11.2000000000000    -0.0167051657819399    -0.0167051657819400   1.73472347597681e-17  -1.03843535503983e-15
       11.3000000000000    -0.0227892130442692    -0.0227892130442692  -3.12250225675825e-17   1.37016677613774e-15
       11.4000000000000    -0.0265553238119528    -0.0265553238119528  -3.46944695195361e-18   1.30649770137315e-16
       11.5000000000000    -0.0276791205377209    -0.0276791205377209       0.00000000000000      -0.00000000000000
       11.6000000000000    -0.0260974734014019    -0.0260974734014019  -1.04083408558608e-17   3.98825614103384e-16
       11.7000000000000    -0.0220100946495934    -0.0220100946495934   7.63278329429795e-17  -3.46785573429551e-15
       11.8000000000000    -0.0158557505726887    -0.0158557505726887       0.00000000000000      -0.00000000000000
       11.9000000000000   -0.00826581212675193   -0.00826581212675190  -3.12250225675825e-17   3.77761097019424e-15
       12.0000000000000       0.00000000000000  -3.89817183251937e-17   3.89817183251937e-17      -1.00000000000000
       12.1000000000000    0.00812918713292132    0.00812918713292121   1.02348685082632e-16   1.25902729767586e-14
       12.2000000000000     0.0153358898981746     0.0153358898981746  -8.67361737988404e-18  -5.65576398727043e-16
       12.3000000000000     0.0209364314959545     0.0209364314959545   2.77555756156289e-17   1.32570708723653e-15
       12.4000000000000     0.0244137654400212     0.0244137654400211   3.46944695195361e-17   1.42110276289712e-15
       12.5000000000000     0.0254647908947033     0.0254647908947033       0.00000000000000       0.00000000000000
       12.6000000000000     0.0240262453536716     0.0240262453536716  -2.08166817117217e-17  -8.66414265121143e-16
       12.7000000000000     0.0202770163307276     0.0202770163307275   3.12250225675825e-17   1.53992195194243e-15
       12.8000000000000     0.0146170200591977     0.0146170200591977   3.46944695195361e-18   2.37356652580530e-16
       12.9000000000000    0.00762505149677116    0.00762505149677122  -5.89805981832114e-17  -7.73510817706430e-15
       13.0000000000000      -0.00000000000000  -4.80078114242358e-17   4.80078114242358e-17      -1.00000000000000
       13.1000000000000   -0.00750863849682045   -0.00750863849682044  -1.56125112837913e-17   2.07927326510691e-15
       13.2000000000000    -0.0141740800574038    -0.0141740800574037  -6.41847686111419e-17   4.52831988751294e-15
       13.3000000000000    -0.0193622637143038    -0.0193622637143037  -7.28583859910259e-17   3.76290639700369e-15
       13.4000000000000    -0.0225918426459897    -0.0225918426459897  -6.93889390390723e-18   3.07141564884215e-16
       13.5000000000000    -0.0235785100876882    -0.0235785100876882       0.00000000000000      -0.00000000000000
       13.6000000000000    -0.0222596096659016    -0.0222596096659016  -1.04083408558608e-17   4.67588651017760e-16
       13.7000000000000    -0.0187969421460029    -0.0187969421460030   2.42861286636753e-17  -1.29202550473560e-15
       13.8000000000000    -0.0135578157070819    -0.0135578157070820   6.59194920871187e-17  -4.86210268020426e-15
       13.9000000000000   -0.00707648664088834   -0.00707648664088832  -1.99493199737333e-17   2.81909950320051e-15
       14.0000000000000       0.00000000000000  -3.89817183251937e-17   3.89817183251937e-17      -1.00000000000000
       14.1000000000000    0.00697611094385446    0.00697611094385437   9.36750677027476e-17   1.34279784906906e-14
       14.2000000000000     0.0131759054054739     0.0131759054054739  -1.73472347597681e-18  -1.31658768228263e-16
       14.3000000000000     0.0180082592587581     0.0180082592587580   2.42861286636753e-17   1.34861056333716e-15
       14.4000000000000     0.0210229646844627     0.0210229646844626   3.46944695195361e-17   1.65031288594504e-15
       14.5000000000000     0.0219524059437097     0.0219524059437097       0.00000000000000       0.00000000000000
       14.6000000000000     0.0207349788668673     0.0207349788668673  -2.08166817117217e-17  -1.00394033894990e-15
       14.7000000000000     0.0175182385986558     0.0175182385986558   2.42861286636753e-17   1.38633393573820e-15
       14.8000000000000     0.0126417470782250     0.0126417470782250  -3.46944695195361e-18  -2.74443629546237e-16
       14.9000000000000    0.00660155465156698    0.00660155465156703  -5.55111512312578e-17  -8.40879976932115e-15
       15.0000000000000      -0.00000000000000   1.14372644108033e-16  -1.14372644108033e-16      -1.00000000000000
       15.1000000000000   -0.00651411684161245   -0.00651411684161243  -1.82145964977565e-17   2.79617282597711e-15
       15.2000000000000    -0.0123090695235349    -0.0123090695235348  -6.07153216591882e-17   4.93256793643916e-15
       15.3000000000000    -0.0168312488496889    -0.0168312488496888  -6.93889390390723e-17   4.12262569811361e-15
       15.4000000000000    -0.0196578371075495    -0.0196578371075495  -6.93889390390723e-18   3.52983589493799e-16
       15.5000000000000    -0.0205361216892768    -0.0205361216892768       0.00000000000000      -0.00000000000000
       15.6000000000000    -0.0194058135548886    -0.0194058135548886  -6.93889390390723e-18   3.57567791954758e-16
       15.7000000000000    -0.0164024272229452    -0.0164024272229453   2.08166817117217e-17  -1.26912202863497e-15
       15.8000000000000    -0.0118416365036538    -0.0118416365036539   6.24500451351651e-17  -5.27376812452362e-15
       15.9000000000000   -0.00618636253511622   -0.00618636253511621  -1.30104260698261e-17   2.10308173760813e-15
       16.0000000000000       0.00000000000000  -3.89817183251937e-17   3.89817183251937e-17      -1.00000000000000
       16.1000000000000    0.00610951331107751    0.00610951331107742   8.67361737988404e-17   1.41969039729523e-14
       16.2000000000000     0.0115492504171438     0.0115492504171438   3.46944695195361e-18   3.00404513422233e-16
       16.3000000000000     0.0157986568957203     0.0157986568957202   2.42861286636753e-17   1.53722742534236e-15
       16.4000000000000     0.0184591885034306     0.0184591885034306   2.77555756156289e-17   1.50361840719437e-15
       16.5000000000000     0.0192915082535631     0.0192915082535631       0.00000000000000       0.00000000000000
       16.6000000000000     0.0182367886419435     0.0182367886419435  -1.73472347597681e-17  -9.51222010648874e-16
       16.7000000000000     0.0154202459521102     0.0154202459521102   1.90819582357449e-17   1.23746134108410e-15
       16.8000000000000     0.0111367771879601     0.0111367771879601  -6.93889390390723e-18  -6.23061213023890e-16
       16.9000000000000    0.00582030558037562    0.00582030558037567  -5.46437894932694e-17  -9.38847432298261e-15
       17.0000000000000      -0.00000000000000  -2.75396867773112e-17   2.75396867773112e-17      -1.00000000000000
       17.1000000000000   -0.00575223183089754   -0.00575223183089752  -2.16840434497101e-17   3.76967481269383e-15
       17.2000000000000    -0.0108777823696355    -0.0108777823696354  -5.89805981832114e-17   5.42211603238651e-15
       17.3000000000000    -0.0148854397341179    -0.0148854397341179  -6.07153216591882e-17   4.07883964086240e-15
       17.4000000000000    -0.0173983156009346    -0.0173983156009346  -6.93889390390723e-18   3.98825614103384e-16
       17.5000000000000    -0.0181891363533595    -0.0181891363533595       0.00000000000000      -0.00000000000000
       17.6000000000000    -0.0172006074691058    -0.0172006074691058       0.00000000000000      -0.00000000000000
       17.7000000000000    -0.0145490456158328    -0.0145490456158328   2.25514051876985e-17  -1.55002642669271e-15
       17.8000000000000    -0.0105111155481871    -0.0105111155481871   5.89805981832114e-17  -5.61125961491155e-15
       17.9000000000000   -0.00549514884404178   -0.00549514884404178  -6.93889390390723e-18   1.26273083784270e-15
       18.0000000000000       0.00000000000000  -3.89817183251937e-17   3.89817183251937e-17      -1.00000000000000
       18.1000000000000    0.00543442896731204    0.00543442896731196   8.06646416329215e-17   1.48432599115967e-14
       18.2000000000000     0.0102801020196555     0.0102801020196555   5.20417042793042e-18   5.06237235581911e-16
       18.3000000000000     0.0140720277267891     0.0140720277267891   2.25514051876985e-17   1.60256969539416e-15
       18.4000000000000     0.0164527549704490     0.0164527549704490   2.77555756156289e-17   1.68698650563271e-15
       18.5000000000000     0.0172059397937184     0.0172059397937184       0.00000000000000       0.00000000000000
       18.6000000000000     0.0162758436266808     0.0162758436266808  -1.73472347597681e-17  -1.06582707217283e-15
       18.7000000000000     0.0137710217861091     0.0137710217861091   1.38777878078145e-17   1.00775294842777e-15
       18.8000000000000    0.00995201365732607    0.00995201365732608  -6.93889390390723e-18  -6.97235166955306e-16
       18.9000000000000    0.00520440022795492    0.00520440022795497  -5.20417042793042e-17  -9.99955845051402e-15
       19.0000000000000      -0.00000000000000   9.85008702590139e-17  -9.85008702590139e-17      -1.00000000000000
       19.1000000000000   -0.00514990389048942   -0.00514990389048940  -2.16840434497101e-17   4.21057245160539e-15
       19.2000000000000   -0.00974468003946511   -0.00974468003946505  -5.37764277552810e-17   5.51854217249735e-15
       19.3000000000000    -0.0133429071191834    -0.0133429071191834  -5.72458747072346e-17   4.29035997896823e-15
       19.4000000000000    -0.0156046748173331    -0.0156046748173331  -8.67361737988404e-18   5.55834548391210e-16
       19.5000000000000    -0.0163235839068611    -0.0163235839068611       0.00000000000000      -0.00000000000000
       19.6000000000000    -0.0154454434416460    -0.0154454434416460  -1.73472347597681e-18   1.12312960293482e-16
       19.7000000000000    -0.0130719851472203    -0.0130719851472203   2.42861286636753e-17  -1.85787609075119e-15
       19.8000000000000   -0.00944938670493586   -0.00944938670493592   5.55111512312578e-17  -5.87457715136808e-15
       19.9000000000000   -0.00494287257830894   -0.00494287257830894  -2.60208521396521e-18   5.26431780860400e-16
       20.0000000000000       0.00000000000000  -3.89817183251937e-17   3.89817183251937e-17      -1.00000000000000
max(abs(diff)) = 1.41787526210883e-16
max(abs(frac)) = 1.00000000000000
