  k =      -0.900000000000000
                    phi                     f1                     f2                  delta                   frac
       0.00000000000000       0.00000000000000       0.00000000000000       0.00000000000000                      -
      0.174532925199433      0.129826975807458      0.129826975807458       0.00000000000000       0.00000000000000
      0.349065850398866      0.257524983838953      0.257524983838953   5.55111512312578e-17   2.15556372060477e-16
      0.523598775598299      0.381167203594398      0.381167203594398  -5.55111512312578e-17  -1.45634647230373e-16
      0.698131700797732      0.499227316217294      0.499227316217294       0.00000000000000       0.00000000000000
      0.872664625997165      0.610765329288198      0.610765329288198  -1.11022302462516e-16  -1.81775711780995e-16
       1.04719755119660      0.715582239290523      0.715582239290523  -1.11022302462516e-16  -1.55149605966451e-16
       1.22173047639603      0.814311914349809      0.814311914349809   2.22044604925031e-16   2.72677583383173e-16
       1.39626340159546      0.908409230190520      0.908409230190515   4.21884749357559e-15   4.64421469241434e-15
       1.74532925199433       1.09159076980948       1.09159076980948       0.00000000000000       0.00000000000000
       1.91986217719376       1.18568808565019       1.18568808565019   2.22044604925031e-16   1.87270672289222e-16
       2.09439510239320       1.28441776070948       1.28441776070948   2.22044604925031e-16   1.72875688671870e-16
       2.26892802759263       1.38923467071180       1.38923467071180   2.22044604925031e-16   1.59832323225321e-16
       2.44346095279206       1.50077268378271       1.50077268378271   2.22044604925031e-16   1.47953522425106e-16
       2.61799387799149       1.61883279640560       1.61883279640560   2.22044604925031e-16   1.37163396626292e-16
       2.79252680319093       1.74247501616105       1.74247501616105       0.00000000000000       0.00000000000000
       2.96705972839036       1.87017302419254       1.87017302419254       0.00000000000000       0.00000000000000
       3.14159265358979       2.00000000000000       2.00000000000000       0.00000000000000       0.00000000000000
max(abs(diff)) = 4.21884749357559e-15
max(abs(frac)) = 4.64421469241434e-15

  k =      -0.800000000000000
                    phi                     f1                     f2                  delta                   frac
       0.00000000000000       0.00000000000000       0.00000000000000       0.00000000000000                      -
      0.174532925199433      0.141267428162930      0.141267428162930   5.55111512312578e-17   3.92950816427651e-16
      0.349065850398866      0.279287136071262      0.279287136071262   1.11022302462516e-16   3.97520286914280e-16
      0.523598775598299      0.411053020420411      0.411053020420411   5.55111512312578e-17   1.35046206872493e-16
      0.698131700797732      0.534056855782058      0.534056855782058       0.00000000000000       0.00000000000000
      0.872664625997165      0.646569987280358      0.646569987280358   1.11022302462516e-16   1.71709644194133e-16
       1.04719755119660      0.747946901827143      0.747946901827143   4.44089209850063e-16   5.93744300250736e-16
       1.22173047639603      0.838910156623647      0.838910156623646   4.44089209850063e-16   5.29364445457883e-16
       1.39626340159546      0.921710876601023      0.921710876601020   2.99760216648792e-15   3.25221524730416e-15
       1.74532925199433       1.07828912339898       1.07828912339898  -2.22044604925031e-16  -2.05923068411469e-16
       1.91986217719376       1.16108984337635       1.16108984337635  -4.44089209850063e-16  -3.82476181652479e-16
       2.09439510239320       1.25205309817286       1.25205309817286   4.44089209850063e-16   3.54688799139693e-16
       2.26892802759263       1.35343001271964       1.35343001271964       0.00000000000000       0.00000000000000
       2.44346095279206       1.46594314421794       1.46594314421794       0.00000000000000       0.00000000000000
       2.61799387799149       1.58894697957959       1.58894697957959       0.00000000000000       0.00000000000000
       2.79252680319093       1.72071286392874       1.72071286392874       0.00000000000000       0.00000000000000
       2.96705972839036       1.85873257183707       1.85873257183707       0.00000000000000       0.00000000000000
       3.14159265358979       2.00000000000000       2.00000000000000       0.00000000000000       0.00000000000000
max(abs(diff)) = 2.99760216648792e-15
max(abs(frac)) = 3.25221524730416e-15

  k =      -0.700000000000000
                    phi                     f1                     f2                  delta                   frac
       0.00000000000000       0.00000000000000       0.00000000000000       0.00000000000000                      -
      0.174532925199433      0.149958915264749      0.149958915264749  -2.77555756156289e-17  -1.85087866010680e-16
      0.349065850398866      0.295942671425945      0.295942671425945  -5.55111512312578e-17  -1.87574001963920e-16
      0.523598775598299      0.434208362085148      0.434208362085148  -1.11022302462516e-16  -2.55689001311182e-16
      0.698131700797732      0.561502726049172      0.561502726049172  -1.11022302462516e-16  -1.97723532428217e-16
      0.872664625997165      0.675375655065189      0.675375655065189  -2.22044604925031e-16  -3.28772000085788e-16
       1.04719755119660      0.774584469960881      0.774584469960881  -1.11022302462516e-16  -1.43331433520895e-16
       1.22173047639603      0.859596352336521      0.859596352336521  -1.11022302462516e-16  -1.29156321057831e-16
       1.39626340159546      0.933075727133793      0.933075727133795  -2.22044604925031e-15  -2.37970615318763e-15
       1.74532925199433       1.06692427286620       1.06692427286620  -2.22044604925031e-16  -2.08116555759414e-16
       1.91986217719376       1.14040364766348       1.14040364766348   2.22044604925031e-16   1.94707027972042e-16
       2.09439510239320       1.22541553003912       1.22541553003912   2.22044604925031e-16   1.81199437645403e-16
       2.26892802759263       1.32462434493481       1.32462434493481       0.00000000000000       0.00000000000000
       2.44346095279206       1.43849727395083       1.43849727395083       0.00000000000000       0.00000000000000
       2.61799387799149       1.56579163791485       1.56579163791485       0.00000000000000       0.00000000000000
       2.79252680319093       1.70405732857406       1.70405732857406       0.00000000000000       0.00000000000000
       2.96705972839036       1.85004108473525       1.85004108473525       0.00000000000000       0.00000000000000
       3.14159265358979       2.00000000000000       2.00000000000000       0.00000000000000       0.00000000000000
max(abs(diff)) = 2.22044604925031e-15
max(abs(frac)) = 2.37970615318763e-15

  k =      -0.600000000000000
                    phi                     f1                     f2                  delta                   frac
       0.00000000000000       0.00000000000000       0.00000000000000       0.00000000000000                      -
      0.174532925199433      0.156814331219101      0.156814331219101  -5.55111512312578e-17  -3.53992844912227e-16
      0.349065850398866      0.309166513059592      0.309166513059592  -5.55111512312578e-17  -1.79550982678897e-16
      0.523598775598299      0.452802895513508      0.452802895513508  -1.11022302462516e-16  -2.45189029404525e-16
      0.698131700797732      0.583911060833074      0.583911060833074       0.00000000000000       0.00000000000000
      0.872664625997165      0.699415894461617      0.699415894461617       0.00000000000000       0.00000000000000
       1.04719755119660      0.797409657377039      0.797409657377039       0.00000000000000       0.00000000000000
       1.22173047639603      0.877817125512315      0.877817125512314   4.44089209850063e-16   5.05901738463899e-16
       1.39626340159546      0.943310222076583      0.943310222076578   5.21804821573824e-15   5.53163539800445e-15
       1.74532925199433       1.05668977792342       1.05668977792342  -4.44089209850063e-16  -4.20264508210512e-16
       1.91986217719376       1.12218287448769       1.12218287448769   2.22044604925031e-16   1.97868466872124e-16
       2.09439510239320       1.20259034262296       1.20259034262296   2.22044604925031e-16   1.84638606394204e-16
       2.26892802759263       1.30058410553838       1.30058410553838       0.00000000000000       0.00000000000000
       2.44346095279206       1.41608893916693       1.41608893916693   2.22044604925031e-16   1.56801312956839e-16
       2.61799387799149       1.54719710448649       1.54719710448649   2.22044604925031e-16   1.43514103200657e-16
       2.79252680319093       1.69083348694041       1.69083348694041   2.22044604925031e-16   1.31322573535508e-16
       2.96705972839036       1.84318566878090       1.84318566878090   2.22044604925031e-16   1.20467844713601e-16
       3.14159265358979       2.00000000000000       2.00000000000000       0.00000000000000       0.00000000000000
max(abs(diff)) = 5.21804821573824e-15
max(abs(frac)) = 5.53163539800445e-15

  k =      -0.500000000000000
                    phi                     f1                     f2                  delta                   frac
       0.00000000000000       0.00000000000000       0.00000000000000       0.00000000000000                      -
      0.174532925199433      0.162247312787885      0.162247312787885   2.77555756156289e-17   1.71069555105146e-16
      0.349065850398866      0.319706974505419      0.319706974505419       0.00000000000000       0.00000000000000
      0.523598775598299      0.467777197713232      0.467777197713232       0.00000000000000       0.00000000000000
      0.698131700797732      0.602244130689899      0.602244130689899   2.22044604925031e-16   3.68695340659724e-16
      0.872664625997165      0.719533364052535      0.719533364052535   2.22044604925031e-16   3.08595286915451e-16
       1.04719755119660      0.817092791411774      0.817092791411774   2.22044604925031e-16   2.71749558017006e-16
       1.22173047639603      0.894095114182460      0.894095114182459   1.11022302462516e-15   1.24172809694897e-15
       1.39626340159546      0.952750691293130      0.952750691293127   2.44249065417534e-15   2.56361992334034e-15
       1.74532925199433       1.04724930870687       1.04724930870687   2.22044604925031e-16   2.12026499400805e-16
       1.91986217719376       1.10590488581754       1.10590488581754       0.00000000000000       0.00000000000000
       2.09439510239320       1.18290720858823       1.18290720858823       0.00000000000000       0.00000000000000
       2.26892802759263       1.28046663594747       1.28046663594747       0.00000000000000       0.00000000000000
       2.44346095279206       1.39775586931010       1.39775586931010  -2.22044604925031e-16  -1.58857930630352e-16
       2.61799387799149       1.53222280228677       1.53222280228677   2.22044604925031e-16   1.44916656111396e-16
       2.79252680319093       1.68029302549458       1.68029302549458       0.00000000000000       0.00000000000000
       2.96705972839036       1.83775268721211       1.83775268721211       0.00000000000000       0.00000000000000
       3.14159265358979       2.00000000000000       2.00000000000000   2.22044604925031e-16   1.11022302462516e-16
max(abs(diff)) = 2.44249065417534e-15
max(abs(frac)) = 2.56361992334034e-15

  k =      -0.400000000000000
                    phi                     f1                     f2                  delta                   frac
       0.00000000000000       0.00000000000000       0.00000000000000       0.00000000000000                      -
      0.174532925199433      0.166487617531436      0.166487617531436   2.77555756156289e-17   1.66712552123512e-16
      0.349065850398866      0.327973725064717      0.327973725064717   1.11022302462516e-16   3.38509746293269e-16
      0.523598775598299      0.479627101067775      0.479627101067775   1.66533453693773e-16   3.47214436638436e-16
      0.698131700797732      0.616963834381971      0.616963834381971   2.22044604925031e-16   3.59898899337364e-16
      0.872664625997165      0.736050401818367      0.736050401818367   2.22044604925031e-16   3.01670380691980e-16
       1.04719755119660      0.833796319208917      0.833796319208916   4.44089209850063e-16   5.32611142096912e-16
       1.22173047639603      0.908543246583688      0.908543246583686   1.11022302462516e-15   1.22198148387523e-15
       1.39626340159546      0.961539936546052      0.961539936546049   3.66373598126302e-15   3.81027957551460e-15
       1.74532925199433       1.03846006345395       1.03846006345395   2.22044604925031e-16   2.13821034375173e-16
       1.91986217719376       1.09145675341631       1.09145675341631       0.00000000000000       0.00000000000000
       2.09439510239320       1.16620368079108       1.16620368079108   2.22044604925031e-16   1.90399506177522e-16
       2.26892802759263       1.26394959818163       1.26394959818163   2.22044604925031e-16   1.75675205122477e-16
       2.44346095279206       1.38303616561803       1.38303616561803       0.00000000000000       0.00000000000000
       2.61799387799149       1.52037289893223       1.52037289893223       0.00000000000000       0.00000000000000
       2.79252680319093       1.67202627493528       1.67202627493528       0.00000000000000       0.00000000000000
       2.96705972839036       1.83351238246856       1.83351238246856   2.22044604925031e-16   1.21103411707577e-16
       3.14159265358979       2.00000000000000       2.00000000000000   2.22044604925031e-16   1.11022302462516e-16
max(abs(diff)) = 3.66373598126302e-15
max(abs(frac)) = 3.81027957551460e-15

  k =      -0.300000000000000
                    phi                     f1                     f2                  delta                   frac
       0.00000000000000       0.00000000000000       0.00000000000000       0.00000000000000                      -
      0.174532925199433      0.169675353654100      0.169675353654100   5.55111512312578e-17   3.27160957886806e-16
      0.349065850398866      0.334213042758027      0.334213042758027   1.11022302462516e-16   3.32190214799298e-16
      0.523598775598299      0.488637748243175      0.488637748243175   5.55111512312578e-17   1.13603894563693e-16
      0.698131700797732      0.628298534391720      0.628298534391720   1.11022302462516e-16   1.76703105904903e-16
      0.872664625997165      0.749036370901125      0.749036370901125   2.22044604925031e-16   2.96440351298164e-16
       1.04719755119660      0.847387914095366      0.847387914095366   2.22044604925031e-16   2.62034189102256e-16
       1.22173047639603      0.920965621683152      0.920965621683152   4.44089209850063e-16   4.82199551638472e-16
       1.39626340159546      0.969671547698785      0.969671547698784   5.55111512312578e-16   5.72473755293701e-16
       1.74532925199433       1.03032845230122       1.03032845230122  -2.22044604925031e-16  -2.15508563729459e-16
       1.91986217719376       1.07903437831685       1.07903437831685   2.22044604925031e-16   2.05780843860964e-16
       2.09439510239320       1.15261208590463       1.15261208590463   2.22044604925031e-16   1.92644696026034e-16
       2.26892802759263       1.25096362909887       1.25096362909888  -2.22044604925031e-16  -1.77498849494913e-16
       2.44346095279206       1.37170146560828       1.37170146560828       0.00000000000000       0.00000000000000
       2.61799387799149       1.51136225175683       1.51136225175683   2.22044604925031e-16   1.46916865673285e-16
       2.79252680319093       1.66578695724197       1.66578695724197       0.00000000000000       0.00000000000000
       2.96705972839036       1.83032464634590       1.83032464634590   2.22044604925031e-16   1.21314328235882e-16
       3.14159265358979       2.00000000000000       2.00000000000000   2.22044604925031e-16   1.11022302462516e-16
max(abs(diff)) = 5.55111512312578e-16
max(abs(frac)) = 5.72473755293701e-16

  k =      -0.200000000000000
                    phi                     f1                     f2                  delta                   frac
       0.00000000000000       0.00000000000000       0.00000000000000       0.00000000000000                      -
      0.174532925199433      0.171898995401849      0.171898995401849       0.00000000000000       0.00000000000000
      0.349065850398866      0.338578418227539      0.338578418227539   5.55111512312578e-17   1.63953602010013e-16
      0.523598775598299      0.494978586048927      0.494978586048927       0.00000000000000       0.00000000000000
      0.698131700797732      0.636355788695857      0.636355788695857   1.11022302462516e-16   1.74465769675866e-16
      0.872664625997165      0.758432455546436      0.758432455546436       0.00000000000000       0.00000000000000
       1.04719755119660      0.857546871358752      0.857546871358752       0.00000000000000       0.00000000000000
       1.22173047639603      0.930849189730149      0.930849189730148   9.99200722162641e-16   1.07342922267817e-15
       1.39626340159546      0.976911622155541      0.976911622155539   1.99840144432528e-15   2.04563176340951e-15
       1.74532925199433       1.02308837784446       1.02308837784446  -2.22044604925031e-16  -2.17033650008669e-16
       1.91986217719376       1.06915081026985       1.06915081026985       0.00000000000000       0.00000000000000
       2.09439510239320       1.14245312864125       1.14245312864125       0.00000000000000       0.00000000000000
       2.26892802759263       1.24156754445356       1.24156754445356   2.22044604925031e-16   1.78842146701537e-16
       2.44346095279206       1.36364421130414       1.36364421130414       0.00000000000000       0.00000000000000
       2.61799387799149       1.50502141395107       1.50502141395107   2.22044604925031e-16   1.47535844252280e-16
       2.79252680319093       1.66142158177246       1.66142158177246       0.00000000000000       0.00000000000000
       2.96705972839036       1.82810100459815       1.82810100459815       0.00000000000000       0.00000000000000
       3.14159265358979       2.00000000000000       2.00000000000000   2.22044604925031e-16   1.11022302462516e-16
max(abs(diff)) = 1.99840144432528e-15
max(abs(frac)) = 2.04563176340951e-15

  k =      -0.100000000000000
                    phi                     f1                     f2                  delta                   frac
       0.00000000000000       0.00000000000000       0.00000000000000       0.00000000000000                      -
      0.174532925199433      0.173213273659514      0.173213273659514       0.00000000000000       0.00000000000000
      0.349065850398866      0.341163766734994      0.341163766734994  -5.55111512312578e-17  -1.62711157056656e-16
      0.523598775598299      0.498748688976343      0.498748688976343       0.00000000000000       0.00000000000000
      0.698131700797732      0.641180440754140      0.641180440754140   1.11022302462516e-16   1.73152977548620e-16
      0.872664625997165      0.764132495182670      0.764132495182670   1.11022302462516e-16   1.45291952851678e-16
       1.04719755119660      0.863872302764399      0.863872302764399       0.00000000000000       0.00000000000000
       1.22173047639603      0.937381808236681      0.937381808236681   5.55111512312578e-16   5.92193605033582e-16
       1.39626340159546      0.982512888680232      0.982512888680229   2.99760216648792e-15   3.05095454830571e-15
       1.57079632679490       1.00000000000000  -3.06545844565284e-18       1.00000000000000  -3.26215480564779e+17
       1.74532925199433       1.01748711131977       1.01748711131977  -8.88178419700125e-16  -8.72913680988135e-16
       1.91986217719376       1.06261819176332       1.06261819176332  -2.22044604925031e-16  -2.08959913020657e-16
       2.09439510239320       1.13612769723560       1.13612769723560  -2.22044604925031e-16  -1.95439830808900e-16
       2.26892802759263       1.23586750481733       1.23586750481733  -2.22044604925031e-16  -1.79666998330740e-16
       2.44346095279206       1.35881955924586       1.35881955924586  -2.22044604925031e-16  -1.63409926957679e-16
       2.61799387799149       1.50125131102366       1.50125131102366  -2.22044604925031e-16  -1.47906352050827e-16
       2.79252680319093       1.65883623326501       1.65883623326501   2.22044604925031e-16   1.33855651614260e-16
       2.96705972839036       1.82678672634049       1.82678672634049  -2.22044604925031e-16  -1.21549276510150e-16
       3.14159265358979       2.00000000000000       2.00000000000000   2.22044604925031e-16   1.11022302462516e-16
max(abs(diff)) = 1.00000000000000
max(abs(frac)) = 3.26215480564779e+17

  k =        0.00000000000000
                    phi                     f1                     f2                  delta                   frac
       0.00000000000000       0.00000000000000       0.00000000000000       0.00000000000000                      -
      0.174532925199433      0.173648177666930      0.173648177666930       0.00000000000000       0.00000000000000
      0.349065850398866      0.342020143325669      0.342020143325669       0.00000000000000       0.00000000000000
      0.523598775598299      0.500000000000000      0.500000000000000       0.00000000000000       0.00000000000000
      0.698131700797732      0.642787609686539      0.642787609686539       0.00000000000000       0.00000000000000
      0.872664625997165      0.766044443118978      0.766044443118978       0.00000000000000       0.00000000000000
       1.04719755119660      0.866025403784439      0.866025403784439       0.00000000000000       0.00000000000000
       1.22173047639603      0.939692620785908      0.939692620785908   1.11022302462516e-16   1.18147466529707e-16
       1.39626340159546      0.984807753012208      0.984807753012208   1.11022302462516e-16   1.12735000433267e-16
       1.57079632679490       1.00000000000000                    nan                    nan                      -
max(abs(diff)) = 1.11022302462516e-16
max(abs(frac)) = 1.18147466529707e-16

  k =       0.100000000000000
                    phi                     f1                     f2                  delta                   frac
       0.00000000000000       0.00000000000000       0.00000000000000       0.00000000000000                      -
      0.174532925199433      0.173213273659514      0.173213273659514       0.00000000000000       0.00000000000000
      0.349065850398866      0.341163766734994      0.341163766734994  -5.55111512312578e-17  -1.62711157056656e-16
      0.523598775598299      0.498748688976343      0.498748688976343       0.00000000000000       0.00000000000000
      0.698131700797732      0.641180440754140      0.641180440754140   1.11022302462516e-16   1.73152977548620e-16
      0.872664625997165      0.764132495182670      0.764132495182670   2.22044604925031e-16   2.90583905703356e-16
       1.04719755119660      0.863872302764399      0.863872302764399       0.00000000000000       0.00000000000000
       1.22173047639603      0.937381808236682      0.937381808236681   6.66133814775094e-16   7.10632326040299e-16
       1.39626340159546      0.982512888680233      0.982512888680229   3.33066907387547e-15   3.38994949811745e-15
       1.57079632679490       1.00000000000000   6.99349545160886e-07      0.999999300650455       1429899.12207694
       1.74532925199433       1.01748711131977       1.01748711131977  -8.88178419700125e-16  -8.72913680988135e-16
       1.91986217719376       1.06261819176332       1.06261819176332  -2.22044604925031e-16  -2.08959913020657e-16
       2.09439510239320       1.13612769723560       1.13612769723560  -2.22044604925031e-16  -1.95439830808900e-16
       2.26892802759263       1.23586750481733       1.23586750481733  -2.22044604925031e-16  -1.79666998330740e-16
       2.44346095279206       1.35881955924586       1.35881955924586  -2.22044604925031e-16  -1.63409926957679e-16
       2.61799387799149       1.50125131102366       1.50125131102366  -2.22044604925031e-16  -1.47906352050827e-16
       2.79252680319093       1.65883623326501       1.65883623326501   2.22044604925031e-16   1.33855651614260e-16
       2.96705972839036       1.82678672634049       1.82678672634049  -2.22044604925031e-16  -1.21549276510150e-16
       3.14159265358979       2.00000000000000       2.00000000000000   2.22044604925031e-16   1.11022302462516e-16
max(abs(diff)) = 0.999999300650455
max(abs(frac)) = 1429899.12207694

  k =       0.200000000000000
                    phi                     f1                     f2                  delta                   frac
       0.00000000000000       0.00000000000000       0.00000000000000       0.00000000000000                      -
      0.174532925199433      0.171898995401849      0.171898995401849       0.00000000000000       0.00000000000000
      0.349065850398866      0.338578418227539      0.338578418227539   5.55111512312578e-17   1.63953602010013e-16
      0.523598775598299      0.494978586048927      0.494978586048927       0.00000000000000       0.00000000000000
      0.698131700797732      0.636355788695857      0.636355788695857   1.11022302462516e-16   1.74465769675866e-16
      0.872664625997165      0.758432455546436      0.758432455546436       0.00000000000000       0.00000000000000
       1.04719755119660      0.857546871358752      0.857546871358752       0.00000000000000       0.00000000000000
       1.22173047639603      0.930849189730149      0.930849189730148   9.99200722162641e-16   1.07342922267817e-15
       1.39626340159546      0.976911622155541      0.976911622155539   1.99840144432528e-15   2.04563176340951e-15
       1.74532925199433       1.02308837784446       1.02308837784446  -2.22044604925031e-16  -2.17033650008669e-16
       1.91986217719376       1.06915081026985       1.06915081026985       0.00000000000000       0.00000000000000
       2.09439510239320       1.14245312864125       1.14245312864125       0.00000000000000       0.00000000000000
       2.26892802759263       1.24156754445356       1.24156754445356   2.22044604925031e-16   1.78842146701537e-16
       2.44346095279206       1.36364421130414       1.36364421130414       0.00000000000000       0.00000000000000
       2.61799387799149       1.50502141395107       1.50502141395107   2.22044604925031e-16   1.47535844252280e-16
       2.79252680319093       1.66142158177246       1.66142158177246       0.00000000000000       0.00000000000000
       2.96705972839036       1.82810100459815       1.82810100459815       0.00000000000000       0.00000000000000
       3.14159265358979       2.00000000000000       2.00000000000000   2.22044604925031e-16   1.11022302462516e-16
max(abs(diff)) = 1.99840144432528e-15
max(abs(frac)) = 2.04563176340951e-15

  k =       0.300000000000000
                    phi                     f1                     f2                  delta                   frac
       0.00000000000000       0.00000000000000       0.00000000000000       0.00000000000000                      -
      0.174532925199433      0.169675353654100      0.169675353654100   5.55111512312578e-17   3.27160957886806e-16
      0.349065850398866      0.334213042758027      0.334213042758027   1.11022302462516e-16   3.32190214799298e-16
      0.523598775598299      0.488637748243175      0.488637748243175   5.55111512312578e-17   1.13603894563693e-16
      0.698131700797732      0.628298534391720      0.628298534391720   1.11022302462516e-16   1.76703105904903e-16
      0.872664625997165      0.749036370901125      0.749036370901125   2.22044604925031e-16   2.96440351298164e-16
       1.04719755119660      0.847387914095366      0.847387914095366   2.22044604925031e-16   2.62034189102256e-16
       1.22173047639603      0.920965621683152      0.920965621683152   4.44089209850063e-16   4.82199551638472e-16
       1.39626340159546      0.969671547698785      0.969671547698784   5.55111512312578e-16   5.72473755293701e-16
       1.74532925199433       1.03032845230122       1.03032845230122  -2.22044604925031e-16  -2.15508563729459e-16
       1.91986217719376       1.07903437831685       1.07903437831685   2.22044604925031e-16   2.05780843860964e-16
       2.09439510239320       1.15261208590463       1.15261208590463   2.22044604925031e-16   1.92644696026034e-16
       2.26892802759263       1.25096362909887       1.25096362909888  -2.22044604925031e-16  -1.77498849494913e-16
       2.44346095279206       1.37170146560828       1.37170146560828       0.00000000000000       0.00000000000000
       2.61799387799149       1.51136225175683       1.51136225175683   2.22044604925031e-16   1.46916865673285e-16
       2.79252680319093       1.66578695724197       1.66578695724197       0.00000000000000       0.00000000000000
       2.96705972839036       1.83032464634590       1.83032464634590   2.22044604925031e-16   1.21314328235882e-16
       3.14159265358979       2.00000000000000       2.00000000000000   2.22044604925031e-16   1.11022302462516e-16
max(abs(diff)) = 5.55111512312578e-16
max(abs(frac)) = 5.72473755293701e-16

  k =       0.400000000000000
                    phi                     f1                     f2                  delta                   frac
       0.00000000000000       0.00000000000000       0.00000000000000       0.00000000000000                      -
      0.174532925199433      0.166487617531436      0.166487617531436   2.77555756156289e-17   1.66712552123512e-16
      0.349065850398866      0.327973725064717      0.327973725064717   2.22044604925031e-16   6.77019492586538e-16
      0.523598775598299      0.479627101067775      0.479627101067775   1.11022302462516e-16   2.31476291092290e-16
      0.698131700797732      0.616963834381971      0.616963834381971   2.22044604925031e-16   3.59898899337364e-16
      0.872664625997165      0.736050401818367      0.736050401818367   3.33066907387547e-16   4.52505571037970e-16
       1.04719755119660      0.833796319208916      0.833796319208916   1.11022302462516e-16   1.33152785524228e-16
       1.22173047639603      0.908543246583688      0.908543246583686   1.22124532708767e-15   1.34417963226276e-15
       1.39626340159546      0.961539936546052      0.961539936546049   3.55271367880050e-15   3.69481655807477e-15
       1.74532925199433       1.03846006345395       1.03846006345395  -2.22044604925031e-16  -2.13821034375173e-16
       1.91986217719376       1.09145675341631       1.09145675341631  -6.66133814775094e-16  -6.10316270150019e-16
       2.09439510239320       1.16620368079108       1.16620368079108  -2.22044604925031e-16  -1.90399506177522e-16
       2.26892802759263       1.26394959818163       1.26394959818163       0.00000000000000       0.00000000000000
       2.44346095279206       1.38303616561803       1.38303616561803  -2.22044604925031e-16  -1.60548661304029e-16
       2.61799387799149       1.52037289893222       1.52037289893223  -2.22044604925031e-16  -1.46046147679280e-16
       2.79252680319093       1.67202627493528       1.67202627493528       0.00000000000000       0.00000000000000
       2.96705972839036       1.83351238246856       1.83351238246856   2.22044604925031e-16   1.21103411707577e-16
       3.14159265358979       2.00000000000000       2.00000000000000   2.22044604925031e-16   1.11022302462516e-16
max(abs(diff)) = 3.55271367880050e-15
max(abs(frac)) = 3.69481655807477e-15

  k =       0.500000000000000
                    phi                     f1                     f2                  delta                   frac
       0.00000000000000       0.00000000000000       0.00000000000000       0.00000000000000                      -
      0.174532925199433      0.162247312787885      0.162247312787885   2.77555756156289e-17   1.71069555105146e-16
      0.349065850398866      0.319706974505419      0.319706974505419       0.00000000000000       0.00000000000000
      0.523598775598299      0.467777197713232      0.467777197713232       0.00000000000000       0.00000000000000
      0.698131700797732      0.602244130689899      0.602244130689899   2.22044604925031e-16   3.68695340659724e-16
      0.872664625997165      0.719533364052535      0.719533364052535   2.22044604925031e-16   3.08595286915451e-16
       1.04719755119660      0.817092791411774      0.817092791411774   2.22044604925031e-16   2.71749558017006e-16
       1.22173047639603      0.894095114182460      0.894095114182459   1.11022302462516e-15   1.24172809694897e-15
       1.39626340159546      0.952750691293130      0.952750691293127   2.44249065417534e-15   2.56361992334034e-15
       1.74532925199433       1.04724930870687       1.04724930870687   2.22044604925031e-16   2.12026499400805e-16
       1.91986217719376       1.10590488581754       1.10590488581754       0.00000000000000       0.00000000000000
       2.09439510239320       1.18290720858823       1.18290720858823       0.00000000000000       0.00000000000000
       2.26892802759263       1.28046663594747       1.28046663594747       0.00000000000000       0.00000000000000
       2.44346095279206       1.39775586931010       1.39775586931010  -2.22044604925031e-16  -1.58857930630352e-16
       2.61799387799149       1.53222280228677       1.53222280228677   2.22044604925031e-16   1.44916656111396e-16
       2.79252680319093       1.68029302549458       1.68029302549458       0.00000000000000       0.00000000000000
       2.96705972839036       1.83775268721211       1.83775268721211       0.00000000000000       0.00000000000000
       3.14159265358979       2.00000000000000       2.00000000000000   2.22044604925031e-16   1.11022302462516e-16
max(abs(diff)) = 2.44249065417534e-15
max(abs(frac)) = 2.56361992334034e-15

  k =       0.600000000000000
                    phi                     f1                     f2                  delta                   frac
       0.00000000000000       0.00000000000000       0.00000000000000       0.00000000000000                      -
      0.174532925199433      0.156814331219101      0.156814331219101  -2.77555756156289e-17  -1.76996422456113e-16
      0.349065850398866      0.309166513059592      0.309166513059592  -5.55111512312578e-17  -1.79550982678897e-16
      0.523598775598299      0.452802895513508      0.452802895513508       0.00000000000000       0.00000000000000
      0.698131700797732      0.583911060833074      0.583911060833074  -2.22044604925031e-16  -3.80271277287053e-16
      0.872664625997165      0.699415894461617      0.699415894461617  -1.11022302462516e-16  -1.58735744128286e-16
       1.04719755119660      0.797409657377039      0.797409657377039       0.00000000000000       0.00000000000000
       1.22173047639603      0.877817125512314      0.877817125512314   3.33066907387547e-16   3.79426303847925e-16
       1.39626340159546      0.943310222076583      0.943310222076578   4.88498130835069e-15   5.17855228749353e-15
       1.74532925199433       1.05668977792342       1.05668977792342  -2.22044604925031e-16  -2.10132254105256e-16
       1.91986217719376       1.12218287448769       1.12218287448769       0.00000000000000       0.00000000000000
       2.09439510239320       1.20259034262296       1.20259034262296       0.00000000000000       0.00000000000000
       2.26892802759263       1.30058410553838       1.30058410553838   2.22044604925031e-16   1.70726832643487e-16
       2.44346095279206       1.41608893916693       1.41608893916693       0.00000000000000       0.00000000000000
       2.61799387799149       1.54719710448649       1.54719710448649   2.22044604925031e-16   1.43514103200657e-16
       2.79252680319093       1.69083348694041       1.69083348694041       0.00000000000000       0.00000000000000
       2.96705972839036       1.84318566878090       1.84318566878090   2.22044604925031e-16   1.20467844713601e-16
       3.14159265358979       2.00000000000000       2.00000000000000       0.00000000000000       0.00000000000000
max(abs(diff)) = 4.88498130835069e-15
max(abs(frac)) = 5.17855228749353e-15

  k =       0.700000000000000
                    phi                     f1                     f2                  delta                   frac
       0.00000000000000       0.00000000000000       0.00000000000000       0.00000000000000                      -
      0.174532925199433      0.149958915264749      0.149958915264749  -2.77555756156289e-17  -1.85087866010680e-16
      0.349065850398866      0.295942671425945      0.295942671425945  -5.55111512312578e-17  -1.87574001963920e-16
      0.523598775598299      0.434208362085148      0.434208362085148  -1.11022302462516e-16  -2.55689001311182e-16
      0.698131700797732      0.561502726049172      0.561502726049172  -1.11022302462516e-16  -1.97723532428217e-16
      0.872664625997165      0.675375655065189      0.675375655065189  -2.22044604925031e-16  -3.28772000085788e-16
       1.04719755119660      0.774584469960881      0.774584469960881  -1.11022302462516e-16  -1.43331433520895e-16
       1.22173047639603      0.859596352336521      0.859596352336521  -1.11022302462516e-16  -1.29156321057831e-16
       1.39626340159546      0.933075727133793      0.933075727133795  -2.22044604925031e-15  -2.37970615318763e-15
       1.74532925199433       1.06692427286620       1.06692427286620  -2.22044604925031e-16  -2.08116555759414e-16
       1.91986217719376       1.14040364766348       1.14040364766348   2.22044604925031e-16   1.94707027972042e-16
       2.09439510239320       1.22541553003912       1.22541553003912   2.22044604925031e-16   1.81199437645403e-16
       2.26892802759263       1.32462434493481       1.32462434493481       0.00000000000000       0.00000000000000
       2.44346095279206       1.43849727395083       1.43849727395083       0.00000000000000       0.00000000000000
       2.61799387799149       1.56579163791485       1.56579163791485       0.00000000000000       0.00000000000000
       2.79252680319093       1.70405732857406       1.70405732857406       0.00000000000000       0.00000000000000
       2.96705972839036       1.85004108473525       1.85004108473525       0.00000000000000       0.00000000000000
       3.14159265358979       2.00000000000000       2.00000000000000       0.00000000000000       0.00000000000000
max(abs(diff)) = 2.22044604925031e-15
max(abs(frac)) = 2.37970615318763e-15

  k =       0.800000000000000
                    phi                     f1                     f2                  delta                   frac
       0.00000000000000       0.00000000000000       0.00000000000000       0.00000000000000                      -
      0.174532925199433      0.141267428162930      0.141267428162930   5.55111512312578e-17   3.92950816427651e-16
      0.349065850398866      0.279287136071262      0.279287136071262   1.11022302462516e-16   3.97520286914280e-16
      0.523598775598299      0.411053020420411      0.411053020420411   5.55111512312578e-17   1.35046206872493e-16
      0.698131700797732      0.534056855782058      0.534056855782058       0.00000000000000       0.00000000000000
      0.872664625997165      0.646569987280358      0.646569987280358   1.11022302462516e-16   1.71709644194133e-16
       1.04719755119660      0.747946901827143      0.747946901827143   4.44089209850063e-16   5.93744300250736e-16
       1.22173047639603      0.838910156623647      0.838910156623646   4.44089209850063e-16   5.29364445457883e-16
       1.39626340159546      0.921710876601023      0.921710876601020   2.99760216648792e-15   3.25221524730416e-15
       1.74532925199433       1.07828912339898       1.07828912339898  -2.22044604925031e-16  -2.05923068411469e-16
       1.91986217719376       1.16108984337635       1.16108984337635  -4.44089209850063e-16  -3.82476181652479e-16
       2.09439510239320       1.25205309817286       1.25205309817286   4.44089209850063e-16   3.54688799139693e-16
       2.26892802759263       1.35343001271964       1.35343001271964       0.00000000000000       0.00000000000000
       2.44346095279206       1.46594314421794       1.46594314421794       0.00000000000000       0.00000000000000
       2.61799387799149       1.58894697957959       1.58894697957959       0.00000000000000       0.00000000000000
       2.79252680319093       1.72071286392874       1.72071286392874       0.00000000000000       0.00000000000000
       2.96705972839036       1.85873257183707       1.85873257183707       0.00000000000000       0.00000000000000
       3.14159265358979       2.00000000000000       2.00000000000000       0.00000000000000       0.00000000000000
max(abs(diff)) = 2.99760216648792e-15
max(abs(frac)) = 3.25221524730416e-15

  k =       0.900000000000000
                    phi                     f1                     f2                  delta                   frac
       0.00000000000000       0.00000000000000       0.00000000000000       0.00000000000000                      -
      0.174532925199433      0.129826975807458      0.129826975807458  -2.77555756156289e-17  -2.13788971382898e-16
      0.349065850398866      0.257524983838953      0.257524983838953  -5.55111512312578e-17  -2.15556372060477e-16
      0.523598775598299      0.381167203594398      0.381167203594398  -1.11022302462516e-16  -2.91269294460746e-16
      0.698131700797732      0.499227316217294      0.499227316217294   1.66533453693773e-16   3.33582414831820e-16
      0.872664625997165      0.610765329288198      0.610765329288198  -2.22044604925031e-16  -3.63551423561989e-16
       1.04719755119660      0.715582239290523      0.715582239290523  -2.22044604925031e-16  -3.10299211932903e-16
       1.22173047639603      0.814311914349810      0.814311914349809   9.99200722162641e-16   1.22704912522428e-15
       1.39626340159546      0.908409230190520      0.908409230190515   4.99600361081320e-15   5.49972792522751e-15
       1.74532925199433       1.09159076980948       1.09159076980948  -2.22044604925031e-16  -2.03413780206098e-16
       1.91986217719376       1.18568808565019       1.18568808565019       0.00000000000000       0.00000000000000
       2.09439510239320       1.28441776070948       1.28441776070948       0.00000000000000       0.00000000000000
       2.26892802759263       1.38923467071180       1.38923467071180   2.22044604925031e-16   1.59832323225321e-16
       2.44346095279206       1.50077268378271       1.50077268378271       0.00000000000000       0.00000000000000
       2.61799387799149       1.61883279640560       1.61883279640560   2.22044604925031e-16   1.37163396626292e-16
       2.79252680319093       1.74247501616105       1.74247501616105       0.00000000000000       0.00000000000000
       2.96705972839036       1.87017302419254       1.87017302419254       0.00000000000000       0.00000000000000
       3.14159265358979       2.00000000000000       2.00000000000000       0.00000000000000       0.00000000000000
max(abs(diff)) = 4.99600361081320e-15
max(abs(frac)) = 5.49972792522751e-15

