  a =       0.500000000000000
                      x                     f1                     f2                  delta                   frac
       0.00000000000000       1.77245385090552       1.77245385090552   4.44089209850063e-16   2.50550506363359e-16
      0.500000000000000      0.562418231594408      0.562418231594407   1.11022302462516e-15   1.97401677658594e-15
       1.00000000000000      0.278805585280662      0.278805585280662   5.55111512312578e-16   1.99103440396924e-15
       1.50000000000000      0.147582513204096      0.147582513204096       0.00000000000000       0.00000000000000
       2.00000000000000     0.0806471179603175     0.0806471179603176  -1.38777878078145e-16  -1.72080393680565e-15
       2.50000000000000     0.0449269526000079     0.0449269526000079  -2.08166817117217e-17  -4.63345063642666e-16
       3.00000000000000     0.0253565093234634     0.0253565093234634   3.81639164714898e-17   1.50509346474497e-15
       3.50000000000000     0.0144472209895254     0.0144472209895253   3.98986399474666e-17   2.76168267768551e-15
       4.00000000000000    0.00829106938067267    0.00829106938067265   1.38777878078145e-17   1.67382362523284e-15
       4.50000000000000    0.00478526392898507    0.00478526392898507   8.67361737988404e-19   1.81256823209826e-16
       5.00000000000000    0.00277460326041281    0.00277460326041281   2.16840434497101e-18   7.81518704280768e-16
max(abs(diff)) = 1.11022302462516e-15
max(abs(frac)) = 2.76168267768551e-15

  a =        1.00000000000000
                      x                     f1                     f2                  delta                   frac
       0.00000000000000       1.00000000000001       1.00000000000000   1.06581410364015e-14   1.06581410364015e-14
      0.500000000000000      0.606530659712644      0.606530659712633   1.06581410364015e-14   1.75723038328371e-14
       1.00000000000000      0.367879441171453      0.367879441171442   1.06581410364015e-14   2.89718311044039e-14
       1.50000000000000      0.223130160148441      0.223130160148430   1.07969189144796e-14   4.83884334923498e-14
       2.00000000000000      0.135335283236613      0.135335283236613       0.00000000000000       0.00000000000000
       2.50000000000000     0.0820849986238988     0.0820849986238988       0.00000000000000       0.00000000000000
       3.00000000000000     0.0497870683678639     0.0497870683678639       0.00000000000000       0.00000000000000
       3.50000000000000     0.0301973834223185     0.0301973834223185       0.00000000000000       0.00000000000000
       4.00000000000000     0.0183156388887342     0.0183156388887342  -3.46944695195361e-18  -1.89425385214798e-16
       4.50000000000000     0.0111089965382423     0.0111089965382423       0.00000000000000       0.00000000000000
       5.00000000000000    0.00673794699908547    0.00673794699908547   8.67361737988404e-19   1.28727895619560e-16
max(abs(diff)) = 1.07969189144796e-14
max(abs(frac)) = 4.83884334923498e-14

  a =        1.50000000000000
                      x                     f1                     f2                  delta                   frac
       0.00000000000000      0.886226925452758      0.886226925452759  -4.44089209850063e-16  -5.01101012726717e-16
      0.500000000000000      0.710091058277557      0.710091058277558  -4.44089209850063e-16  -6.25397552431196e-16
       1.00000000000000      0.507282233811774      0.507282233811774       0.00000000000000       0.00000000000000
       1.50000000000000      0.347068775896622      0.347068775896622   2.22044604925031e-16   6.39771193335957e-16
       2.00000000000000      0.231716552000981      0.231716552000981   3.88578058618805e-16   1.67695425839566e-15
       2.50000000000000      0.152251254991658      0.152251254991658   1.38777878078145e-16   9.11505642996168e-16
       3.00000000000000     0.0989119866347776     0.0989119866347774   2.22044604925031e-16   2.24487054076579e-15
       3.50000000000000     0.0637177418664441     0.0637177418664442  -2.77555756156289e-17  -4.35601997224040e-16
       4.00000000000000     0.0407768124678047     0.0407768124678047  -3.46944695195361e-17  -8.50838195038642e-16
       4.50000000000000     0.0259583723175996     0.0259583723175996       0.00000000000000       0.00000000000000
       5.00000000000000     0.0164538091489522     0.0164538091489522  -6.93889390390723e-18  -4.21719605538824e-16
max(abs(diff)) = 4.44089209850063e-16
max(abs(frac)) = 2.24487054076579e-15

  a =        2.00000000000000
                      x                     f1                     f2                  delta                   frac
       0.00000000000000       1.00000000000001       1.00000000000000   1.06581410364015e-14   1.06581410364015e-14
      0.500000000000000      0.909795989568961      0.909795989568950   1.05471187339390e-14   1.15928393341633e-14
       1.00000000000000      0.735758882342895      0.735758882342885   1.05471187339390e-14   1.43350205985332e-14
       1.50000000000000      0.557825400371085      0.557825400371074   1.14352971536391e-14   2.04997785078130e-14
       2.00000000000000      0.406005849709849      0.406005849709838   1.12132525487141e-14   2.76184507113085e-14
       2.50000000000000      0.287297495183656      0.287297495183646   1.08246744900953e-14   3.76775804577619e-14
       3.00000000000000      0.199148273471456      0.199148273471455   2.22044604925031e-16   1.11497127770409e-15
       3.50000000000000      0.135888225400433      0.135888225400433   1.11022302462516e-16   8.17011938564633e-16
       4.00000000000000     0.0915781944436709     0.0915781944436708   8.32667268468867e-17   9.09241849031033e-16
       4.50000000000000     0.0610994809603327     0.0610994809603326   6.24500451351651e-17   1.02210434775558e-15
       5.00000000000000     0.0404276819945128     0.0404276819945128   2.77555756156289e-17   6.86548776637656e-16
max(abs(diff)) = 1.14352971536391e-14
max(abs(frac)) = 3.76775804577619e-14

  a =        2.50000000000000
                      x                     f1                     f2                  delta                   frac
       0.00000000000000       1.32934038817914       1.32934038817914  -8.88178419700125e-16  -6.68134683635623e-16
      0.500000000000000       1.27957755865651       1.27957755865651  -8.88178419700125e-16  -6.94118471906200e-16
       1.00000000000000       1.12880279188910       1.12880279188910  -8.88178419700125e-16  -7.86832231530645e-16
       1.50000000000000      0.930519442786793      0.930519442786792   3.33066907387547e-16   3.57936537457027e-16
       2.00000000000000      0.730360814043115      0.730360814043115   2.22044604925031e-16   3.04020424775861e-16
       2.50000000000000      0.552846329216621      0.552846329216621  -4.44089209850063e-16  -8.03277848438161e-16
       3.00000000000000      0.407069175871304      0.407069175871303   1.27675647831893e-15   3.13646071478176e-15
       3.50000000000000      0.293306072600551      0.293306072600552  -4.44089209850063e-16  -1.51408119822619e-15
       4.00000000000000      0.207690329811581      0.207690329811581   5.55111512312578e-17   2.67278458663041e-16
       4.50000000000000      0.144983390065381      0.144983390065381  -1.66533453693773e-16  -1.14863815516160e-15
       5.00000000000000      0.100013251317157      0.100013251317157  -2.77555756156289e-17  -2.77518981235914e-16
max(abs(diff)) = 1.27675647831893e-15
max(abs(frac)) = 3.13646071478176e-15

  a =        3.00000000000000
                      x                     f1                     f2                  delta                   frac
       0.00000000000000       2.00000000000002       2.00000000000000   2.13162820728030e-14   1.06581410364015e-14
      0.500000000000000       1.97122464406608       1.97122464406606   2.15383266777280e-14   1.09263684088795e-14
       1.00000000000000       1.83939720585723       1.83939720585721   2.10942374678780e-14   1.14680164788265e-14
       1.50000000000000       1.61769366107614       1.61769366107612   2.06501482580279e-14   1.27651784481192e-14
       2.00000000000000       1.35335283236615       1.35335283236612   2.44249065417534e-14   1.80477004648155e-14
       2.50000000000000       1.08762623176668       1.08762623176666   2.39808173319034e-14   2.20487669674450e-14
       3.00000000000000      0.846380162253709      0.846380162253685   2.42028619368284e-14   2.85957339458225e-14
       3.50000000000000      0.641694397724289      0.641694397724267   2.25375273998907e-14   3.51219014531197e-14
       4.00000000000000      0.476206611107088      0.476206611107087   1.05471187339390e-15   2.21481988866534e-15
       4.50000000000000      0.347156141820072      0.347156141820071   7.77156117237610e-16   2.23863565588422e-15
       5.00000000000000      0.249304038966162      0.249304038966162   6.10622663543836e-16   2.44930914908569e-15
max(abs(diff)) = 2.44249065417534e-14
max(abs(frac)) = 3.51219014531197e-14

  a =        3.50000000000000
                      x                     f1                     f2                  delta                   frac
       0.00000000000000       3.32335097044784       3.32335097044784  -8.88178419700125e-16  -2.67253873454249e-16
      0.500000000000000       3.30616438226137       3.30616438226137  -8.88178419700125e-16  -2.68643151703372e-16
       1.00000000000000       3.18988642089420       3.18988642089420  -8.88178419700125e-16  -2.78435750527803e-16
       1.50000000000000       2.94117302537977       2.94117302537977  -8.88178419700125e-16  -3.01981016429811e-16
       2.00000000000000       2.59147400719108       2.59147400719107   4.44089209850063e-15   1.71365488759587e-15
       2.50000000000000       2.19328943986439       2.19328943986439   1.77635683940025e-15   8.09905344508514e-16
       3.00000000000000       1.79377652743567       1.79377652743567   2.88657986402541e-15   1.60921933132439e-15
       3.50000000000000       1.42531829080448       1.42531829080448   4.44089209850063e-16   3.11571957446368e-16
       4.00000000000000       1.10532626896845       1.10532626896844   2.22044604925031e-15   2.00886029002329e-15
       4.50000000000000      0.839664717313870      0.839664717313872  -1.55431223447522e-15  -1.85111057119030e-15
       5.00000000000000      0.626695816261539      0.626695816261538   9.99200722162641e-16   1.59439507371092e-15
max(abs(diff)) = 4.44089209850063e-15
max(abs(frac)) = 2.00886029002329e-15

  a =        4.00000000000000
                      x                     f1                     f2                  delta                   frac
       0.00000000000000       6.00000000000006       6.00000000000000   6.39488462184090e-14   1.06581410364015e-14
      0.500000000000000       5.98949026466232       5.98949026466225   6.39488462184090e-14   1.06768428351415e-14
       1.00000000000000       5.88607105874314       5.88607105874308   6.39488462184090e-14   1.08644366641514e-14
       1.50000000000000       5.60614527372936       5.60614527372930   6.39488462184090e-14   1.14069192102596e-14
       2.00000000000000       5.14274076299135       5.14274076299128   6.48370246381091e-14   1.26074845352299e-14
       2.50000000000000       4.54545679879846       4.54545679879840   6.21724893790088e-14   1.36779408827391e-14
       3.00000000000000       3.88339133269345       3.88339133269339   6.57252030578093e-14   1.69246922154056e-14
       3.50000000000000       3.21979600740477       3.21979600740471   6.30606677987089e-14   1.95852990853102e-14
       4.00000000000000       2.60082072220032       2.60082072220025   6.35047570085590e-14   2.44171989505047e-14
       4.50000000000000       2.05377573500761       2.05377573500755   5.99520433297585e-14   2.91911343131815e-14
       5.00000000000000       1.59015549178417       1.59015549178417  -2.22044604925031e-16  -1.39637039316133e-16
max(abs(diff)) = 6.57252030578093e-14
max(abs(frac)) = 2.91911343131815e-14

  a =        4.50000000000000
                      x                     f1                     f2                  delta                   frac
       0.00000000000000       11.6317283965675       11.6317283965675       0.00000000000000       0.00000000000000
      0.500000000000000       11.6251855807248       11.6251855807248       0.00000000000000       0.00000000000000
       1.00000000000000       11.5324819143011       11.5324819143011       0.00000000000000       0.00000000000000
       1.50000000000000       11.2164172164484       11.2164172164484       0.00000000000000       0.00000000000000
       2.00000000000000       10.6013029693353       10.6013029693353       0.00000000000000       0.00000000000000
       2.50000000000000       9.70444708158245       9.70444708158243   1.95399252334028e-14   2.01350216752550e-15
       3.00000000000000       8.60652860929708       8.60652860929707   1.42108547152020e-14   1.65117149553781e-15
       3.50000000000000       7.41079990037652       7.41079990037651   3.55271367880050e-15   4.79396789356032e-16
       4.00000000000000       6.21304371914754       6.21304371914752   1.68753899743024e-14   2.71612284367087e-15
       4.50000000000000       5.08625460027543       5.08625460027543   8.88178419700125e-16   1.74623271837794e-16
       5.00000000000000       4.07674879675863       4.07674879675861   1.50990331349021e-14   3.70369475472888e-15
max(abs(diff)) = 1.95399252334028e-14
max(abs(frac)) = 3.70369475472888e-15

  a =        5.00000000000000
                      x                     f1                     f2                  delta                   frac
       0.00000000000000       24.0000000000003       24.0000000000000   2.59348098552437e-13   1.08061707730182e-14
      0.500000000000000       23.9958692248813       23.9958692248811   2.59348098552437e-13   1.08080310040830e-14
       1.00000000000000       23.9121636761440       23.9121636761438   2.59348098552437e-13   1.08458649775461e-14
       1.50000000000000       23.5541775306689       23.5541775306686   2.59348098552437e-13   1.10107049254746e-14
       2.00000000000000       22.7363275837512       22.7363275837509   2.59348098552437e-13   1.14067717223509e-14
       2.50000000000000       21.3882724539399       21.3882724539396   2.52242671194836e-13   1.17935037408023e-14
       3.00000000000000       19.5663178685708       19.5663178685705   3.41060513164848e-13   1.74310013491448e-14
       3.50000000000000       17.4106788794308       17.4106788794305   2.94875235340442e-13   1.69364582152403e-14
       4.00000000000000       15.0920864443172       15.0920864443169   3.01980662698043e-13   2.00092057391943e-14
       4.50000000000000       12.7704858329934       12.7704858329932   2.64677169070637e-13   2.07256930184153e-14
       5.00000000000000       10.5718388415654       10.5718388415651   2.94875235340442e-13   2.78925208527666e-14
max(abs(diff)) = 3.41060513164848e-13
max(abs(frac)) = 2.78925208527666e-14

