  x =       0.500000000000000
                      y                     f1                     f2                  delta                   frac
      0.500000000000000       1.41421356237309       1.41421356237309       0.00000000000000       0.00000000000000
       1.00000000000000       1.11072073453959       1.11072073453959   2.22044604925031e-16   1.99910380728664e-16
       1.50000000000000      0.955316618124509      0.955316618124509       0.00000000000000       0.00000000000000
       2.00000000000000      0.855033220107909      0.855033220107909  -1.11022302462516e-16  -1.29845601143432e-16
       2.50000000000000      0.782872366134193      0.782872366134193  -1.11022302462516e-16  -1.41814052028355e-16
       3.00000000000000      0.727489559819162      0.727489559819162       0.00000000000000       0.00000000000000
       3.50000000000000      0.683120630739733      0.683120630739733   1.11022302462516e-16   1.62522250780645e-16
       4.00000000000000      0.646467101538102      0.646467101538102  -1.11022302462516e-16  -1.71736971917622e-16
       4.50000000000000      0.615479708670387      0.615479708670387       0.00000000000000       0.00000000000000
       5.00000000000000      0.588805823783463      0.588805823783463  -1.11022302462516e-16  -1.88555034576806e-16
max(abs(diff)) = 2.22044604925031e-16
max(abs(frac)) = 1.99910380728664e-16

  x =        1.00000000000000
                      y                     f1                     f2                  delta                   frac
      0.500000000000000       1.24645048028046       1.24645048028046  -4.44089209850063e-16  -3.56283074920184e-16
       1.00000000000000       1.00000000000000       1.00000000000000       0.00000000000000       0.00000000000000
       1.50000000000000      0.870419751367103      0.870419751367103   1.11022302462516e-16   1.27550302354860e-16
       2.00000000000000      0.785398163397448      0.785398163397448   1.11022302462516e-16   1.41357985842823e-16
       2.50000000000000      0.723478942014943      0.723478942014943       0.00000000000000       0.00000000000000
       3.00000000000000      0.675510858856040      0.675510858856040  -1.11022302462516e-16  -1.64353098113817e-16
       3.50000000000000      0.636790183301397      0.636790183301397       0.00000000000000       0.00000000000000
       4.00000000000000      0.604599788078073      0.604599788078073       0.00000000000000       0.00000000000000
       4.50000000000000      0.577238125715560      0.577238125715560       0.00000000000000       0.00000000000000
       5.00000000000000      0.553574358897045      0.553574358897045       0.00000000000000       0.00000000000000
max(abs(diff)) = 4.44089209850063e-16
max(abs(frac)) = 3.56283074920184e-16

  x =        1.50000000000000
                      y                     f1                     f2                  delta                   frac
      0.500000000000000       1.14621583478059       1.14621583478059       0.00000000000000       0.00000000000000
       1.00000000000000      0.931229859452712      0.931229859452712   1.11022302462516e-16   1.19221158273172e-16
       1.50000000000000      0.816496580927726      0.816496580927726       0.00000000000000       0.00000000000000
       2.00000000000000      0.740480489693061      0.740480489693061       0.00000000000000       0.00000000000000
       2.50000000000000      0.684719203002283      0.684719203002283       0.00000000000000       0.00000000000000
       3.00000000000000      0.641274915080932      0.641274915080932       0.00000000000000       0.00000000000000
       3.50000000000000      0.606041386289591      0.606041386289591       0.00000000000000       0.00000000000000
       4.00000000000000      0.576633925889949      0.576633925889949   1.11022302462516e-16   1.92535155282737e-16
       4.50000000000000      0.551552306635508      0.551552306635508       0.00000000000000       0.00000000000000
       5.00000000000000      0.529795480438559      0.529795480438559       0.00000000000000       0.00000000000000
max(abs(diff)) = 1.11022302462516e-16
max(abs(frac)) = 1.92535155282737e-16

  x =        2.00000000000000
                      y                     f1                     f2                  delta                   frac
      0.500000000000000       1.07529162006488       1.07529162006488       0.00000000000000       0.00000000000000
       1.00000000000000      0.881373587019543      0.881373587019543  -2.22044604925031e-16  -2.51930178298057e-16
       1.50000000000000      0.776836199212093      0.776836199212093  -1.11022302462516e-16  -1.42915974532495e-16
       2.00000000000000      0.707106781186547      0.707106781186547       0.00000000000000       0.00000000000000
       2.50000000000000      0.655696736810798      0.655696736810798       0.00000000000000       0.00000000000000
       3.00000000000000      0.615479708670387      0.615479708670387       0.00000000000000       0.00000000000000
       3.50000000000000      0.582753515133166      0.582753515133166       0.00000000000000       0.00000000000000
       4.00000000000000      0.555360367269796      0.555360367269796   1.11022302462516e-16   1.99910380728664e-16
       4.50000000000000      0.531938533520897      0.531938533520897  -1.11022302462516e-16  -2.08712652809075e-16
       5.00000000000000      0.511576865944435      0.511576865944435       0.00000000000000       0.00000000000000
max(abs(diff)) = 2.22044604925031e-16
max(abs(frac)) = 2.51930178298057e-16

  x =        2.50000000000000
                      y                     f1                     f2                  delta                   frac
      0.500000000000000       1.02080443406040       1.02080443406040       0.00000000000000       0.00000000000000
       1.00000000000000      0.842394655856377      0.842394655856377       0.00000000000000       0.00000000000000
       1.50000000000000      0.745498154497404      0.745498154497404       0.00000000000000       0.00000000000000
       2.00000000000000      0.680536289373600      0.680536289373600   1.11022302462516e-16   1.63139430176025e-16
       2.50000000000000      0.632455532033676      0.632455532033676       0.00000000000000       0.00000000000000
       3.00000000000000      0.594725360402138      0.594725360402138  -1.11022302462516e-16  -1.86678271778162e-16
       3.50000000000000      0.563942641360629      0.563942641360629       0.00000000000000       0.00000000000000
       4.00000000000000      0.538118632885206      0.538118632885206       0.00000000000000       0.00000000000000
       4.50000000000000      0.515995374137454      0.515995374137454  -1.11022302462516e-16  -2.15161429786270e-16
       5.00000000000000      0.496729413289805      0.496729413289805   5.55111512312578e-17   1.11753300179289e-16
max(abs(diff)) = 1.11022302462516e-16
max(abs(frac)) = 2.15161429786270e-16

  x =        3.00000000000000
                      y                     f1                     f2                  delta                   frac
      0.500000000000000      0.976818052302253      0.976818052302253   1.11022302462516e-16   1.13657095301267e-16
       1.00000000000000      0.810496989476754      0.810496989476754  -2.22044604925031e-16  -2.73961048354270e-16
       1.50000000000000      0.719638520321462      0.719638520321463  -1.11022302462516e-16  -1.54275096909657e-16
       2.00000000000000      0.658478948462408      0.658478948462408       0.00000000000000       0.00000000000000
       2.50000000000000      0.613071992490078      0.613071992490078       0.00000000000000       0.00000000000000
       3.00000000000000      0.577350269189626      0.577350269189626       0.00000000000000       0.00000000000000
       3.50000000000000      0.548144490998631      0.548144490998631       0.00000000000000       0.00000000000000
       4.00000000000000      0.523598775598299      0.523598775598299  -1.11022302462516e-16  -2.12036978764234e-16
       4.50000000000000      0.502537077759764      0.502537077759764       0.00000000000000       0.00000000000000
       5.00000000000000      0.484169591651562      0.484169591651562   1.11022302462516e-16   2.29304575043230e-16
max(abs(diff)) = 2.22044604925031e-16
max(abs(frac)) = 2.73961048354270e-16

  x =        3.50000000000000
                      y                     f1                     f2                  delta                   frac
      0.500000000000000      0.940103471725251      0.940103471725251       0.00000000000000       0.00000000000000
       1.00000000000000      0.783577217617424      0.783577217617424       0.00000000000000       0.00000000000000
       1.50000000000000      0.697664756791901      0.697664756791902  -2.22044604925031e-16  -3.18268341296280e-16
       2.00000000000000      0.639643109994072      0.639643109994072  -1.11022302462516e-16  -1.73569136801215e-16
       2.50000000000000      0.596455365496524      0.596455365496524   1.11022302462516e-16   1.86136815736571e-16
       3.00000000000000      0.562408311152990      0.562408311152990  -1.11022302462516e-16  -1.97405159669333e-16
       3.50000000000000      0.534522483824849      0.534522483824849       0.00000000000000       0.00000000000000
       4.00000000000000      0.511050287624625      0.511050287624625       0.00000000000000       0.00000000000000
       4.50000000000000      0.490882678289311      0.490882678289311   2.22044604925031e-16   4.52337421436095e-16
       5.00000000000000      0.473273866176799      0.473273866176799       0.00000000000000       0.00000000000000
max(abs(diff)) = 2.22044604925031e-16
max(abs(frac)) = 4.52337421436095e-16

  x =        4.00000000000000
                      y                     f1                     f2                  delta                   frac
      0.500000000000000      0.908710783123009      0.908710783123009       0.00000000000000       0.00000000000000
       1.00000000000000      0.760345996300946      0.760345996300946  -1.11022302462516e-16  -1.46015502156432e-16
       1.50000000000000      0.678592090915592      0.678592090915591   1.11022302462516e-16   1.63606832364814e-16
       2.00000000000000      0.623225240140230      0.623225240140231  -2.22044604925031e-16  -3.56283074920184e-16
       2.50000000000000      0.581924030206803      0.581924030206803   1.11022302462516e-16   1.90784873453431e-16
       3.00000000000000      0.549306144334055      0.549306144334055       0.00000000000000       0.00000000000000
       3.50000000000000      0.522550457380480      0.522550457380480       0.00000000000000       0.00000000000000
       4.00000000000000      0.500000000000000      0.500000000000000       0.00000000000000       0.00000000000000
       4.50000000000000      0.480601966344977      0.480601966344977  -5.55111512312578e-17  -1.15503379342006e-16
       5.00000000000000      0.463647609000806      0.463647609000806   5.55111512312578e-17   1.19727030084094e-16
max(abs(diff)) = 2.22044604925031e-16
max(abs(frac)) = 3.56283074920184e-16

  x =        4.50000000000000
                      y                     f1                     f2                  delta                   frac
      0.500000000000000      0.881373587019543      0.881373587019543  -2.22044604925031e-16  -2.51930178298057e-16
       1.00000000000000      0.739955345216873      0.739955345216873       0.00000000000000       0.00000000000000
       1.50000000000000      0.661768020759985      0.661768020759985  -1.11022302462516e-16  -1.67766194466478e-16
       2.00000000000000      0.608690161677935      0.608690161677935       0.00000000000000       0.00000000000000
       2.50000000000000      0.569022230890437      0.569022230890437       0.00000000000000       0.00000000000000
       3.00000000000000      0.537645810032441      0.537645810032441       0.00000000000000       0.00000000000000
       3.50000000000000      0.511874615093674      0.511874615093674   1.11022302462516e-16   2.16893550078076e-16
       4.00000000000000      0.490129071734274      0.490129071734274       0.00000000000000       0.00000000000000
       4.50000000000000      0.471404520791032      0.471404520791032       0.00000000000000       0.00000000000000
       5.00000000000000      0.455023997728794      0.455023997728794  -1.66533453693773e-16  -3.65988287485953e-16
max(abs(diff)) = 2.22044604925031e-16
max(abs(frac)) = 3.65988287485953e-16

  x =        5.00000000000000
                      y                     f1                     f2                  delta                   frac
      0.500000000000000      0.857223881698441      0.857223881698441   2.22044604925031e-16   2.59027553554724e-16
       1.00000000000000      0.721817737589405      0.721817737589405       0.00000000000000       0.00000000000000
       1.50000000000000      0.646737526323410      0.646737526323410       0.00000000000000       0.00000000000000
       2.00000000000000      0.595662973591352      0.595662973591352  -1.11022302462516e-16  -1.86384427746354e-16
       2.50000000000000      0.557429600898874      0.557429600898874  -2.22044604925031e-16  -3.98336587377091e-16
       3.00000000000000      0.527146800407171      0.527146800407171       0.00000000000000       0.00000000000000
       3.50000000000000      0.502245013655095      0.502245013655095  -1.11022302462516e-16  -2.21052075070988e-16
       4.00000000000000      0.481211825059603      0.481211825059603   5.55111512312578e-17   1.15356997356377e-16
       4.50000000000000      0.463084443466638      0.463084443466639  -5.55111512312578e-17  -1.19872632333971e-16
       5.00000000000000      0.447213595499958      0.447213595499958       0.00000000000000       0.00000000000000
max(abs(diff)) = 2.22044604925031e-16
max(abs(frac)) = 3.98336587377091e-16

