  l =                       0
                      x                     f1                     f2                  delta                   frac
     -0.900000000000000      -1.47221948958322      -1.47221948958322       0.00000000000000      -0.00000000000000
     -0.800000000000000      -1.09861228866811      -1.09861228866811       0.00000000000000      -0.00000000000000
     -0.700000000000000     -0.867300527694053     -0.867300527694053       0.00000000000000      -0.00000000000000
     -0.600000000000000     -0.693147180559945     -0.693147180559945       0.00000000000000      -0.00000000000000
     -0.500000000000000     -0.549306144334055     -0.549306144334055       0.00000000000000      -0.00000000000000
     -0.400000000000000     -0.423648930193602     -0.423648930193602       0.00000000000000      -0.00000000000000
     -0.300000000000000     -0.309519604203112     -0.309519604203112       0.00000000000000      -0.00000000000000
     -0.200000000000000     -0.202732554054082     -0.202732554054082       0.00000000000000      -0.00000000000000
     -0.100000000000000     -0.100335347731076     -0.100335347731076       0.00000000000000      -0.00000000000000
       0.00000000000000       0.00000000000000       0.00000000000000       0.00000000000000                      -
      0.100000000000000      0.100335347731076      0.100335347731076       0.00000000000000       0.00000000000000
      0.200000000000000      0.202732554054082      0.202732554054082       0.00000000000000       0.00000000000000
      0.300000000000000      0.309519604203112      0.309519604203112       0.00000000000000       0.00000000000000
      0.400000000000000      0.423648930193602      0.423648930193602       0.00000000000000       0.00000000000000
      0.500000000000000      0.549306144334055      0.549306144334055       0.00000000000000       0.00000000000000
      0.600000000000000      0.693147180559945      0.693147180559945       0.00000000000000       0.00000000000000
      0.700000000000000      0.867300527694053      0.867300527694053       0.00000000000000       0.00000000000000
      0.800000000000000       1.09861228866811       1.09861228866811       0.00000000000000       0.00000000000000
      0.900000000000000       1.47221948958322       1.47221948958322       0.00000000000000       0.00000000000000
max(abs(diff)) = 0.00000000000000
max(abs(frac)) = 0.00000000000000

  l =                       1
                      x                     f1                     f2                  delta                   frac
     -0.900000000000000      0.324997540624898      0.324997540624898       0.00000000000000       0.00000000000000
     -0.800000000000000     -0.121110169065512     -0.121110169065512       0.00000000000000      -0.00000000000000
     -0.700000000000000     -0.392889630614163     -0.392889630614163       0.00000000000000      -0.00000000000000
     -0.600000000000000     -0.584111691664033     -0.584111691664033       0.00000000000000      -0.00000000000000
     -0.500000000000000     -0.725346927832972     -0.725346927832972       0.00000000000000      -0.00000000000000
     -0.400000000000000     -0.830540427922559     -0.830540427922559       0.00000000000000      -0.00000000000000
     -0.300000000000000     -0.907144118739066     -0.907144118739066       0.00000000000000      -0.00000000000000
     -0.200000000000000     -0.959453489189184     -0.959453489189184       0.00000000000000      -0.00000000000000
     -0.100000000000000     -0.989966465226892     -0.989966465226892       0.00000000000000      -0.00000000000000
       0.00000000000000      -1.00000000000000      -1.00000000000000       0.00000000000000      -0.00000000000000
      0.100000000000000     -0.989966465226892     -0.989966465226892       0.00000000000000      -0.00000000000000
      0.200000000000000     -0.959453489189184     -0.959453489189184       0.00000000000000      -0.00000000000000
      0.300000000000000     -0.907144118739066     -0.907144118739066       0.00000000000000      -0.00000000000000
      0.400000000000000     -0.830540427922559     -0.830540427922559       0.00000000000000      -0.00000000000000
      0.500000000000000     -0.725346927832972     -0.725346927832972       0.00000000000000      -0.00000000000000
      0.600000000000000     -0.584111691664033     -0.584111691664033       0.00000000000000      -0.00000000000000
      0.700000000000000     -0.392889630614163     -0.392889630614163       0.00000000000000      -0.00000000000000
      0.800000000000000     -0.121110169065512     -0.121110169065512       0.00000000000000      -0.00000000000000
      0.900000000000000      0.324997540624897      0.324997540624897       0.00000000000000       0.00000000000000
max(abs(diff)) = 0.00000000000000
max(abs(frac)) = 0.00000000000000

  l =                       2
                      x                     f1                     f2                  delta                   frac
     -0.900000000000000      0.297363064947997      0.297363064947997   5.55111512312578e-17   1.86678030242140e-16
     -0.800000000000000      0.694638347212669      0.694638347212669   1.11022302462516e-16   1.59827488516877e-16
     -0.700000000000000      0.846184375991898      0.846184375991898       0.00000000000000       0.00000000000000
     -0.600000000000000      0.872274112777602      0.872274112777602       0.00000000000000       0.00000000000000
     -0.500000000000000      0.818663268041757      0.818663268041757  -2.22044604925031e-16  -2.71228249260727e-16
     -0.400000000000000      0.710148721850336      0.710148721850337  -1.11022302462516e-16  -1.56336692648323e-16
     -0.300000000000000      0.562974655534136      0.562974655534136       0.00000000000000       0.00000000000000
     -0.200000000000000      0.389202323783796      0.389202323783796   1.11022302462516e-16   2.85256011277541e-16
     -0.100000000000000      0.198662643649572      0.198662643649572  -2.77555756156289e-17  -1.39712102415127e-16
       0.00000000000000       0.00000000000000      -0.00000000000000       0.00000000000000                      -
      0.100000000000000     -0.198662643649572     -0.198662643649572       0.00000000000000      -0.00000000000000
      0.200000000000000     -0.389202323783796     -0.389202323783796       0.00000000000000      -0.00000000000000
      0.300000000000000     -0.562974655534136     -0.562974655534136       0.00000000000000      -0.00000000000000
      0.400000000000000     -0.710148721850336     -0.710148721850336       0.00000000000000      -0.00000000000000
      0.500000000000000     -0.818663268041757     -0.818663268041757   2.22044604925031e-16  -2.71228249260727e-16
      0.600000000000000     -0.872274112777602     -0.872274112777602       0.00000000000000      -0.00000000000000
      0.700000000000000     -0.846184375991898     -0.846184375991897  -1.11022302462516e-16   1.31203441723177e-16
      0.800000000000000     -0.694638347212669     -0.694638347212669  -1.11022302462516e-16   1.59827488516877e-16
      0.900000000000000     -0.297363064947998     -0.297363064947998       0.00000000000000      -0.00000000000000
max(abs(diff)) = 2.22044604925031e-16
max(abs(frac)) = 2.85256011277541e-16

  l =                       3
                      x                     f1                     f2                  delta                   frac
     -0.900000000000000     -0.662709624505262     -0.662709624505262       0.00000000000000      -0.00000000000000
     -0.800000000000000     -0.845444350239885     -0.845444350239884  -2.22044604925031e-16   2.62636570771369e-16
     -0.700000000000000     -0.725288684914438     -0.725288684914439   1.11022302462516e-16  -1.53073258650951e-16
     -0.600000000000000     -0.482866318334914     -0.482866318334914  -1.11022302462516e-16   2.29923476222898e-16
     -0.500000000000000     -0.198654771479482     -0.198654771479482   1.66533453693773e-16  -8.38305833046520e-16
     -0.400000000000000     0.0802611373814819     0.0802611373814818   4.16333634234434e-17   5.18723815556708e-16
     -0.300000000000000      0.323275418058976      0.323275418058976   1.11022302462516e-16   3.43429460641085e-16
     -0.200000000000000      0.509901551531524      0.509901551531524       0.00000000000000       0.00000000000000
     -0.100000000000000      0.626867202876333      0.626867202876333   1.11022302462516e-16   1.77106573693915e-16
       0.00000000000000      0.666666666666667      0.666666666666667   1.11022302462516e-16   1.66533453693773e-16
      0.100000000000000      0.626867202876333      0.626867202876333  -1.11022302462516e-16  -1.77106573693915e-16
      0.200000000000000      0.509901551531524      0.509901551531524       0.00000000000000       0.00000000000000
      0.300000000000000      0.323275418058976      0.323275418058976   1.11022302462516e-16   3.43429460641085e-16
      0.400000000000000     0.0802611373814821     0.0802611373814820   6.93889390390723e-17   8.64539692594511e-16
      0.500000000000000     -0.198654771479482     -0.198654771479482   1.66533453693773e-16  -8.38305833046520e-16
      0.600000000000000     -0.482866318334914     -0.482866318334914       0.00000000000000      -0.00000000000000
      0.700000000000000     -0.725288684914438     -0.725288684914439   1.11022302462516e-16  -1.53073258650951e-16
      0.800000000000000     -0.845444350239885     -0.845444350239884  -2.22044604925031e-16   2.62636570771369e-16
      0.900000000000000     -0.662709624505262     -0.662709624505262   1.11022302462516e-16  -1.67527825698017e-16
max(abs(diff)) = 2.22044604925031e-16
max(abs(frac)) = 8.64539692594511e-16

  l =                       4
                      x                     f1                     f2                  delta                   frac
     -0.900000000000000      0.820745359884789      0.820745359884789   2.22044604925031e-16   2.70540189171707e-16
     -0.800000000000000      0.662643329926336      0.662643329926336       0.00000000000000       0.00000000000000
     -0.700000000000000      0.253840357026264      0.253840357026264       0.00000000000000       0.00000000000000
     -0.600000000000000     -0.147195950331542     -0.147195950331542   5.55111512312578e-17  -3.77124174314750e-16
     -0.500000000000000     -0.440174525986771     -0.440174525986771       0.00000000000000      -0.00000000000000
     -0.400000000000000     -0.588794337554790     -0.588794337554790       0.00000000000000      -0.00000000000000
     -0.300000000000000     -0.591950586131564     -0.591950586131564       0.00000000000000      -0.00000000000000
     -0.200000000000000     -0.470367285873880     -0.470367285873880  -5.55111512312578e-17   1.18016607230933e-16
     -0.100000000000000     -0.258698743240537     -0.258698743240537       0.00000000000000      -0.00000000000000
       0.00000000000000       0.00000000000000       0.00000000000000       0.00000000000000                      -
      0.100000000000000      0.258698743240537      0.258698743240537  -5.55111512312578e-17  -2.14578356801849e-16
      0.200000000000000      0.470367285873880      0.470367285873880       0.00000000000000       0.00000000000000
      0.300000000000000      0.591950586131564      0.591950586131564       0.00000000000000       0.00000000000000
      0.400000000000000      0.588794337554790      0.588794337554790       0.00000000000000       0.00000000000000
      0.500000000000000      0.440174525986771      0.440174525986771       0.00000000000000       0.00000000000000
      0.600000000000000      0.147195950331542      0.147195950331542   8.32667268468867e-17   5.65686261472126e-16
      0.700000000000000     -0.253840357026264     -0.253840357026264       0.00000000000000      -0.00000000000000
      0.800000000000000     -0.662643329926336     -0.662643329926336       0.00000000000000      -0.00000000000000
      0.900000000000000     -0.820745359884789     -0.820745359884789   1.11022302462516e-16  -1.35270094585853e-16
max(abs(diff)) = 2.22044604925031e-16
max(abs(frac)) = 5.65686261472126e-16

  l =                       5
                      x                     f1                     f2                  delta                   frac
     -0.900000000000000     -0.799439783409149     -0.799439783409149  -3.33066907387547e-16   4.16625384800352e-16
     -0.800000000000000     -0.277850914902017     -0.277850914902017   2.22044604925031e-16  -7.99150166568048e-16
     -0.700000000000000      0.260392098078458      0.260392098078458  -5.55111512312578e-17  -2.13182933126227e-16
     -0.600000000000000      0.545264681025997      0.545264681025997       0.00000000000000       0.00000000000000
     -0.500000000000000      0.555080890571679      0.555080890571680  -2.22044604925031e-16  -4.00022066507004e-16
     -0.400000000000000      0.359723013134263      0.359723013134263       0.00000000000000       0.00000000000000
     -0.300000000000000     0.0610329820638637     0.0610329820638638  -7.63278329429795e-17  -1.25059976363455e-15
     -0.200000000000000     -0.238589018310622     -0.238589018310622       0.00000000000000      -0.00000000000000
     -0.100000000000000     -0.454927988517770     -0.454927988517770  -1.11022302462516e-16   2.44043684417493e-16
       0.00000000000000     -0.533333333333333     -0.533333333333333  -1.11022302462516e-16   2.08166817117217e-16
      0.100000000000000     -0.454927988517770     -0.454927988517770   5.55111512312578e-17  -1.22021842208747e-16
      0.200000000000000     -0.238589018310622     -0.238589018310622       0.00000000000000      -0.00000000000000
      0.300000000000000     0.0610329820638637     0.0610329820638638  -7.63278329429795e-17  -1.25059976363455e-15
      0.400000000000000      0.359723013134263      0.359723013134263  -5.55111512312578e-17  -1.54316374556050e-16
      0.500000000000000      0.555080890571679      0.555080890571680  -2.22044604925031e-16  -4.00022066507004e-16
      0.600000000000000      0.545264681025997      0.545264681025996   2.22044604925031e-16   4.07223524008967e-16
      0.700000000000000      0.260392098078458      0.260392098078458  -5.55111512312578e-17  -2.13182933126227e-16
      0.800000000000000     -0.277850914902017     -0.277850914902017   2.22044604925031e-16  -7.99150166568048e-16
      0.900000000000000     -0.799439783409149     -0.799439783409149   3.33066907387547e-16  -4.16625384800352e-16
max(abs(diff)) = 3.33066907387547e-16
max(abs(frac)) = 1.25059976363455e-15

  l =                      10
                      x                     f1                     f2                  delta                   frac
     -0.900000000000000     -0.412822878649654     -0.412822878649654  -3.88578058618805e-16   9.41270648297996e-16
     -0.800000000000000     -0.160375234239615     -0.160375234239616   3.60822483003176e-16  -2.24986410597582e-15
     -0.700000000000000      0.436873296201946      0.436873296201947  -2.22044604925031e-16  -5.08258588600916e-16
     -0.600000000000000      0.200448464358230      0.200448464358230   1.38777878078145e-16   6.92336948165033e-16
     -0.500000000000000     -0.291658139665868     -0.291658139665868   5.55111512312578e-17  -1.90329511443957e-16
     -0.400000000000000     -0.373991228446708     -0.373991228446708  -5.55111512312578e-17   1.48429019209385e-16
     -0.300000000000000    -0.0242860961383208    -0.0242860961383208   3.46944695195361e-17  -1.42857334179749e-15
     -0.200000000000000      0.333765648815400      0.333765648815400       0.00000000000000       0.00000000000000
     -0.100000000000000      0.336722593607456      0.336722593607456   5.55111512312578e-17   1.64857221597585e-16
       0.00000000000000       0.00000000000000      -0.00000000000000       0.00000000000000                      -
      0.100000000000000     -0.336722593607456     -0.336722593607456   5.55111512312578e-17  -1.64857221597585e-16
      0.200000000000000     -0.333765648815400     -0.333765648815400       0.00000000000000      -0.00000000000000
      0.300000000000000     0.0242860961383208     0.0242860961383208  -3.46944695195361e-17  -1.42857334179749e-15
      0.400000000000000      0.373991228446708      0.373991228446708  -5.55111512312578e-17  -1.48429019209385e-16
      0.500000000000000      0.291658139665868      0.291658139665868  -5.55111512312578e-17  -1.90329511443957e-16
      0.600000000000000     -0.200448464358231     -0.200448464358231   2.77555756156289e-17  -1.38467389633006e-16
      0.700000000000000     -0.436873296201946     -0.436873296201947   2.22044604925031e-16  -5.08258588600916e-16
      0.800000000000000      0.160375234239615      0.160375234239616  -3.60822483003176e-16  -2.24986410597582e-15
      0.900000000000000      0.412822878649655      0.412822878649656  -5.55111512312578e-17  -1.34467235471142e-16
max(abs(diff)) = 3.88578058618805e-16
max(abs(frac)) = 2.24986410597582e-15

  l =                      20
                      x                     f1                     f2                  delta                   frac
     -0.900000000000000      0.347148437342219      0.347148437342219   5.55111512312578e-17   1.59906095664014e-16
     -0.800000000000000    -0.0597646446331378    -0.0597646446331380   1.52655665885959e-16  -2.55428049180293e-15
     -0.700000000000000     0.0630170665108939     0.0630170665108940  -1.52655665885959e-16  -2.42244957339563e-15
     -0.600000000000000     -0.182280101290650     -0.182280101290650  -1.11022302462516e-16   6.09075273035360e-16
     -0.500000000000000      0.287529011945382      0.287529011945383  -1.11022302462516e-16  -3.86125565943255e-16
     -0.400000000000000     -0.241056303188698     -0.241056303188698  -2.77555756156289e-17   1.15141463834289e-16
     -0.300000000000000    0.00993601098395752    0.00993601098395747   5.37764277552810e-17   5.41227539322447e-15
     -0.200000000000000      0.233372536412340      0.233372536412340       0.00000000000000       0.00000000000000
     -0.100000000000000     -0.245693100897402     -0.245693100897402  -5.55111512312578e-17   2.25936955610482e-16
       0.00000000000000       0.00000000000000       0.00000000000000       0.00000000000000                      -
      0.100000000000000      0.245693100897401      0.245693100897401  -1.38777878078145e-16  -5.64842389026205e-16
      0.200000000000000     -0.233372536412340     -0.233372536412340       0.00000000000000      -0.00000000000000
      0.300000000000000   -0.00993601098395752   -0.00993601098395747  -5.37764277552810e-17   5.41227539322447e-15
      0.400000000000000      0.241056303188698      0.241056303188698   2.77555756156289e-17   1.15141463834289e-16
      0.500000000000000     -0.287529011945382     -0.287529011945383   1.11022302462516e-16  -3.86125565943255e-16
      0.600000000000000      0.182280101290651      0.182280101290651   8.32667268468867e-17   4.56806454776518e-16
      0.700000000000000    -0.0630170665108939    -0.0630170665108940   1.52655665885959e-16  -2.42244957339563e-15
      0.800000000000000     0.0597646446331378     0.0597646446331380  -1.52655665885959e-16  -2.55428049180293e-15
      0.900000000000000     -0.347148437342217     -0.347148437342217   1.66533453693773e-16  -4.79718286992044e-16
max(abs(diff)) = 1.66533453693773e-16
max(abs(frac)) = 5.41227539322447e-15

  l =                      50
                      x                     f1                     f2                  delta                   frac
     -0.900000000000000    0.00128151506661877    0.00128151506661887  -9.41087485717418e-17  -7.34355381556591e-14
     -0.800000000000000     0.0655793103264385     0.0655793103264380   5.27355936696949e-16   8.04149866889265e-15
     -0.700000000000000      0.207430398416365      0.207430398416366  -3.05311331771918e-16  -1.47187362172000e-15
     -0.600000000000000      0.174153895192615      0.174153895192615   2.22044604925031e-16   1.27499074700252e-15
     -0.500000000000000      0.183123594760052      0.183123594760052  -8.32667268468867e-17  -4.54702338909366e-16
     -0.400000000000000      0.172257346757738      0.172257346757738  -2.77555756156289e-17  -1.61128544808392e-16
     -0.300000000000000     0.0568361478845484     0.0568361478845484   6.24500451351651e-17   1.09877335920126e-15
     -0.200000000000000     -0.120703030357009     -0.120703030357009  -2.77555756156289e-17   2.29949285726589e-16
     -0.100000000000000     -0.166308162304872     -0.166308162304872  -1.11022302462516e-16   6.67569774831572e-16
       0.00000000000000       0.00000000000000      -0.00000000000000       0.00000000000000                      -
      0.100000000000000      0.166308162304871      0.166308162304871  -1.11022302462516e-16  -6.67569774831573e-16
      0.200000000000000      0.120703030357009      0.120703030357009   2.77555756156289e-17   2.29949285726589e-16
      0.300000000000000    -0.0568361478845484    -0.0568361478845484  -6.24500451351651e-17   1.09877335920126e-15
      0.400000000000000     -0.172257346757738     -0.172257346757738  -5.55111512312578e-17   3.22257089616783e-16
      0.500000000000000     -0.183123594760052     -0.183123594760052   8.32667268468867e-17  -4.54702338909366e-16
      0.600000000000000     -0.174153895192616     -0.174153895192616       0.00000000000000      -0.00000000000000
      0.700000000000000     -0.207430398416365     -0.207430398416366   3.05311331771918e-16  -1.47187362172000e-15
      0.800000000000000    -0.0655793103264385    -0.0655793103264380  -5.27355936696949e-16   8.04149866889265e-15
      0.900000000000000   -0.00128151506661509   -0.00128151506661521   1.12323345069498e-16  -8.76488681215209e-14
max(abs(diff)) = 5.27355936696949e-16
max(abs(frac)) = 8.76488681215209e-14

  l =                     100
                      x                     f1                     f2                  delta                   frac
     -0.900000000000000      0.100250202087339      0.100250202087339   1.24900090270330e-16   1.24588367574078e-15
     -0.800000000000000      0.140235437258694      0.140235437258694   3.33066907387547e-16   2.37505522069386e-15
     -0.700000000000000    -0.0848879971282881    -0.0848879971282882   4.16333634234434e-17  -4.90450532841815e-16
     -0.600000000000000     -0.134705123716719     -0.134705123716718  -8.32667268468867e-17   6.18140754779266e-16
     -0.500000000000000    -0.0949250739520728    -0.0949250739520729   4.16333634234434e-17  -4.38591846074977e-16
     -0.400000000000000     0.0645783374049095     0.0645783374049095   4.16333634234434e-17   6.44695498467235e-16
     -0.300000000000000     0.0912787754261893     0.0912787754261892   8.32667268468867e-17   9.12224407679733e-16
     -0.200000000000000     -0.124177465173987     -0.124177465173987   2.77555756156289e-17  -2.23515398520498e-16
     -0.100000000000000     0.0750665483353513     0.0750665483353513   1.38777878078145e-17   1.84873130782796e-16
       0.00000000000000       0.00000000000000       0.00000000000000       0.00000000000000                      -
      0.100000000000000    -0.0750665483353524    -0.0750665483353524  -5.55111512312578e-17   7.39492523131172e-16
      0.200000000000000      0.124177465173987      0.124177465173987  -2.77555756156289e-17  -2.23515398520498e-16
      0.300000000000000    -0.0912787754261893    -0.0912787754261892  -8.32667268468867e-17   9.12224407679733e-16
      0.400000000000000    -0.0645783374049082    -0.0645783374049082   2.77555756156289e-17  -4.29796998978165e-16
      0.500000000000000     0.0949250739520728     0.0949250739520729  -4.16333634234434e-17  -4.38591846074977e-16
      0.600000000000000      0.134705123716718      0.134705123716718   1.38777878078145e-16   1.03023459129878e-15
      0.700000000000000     0.0848879971282881     0.0848879971282882  -4.16333634234434e-17  -4.90450532841815e-16
      0.800000000000000     -0.140235437258694     -0.140235437258694  -3.33066907387547e-16   2.37505522069386e-15
      0.900000000000000     -0.100250202087344     -0.100250202087343  -4.44089209850063e-16   4.42980862485592e-15
max(abs(diff)) = 4.44089209850063e-16
max(abs(frac)) = 4.42980862485592e-15

