  a =       0.250000000000000
                      x                     f1                     f2                  delta                   frac
       1.00000000000000      -1.38629436111989      -1.38629436111989       0.00000000000000      -0.00000000000000
       2.00000000000000      -1.16315080980568      -1.16315080980568       0.00000000000000      -0.00000000000000
       5.00000000000000       2.27335338568862       2.27335338568862   4.44089209850063e-16   1.95345436677696e-16
       10.0000000000000       12.0800011467780       12.0800011467780   1.77635683940025e-15   1.47049393275434e-16
       20.0000000000000       38.7960880732193       38.7960880732193       0.00000000000000       0.00000000000000
       50.0000000000000       144.253849071634       144.253849071634  -2.84217094304040e-14  -1.97025657293139e-16
       100.000000000000       358.996537113066       358.996537113066       0.00000000000000       0.00000000000000
max(abs(diff)) = 2.84217094304040e-14
max(abs(frac)) = 1.97025657293139e-16

  a =       0.500000000000000
                      x                     f1                     f2                  delta                   frac
       1.00000000000000     -0.693147180559945     -0.693147180559945       0.00000000000000      -0.00000000000000
       2.00000000000000     -0.287682072451781     -0.287682072451781       0.00000000000000      -0.00000000000000
       5.00000000000000       3.38544902469402       3.38544902469402   4.44089209850063e-16   1.31175866660760e-16
       10.0000000000000       13.3682602764791       13.3682602764791  -1.77635683940025e-15  -1.32878684485646e-16
       20.0000000000000       40.2591360316061       40.2591360316061       0.00000000000000       0.00000000000000
       50.0000000000000       145.946890547796       145.946890547796       0.00000000000000       0.00000000000000
       100.000000000000       360.863175524853       360.863175524853       0.00000000000000       0.00000000000000
max(abs(diff)) = 1.77635683940025e-15
max(abs(frac)) = 1.32878684485646e-16

  a =       0.750000000000000
                      x                     f1                     f2                  delta                   frac
       1.00000000000000     -0.287682072451781     -0.287682072451781       0.00000000000000      -0.00000000000000
       2.00000000000000      0.271933715483642      0.271933715483642       0.00000000000000       0.00000000000000
       5.00000000000000       4.16343508519099       4.16343508519099       0.00000000000000       0.00000000000000
       10.0000000000000       14.3161912736292       14.3161912736292  -1.77635683940025e-15  -1.24080267261611e-16
       20.0000000000000       41.3787348305236       41.3787348305236       0.00000000000000       0.00000000000000
       50.0000000000000       147.294608397224       147.294608397224       0.00000000000000       0.00000000000000
       100.000000000000       362.383865341803       362.383865341803   5.68434188608080e-14   1.56859684708073e-16
max(abs(diff)) = 5.68434188608080e-14
max(abs(frac)) = 1.56859684708073e-16

  a =        1.00000000000000
                      x                     f1                     f2                  delta                   frac
       1.00000000000000       0.00000000000000       0.00000000000000       0.00000000000000                      -
       2.00000000000000      0.693147180559945      0.693147180559945       0.00000000000000       0.00000000000000
       5.00000000000000       4.78749174278205       4.78749174278205       0.00000000000000       0.00000000000000
       10.0000000000000       15.1044125730755       15.1044125730755   1.77635683940025e-15   1.17605158810791e-16
       20.0000000000000       42.3356164607535       42.3356164607535       0.00000000000000       0.00000000000000
       50.0000000000000       148.477766951773       148.477766951773       0.00000000000000       0.00000000000000
       100.000000000000       363.739375555564       363.739375555563   5.68434188608080e-14   1.56275131813781e-16
max(abs(diff)) = 5.68434188608080e-14
max(abs(frac)) = 1.56275131813781e-16

  a =        1.25000000000000
                      x                     f1                     f2                  delta                   frac
       1.00000000000000      0.223143551314210      0.223143551314210       0.00000000000000       0.00000000000000
       2.00000000000000       1.03407376753054       1.03407376753054       0.00000000000000       0.00000000000000
       5.00000000000000       5.31787582341204       5.31787582341204       0.00000000000000       0.00000000000000
       10.0000000000000       15.7935732134823       15.7935732134823   1.77635683940025e-15   1.12473397589587e-16
       20.0000000000000       43.1905372278917       43.1905372278917       0.00000000000000       0.00000000000000
       50.0000000000000       149.557153979693       149.557153979693       0.00000000000000       0.00000000000000
       100.000000000000       364.990498540373       364.990498540373       0.00000000000000       0.00000000000000
max(abs(diff)) = 1.77635683940025e-15
max(abs(frac)) = 1.12473397589587e-16

  a =        1.50000000000000
                      x                     f1                     f2                  delta                   frac
       1.00000000000000      0.405465108108164      0.405465108108164       0.00000000000000       0.00000000000000
       2.00000000000000       1.32175583998232       1.32175583998232       0.00000000000000       0.00000000000000
       5.00000000000000       5.78334429749239       5.78334429749239  -8.88178419700125e-16  -1.53575228105515e-16
       10.0000000000000       16.4127827142025       16.4127827142025       0.00000000000000       0.00000000000000
       20.0000000000000       43.9727080983104       43.9727080983104       0.00000000000000       0.00000000000000
       50.0000000000000       150.562011064637       150.562011064637       0.00000000000000       0.00000000000000
       100.000000000000       366.166480432912       366.166480432912       0.00000000000000       0.00000000000000
max(abs(diff)) = 8.88178419700125e-16
max(abs(frac)) = 1.53575228105515e-16

  a =        1.75000000000000
                      x                     f1                     f2                  delta                   frac
       1.00000000000000      0.559615787935423      0.559615787935423       0.00000000000000       0.00000000000000
       2.00000000000000       1.57121669961390       1.57121669961390       0.00000000000000       0.00000000000000
       5.00000000000000       6.20031701245203       6.20031701245203  -8.88178419700125e-16  -1.43247259441155e-16
       10.0000000000000       16.9787791006547       16.9787791006547       0.00000000000000       0.00000000000000
       20.0000000000000       44.6989631496521       44.6989631496521  -7.10542735760100e-15  -1.58961793673201e-16
       50.0000000000000       151.509202087598       151.509202087598  -2.84217094304040e-14  -1.87590648216677e-16
       100.000000000000       367.284189615081       367.284189615081   5.68434188608080e-14   1.54766854844421e-16
max(abs(diff)) = 5.68434188608080e-14
max(abs(frac)) = 1.87590648216677e-16

  a =        2.00000000000000
                      x                     f1                     f2                  delta                   frac
       1.00000000000000      0.693147180559945      0.693147180559945       0.00000000000000       0.00000000000000
       2.00000000000000       1.79175946922805       1.79175946922805       0.00000000000000       0.00000000000000
       5.00000000000000       6.57925121201010       6.57925121201010       0.00000000000000       0.00000000000000
       10.0000000000000       17.5023078458739       17.5023078458739       0.00000000000000       0.00000000000000
       20.0000000000000       45.3801388984769       45.3801388984769   7.10542735760100e-15   1.56575707568834e-16
       50.0000000000000       152.409592584497       152.409592584497   2.84217094304040e-14   1.86482418517369e-16
       100.000000000000       368.354496072405       368.354496072405       0.00000000000000       0.00000000000000
max(abs(diff)) = 2.84217094304040e-14
max(abs(frac)) = 1.86482418517369e-16

  a =        2.25000000000000
                      x                     f1                     f2                  delta                   frac
       1.00000000000000      0.810930216216329      0.810930216216329       0.00000000000000       0.00000000000000
       2.00000000000000       1.98958521255798       1.98958521255797   4.44089209850063e-16   2.23206931297557e-16
       5.00000000000000       6.92731373584614       6.92731373584614       0.00000000000000       0.00000000000000
       10.0000000000000       17.9907977908185       17.9907977908185       0.00000000000000       0.00000000000000
       20.0000000000000       46.0237505719479       46.0237505719479  -7.10542735760100e-15  -1.54386099987511e-16
       50.0000000000000       153.270726046397       153.270726046397       0.00000000000000       0.00000000000000
       100.000000000000       369.384947695045       369.384947695045       0.00000000000000       0.00000000000000
max(abs(diff)) = 7.10542735760100e-15
max(abs(frac)) = 2.23206931297557e-16

  a =        2.50000000000000
                      x                     f1                     f2                  delta                   frac
       1.00000000000000      0.916290731874155      0.916290731874155       0.00000000000000       0.00000000000000
       2.00000000000000       2.16905370036952       2.16905370036952       0.00000000000000       0.00000000000000
       5.00000000000000       7.24968136628581       7.24968136628581   8.88178419700125e-16   1.22512752606003e-16
       10.0000000000000       18.4496646414635       18.4496646414635       0.00000000000000       0.00000000000000
       20.0000000000000       46.6352959253359       46.6352959253359  -7.10542735760100e-15  -1.52361579713720e-16
       50.0000000000000       154.098127764199       154.098127764199       0.00000000000000       0.00000000000000
       100.000000000000       370.381074123286       370.381074123286   5.68434188608080e-14   1.53472795539998e-16
max(abs(diff)) = 5.68434188608080e-14
max(abs(frac)) = 1.53472795539998e-16

  a =        2.75000000000000
                      x                     f1                     f2                  delta                   frac
       1.00000000000000       1.01160091167848       1.01160091167848       0.00000000000000       0.00000000000000
       2.00000000000000       2.33335675166080       2.33335675166080       0.00000000000000       0.00000000000000
       5.00000000000000       7.55024372940105       7.55024372940105   8.88178419700125e-16   1.17635728266826e-16
       10.0000000000000       18.8830165533094       18.8830165533094       0.00000000000000       0.00000000000000
       20.0000000000000       47.2189611192514       47.2189611192514       0.00000000000000       0.00000000000000
       50.0000000000000       154.896010731808       154.896010731808  -2.84217094304040e-14  -1.83488969768332e-16
       100.000000000000       371.347092651468       371.347092651468       0.00000000000000       0.00000000000000
max(abs(diff)) = 2.84217094304040e-14
max(abs(frac)) = 1.83488969768332e-16

  a =        3.00000000000000
                      x                     f1                     f2                  delta                   frac
       1.00000000000000       1.09861228866811       1.09861228866811  -2.22044604925031e-16  -2.02113709463622e-16
       2.00000000000000       2.48490664978800       2.48490664978800       0.00000000000000       0.00000000000000
       5.00000000000000       7.83201418050547       7.83201418050547  -1.77635683940025e-15  -2.26807153110339e-16
       10.0000000000000       19.2940673151019       19.2940673151019   3.55271367880050e-15   1.84135030772890e-16
       20.0000000000000       47.7780341712753       47.7780341712753       0.00000000000000       0.00000000000000
       50.0000000000000       155.667689122519       155.667689122519       0.00000000000000       0.00000000000000
       100.000000000000       372.286321705129       372.286321705129       0.00000000000000       0.00000000000000
max(abs(diff)) = 3.55271367880050e-15
max(abs(frac)) = 2.26807153110339e-16

  a =        3.25000000000000
                      x                     f1                     f2                  delta                   frac
       1.00000000000000       1.17865499634165       1.17865499634165   2.22044604925031e-16   1.88388125120770e-16
       2.00000000000000       2.62557397927797       2.62557397927797   4.44089209850063e-16   1.69139857933916e-16
       5.00000000000000       8.09738498849640       8.09738498849640  -1.77635683940025e-15  -2.19374136455639e-16
       10.0000000000000       19.6853935115929       19.6853935115929       0.00000000000000       0.00000000000000
       20.0000000000000       48.3151623643438       48.3151623643438       0.00000000000000       0.00000000000000
       50.0000000000000       156.415835721026       156.415835721026       0.00000000000000       0.00000000000000
       100.000000000000       373.201438273752       373.201438273752   5.68434188608080e-14   1.52312968362978e-16
max(abs(diff)) = 5.68434188608080e-14
max(abs(frac)) = 2.19374136455639e-16

  a =        3.50000000000000
                      x                     f1                     f2                  delta                   frac
       1.00000000000000       1.25276296849537       1.25276296849537       0.00000000000000       0.00000000000000
       2.00000000000000       2.75684036527164       2.75684036527164       0.00000000000000       0.00000000000000
       5.00000000000000       8.34829365495392       8.34829365495392  -1.77635683940025e-15  -2.12780828372772e-16
       10.0000000000000       20.0591025538976       20.0591025538976       0.00000000000000       0.00000000000000
       20.0000000000000       48.8325205026721       48.8325205026721   7.10542735760100e-15   1.45506053844020e-16
       50.0000000000000       157.142650201922       157.142650201922   2.84217094304040e-14   1.80865661829448e-16
       100.000000000000       374.094646189990       374.094646189990  -5.68434188608080e-14  -1.51949297964396e-16
max(abs(diff)) = 5.68434188608080e-14
max(abs(frac)) = 2.12780828372772e-16

  a =        3.75000000000000
                      x                     f1                     f2                  delta                   frac
       1.00000000000000       1.32175583998232       1.32175583998232   4.44089209850063e-16   3.35984299381649e-16
       2.00000000000000       2.87990045802887       2.87990045802887       0.00000000000000       0.00000000000000
       5.00000000000000       8.58633566108782       8.58633566108782   1.77635683940025e-15   2.06881830563703e-16
       10.0000000000000       20.4169469132354       20.4169469132354       0.00000000000000       0.00000000000000
       20.0000000000000       49.3319253529698       49.3319253529698   7.10542735760100e-15   1.44033043647936e-16
       50.0000000000000       157.849973592486       157.849973592486       0.00000000000000       0.00000000000000
       100.000000000000       374.967790593166       374.967790593166   5.68434188608080e-14   1.51595471096029e-16
max(abs(diff)) = 5.68434188608080e-14
max(abs(frac)) = 3.35984299381649e-16

  a =        4.00000000000000
                      x                     f1                     f2                  delta                   frac
       1.00000000000000       1.38629436111989       1.38629436111989   2.22044604925031e-16   1.60171325190746e-16
       2.00000000000000       2.99573227355399       2.99573227355399       0.00000000000000       0.00000000000000
       5.00000000000000       8.81284343351720       8.81284343351719   1.77635683940025e-15   2.01564552099538e-16
       10.0000000000000       20.7604043838954       20.7604043838954       0.00000000000000       0.00000000000000
       20.0000000000000       49.8149160985363       49.8149160985363   7.10542735760100e-15   1.42636541704620e-16
       50.0000000000000       158.539368747403       158.539368747403       0.00000000000000       0.00000000000000
       100.000000000000       375.822438404691       375.822438404691  -5.68434188608080e-14  -1.51250731867154e-16
max(abs(diff)) = 5.68434188608080e-14
max(abs(frac)) = 2.01564552099538e-16

  a =        4.25000000000000
                      x                     f1                     f2                  delta                   frac
       1.00000000000000       1.44691898293633       1.44691898293633       0.00000000000000       0.00000000000000
       2.00000000000000       3.10514705953986       3.10514705953986  -4.44089209850063e-16  -1.43017126511190e-16
       5.00000000000000       9.02894319250134       9.02894319250134   1.77635683940025e-15   1.96740283057217e-16
       10.0000000000000       21.0907360676835       21.0907360676835       0.00000000000000       0.00000000000000
       20.0000000000000       50.2828125000356       50.2828125000356  -7.10542735760100e-15  -1.41309266612642e-16
       50.0000000000000       159.212178529274       159.212178529274       0.00000000000000       0.00000000000000
       100.000000000000       376.659936509251       376.659936509251       0.00000000000000       0.00000000000000
max(abs(diff)) = 7.10542735760100e-15
max(abs(frac)) = 1.96740283057217e-16

  a =        4.50000000000000
                      x                     f1                     f2                  delta                   frac
       1.00000000000000       1.50407739677627       1.50407739677627       0.00000000000000       0.00000000000000
       2.00000000000000       3.20882548901470       3.20882548901470  -4.44089209850063e-16  -1.38396186196596e-16
       5.00000000000000       9.23559684995483       9.23559684995483       0.00000000000000       0.00000000000000
       10.0000000000000       21.4090292708466       21.4090292708466   3.55271367880050e-15   1.65944641107028e-16
       20.0000000000000       50.7367579553268       50.7367579553268       0.00000000000000       0.00000000000000
       50.0000000000000       159.869568887329       159.869568887329       0.00000000000000       0.00000000000000
       100.000000000000       377.481454834200       377.481454834200  -5.68434188608080e-14  -1.50585990736353e-16
max(abs(diff)) = 5.68434188608080e-14
max(abs(frac)) = 1.65944641107028e-16

  a =        4.75000000000000
                      x                     f1                     f2                  delta                   frac
       1.00000000000000       1.55814461804655       1.55814461804655  -8.88178419700125e-16  -5.70023096324420e-16
       2.00000000000000       3.30734447285581       3.30734447285581  -8.88178419700125e-16  -2.68547297383029e-16
       5.00000000000000       9.43363352147503       9.43363352147503   1.77635683940025e-15   1.88300386627962e-16
       10.0000000000000       21.7162298973656       21.7162298973656       0.00000000000000       0.00000000000000
       20.0000000000000       51.1777520434682       51.1777520434682       0.00000000000000       0.00000000000000
       50.0000000000000       160.512561419511       160.512561419511       0.00000000000000       0.00000000000000
       100.000000000000       378.288018912295       378.288018912295       0.00000000000000       0.00000000000000
max(abs(diff)) = 1.77635683940025e-15
max(abs(frac)) = 5.70023096324420e-16

  a =        5.00000000000000
                      x                     f1                     f2                  delta                   frac
       1.00000000000000       1.60943791243410       1.60943791243410  -2.22044604925031e-16  -1.37964070070409e-16
       2.00000000000000       3.40119738166216       3.40119738166216       0.00000000000000       0.00000000000000
       5.00000000000000       9.62377364973353       9.62377364973352   1.77635683940025e-15   1.84580072646392e-16
       10.0000000000000       22.0131673523907       22.0131673523907       0.00000000000000       0.00000000000000
       20.0000000000000       51.6066755677644       51.6066755677644  -1.42108547152020e-14  -2.75368536315458e-16
       50.0000000000000       161.142058432847       161.142058432847       0.00000000000000       0.00000000000000
       100.000000000000       379.080534942712       379.080534942712  -5.68434188608080e-14  -1.49950771989383e-16
max(abs(diff)) = 5.68434188608080e-14
max(abs(frac)) = 2.75368536315458e-16

