  a =       0.250000000000000
                      x                     f1                     f2                  delta                   frac
       0.00000000000000       1.00000000000000       1.00000000000000       0.00000000000000       0.00000000000000
       1.00000000000000      0.250000000000003      0.250000000000000   2.99760216648792e-15   1.19904086659517e-14
       2.00000000000000     -0.187500000000005     -0.187500000000000  -5.10702591327572e-15   2.72374715374705e-14
       5.00000000000000       3.38378906250233       3.38378906250000   2.32880381645373e-12   6.88223696406527e-13
       10.0000000000000      -42303.6913635320      -42303.6913633347  -1.97345798369497e-07   4.66497820898297e-12
       20.0000000000000  -1.18284847356930e+16  -1.18284847350416e+16      -651366.000000000   5.50675775123033e-11
       50.0000000000000  -4.68147345093366e+61  -4.68147344879011e+61  -2.14355533562030e+52   4.57880485507034e-10
       100.000000000000 -6.03031714618505e+154 -6.03031714467593e+154 -1.50911863179203e+145   2.50255267772178e-10
max(abs(diff)) = 1.50911863179203e+145
max(abs(frac)) = 4.57880485507034e-10

  a =       0.500000000000000
                      x                     f1                     f2                  delta                   frac
       0.00000000000000       1.00000000000000       1.00000000000000       0.00000000000000       0.00000000000000
       1.00000000000000      0.500000000000006      0.500000000000000   6.21724893790088e-15   1.24344978758018e-14
       2.00000000000000     -0.250000000000006     -0.250000000000000  -6.32827124036339e-15   2.53130849614536e-14
       5.00000000000000       3.28125000000082       3.28125000000000   8.19344592173366e-13   2.49705018567121e-13
       10.0000000000000      -33651.7822269182      -33651.7822265625  -3.55721567757428e-07   1.05706605778711e-11
       20.0000000000000  -7.82088712050101e+15  -7.82088711990155e+15      -599456.000000000   7.66480823479198e-11
       50.0000000000000  -2.44508533779009e+61  -2.44508533711813e+61  -6.71966482496433e+51   2.74823325098517e-10
       100.000000000000 -2.64260818675371e+154 -2.64260818691278e+154  1.59066345209363e+144  -6.01929359021597e-11
max(abs(diff)) = 1.59066345209363e+144
max(abs(frac)) = 2.74823325098517e-10

  a =       0.750000000000000
                      x                     f1                     f2                  delta                   frac
       0.00000000000000       1.00000000000000       1.00000000000000       0.00000000000000       0.00000000000000
       1.00000000000000      0.750000000000011      0.750000000000000   1.14352971536391e-14   1.52470628715188e-14
       2.00000000000000     -0.187500000000005     -0.187500000000000  -5.10702591327572e-15   2.72374715374705e-14
       5.00000000000000       1.71386718750024       1.71386718750000   2.42694753183059e-13   1.41606511258947e-13
       10.0000000000000      -14295.4348326024      -14295.4348325729  -2.95040081255138e-08   2.06387622839477e-12
       20.0000000000000  -2.75142386040454e+15  -2.75142386045957e+15       55025.5000000000  -1.99989179387320e-11
       50.0000000000000  -6.78118626830650e+60  -6.78118626455606e+60  -3.75044584276501e+51   5.53066336249729e-10
       100.000000000000 -6.14533890754763e+153 -6.14533890572708e+153 -1.82055009710937e+144   2.96248933547462e-10
max(abs(diff)) = 1.82055009710937e+144
max(abs(frac)) = 5.53066336249729e-10

  a =        1.00000000000000
                      x                     f1                     f2                  delta                   frac
       0.00000000000000       1.00000000000000       1.00000000000000       0.00000000000000       0.00000000000000
       1.00000000000000       1.00000000000001       1.00000000000000   1.42108547152020e-14   1.42108547152020e-14
       2.00000000000000       0.00000000000000       0.00000000000000       0.00000000000000                      -
       5.00000000000000                    nan       0.00000000000000                    nan                      -
       10.0000000000000                    nan       0.00000000000000                    nan                      -
       20.0000000000000                    nan       0.00000000000000                    nan                      -
       50.0000000000000                    nan       0.00000000000000                    nan                      -
       100.000000000000                    nan       0.00000000000000                    nan                      -
max(abs(diff)) = 1.42108547152020e-14
max(abs(frac)) = 1.42108547152020e-14

  a =        1.25000000000000
                      x                     f1                     f2                  delta                   frac
       0.00000000000000       1.00000000000000       1.00000000000000       0.00000000000000       0.00000000000000
       1.00000000000000       1.25000000000000       1.25000000000000  -1.11022302462516e-15  -8.88178419700125e-16
       2.00000000000000      0.312500000000003      0.312500000000000   3.44169137633799e-15   1.10134124042816e-14
       5.00000000000000      -1.12792968750011      -1.12792968750000  -1.13686837721616e-13   1.00792486430247e-13
       10.0000000000000       6043.38448052337       6043.38448047638   4.69890437670983e-08   7.77528616934767e-12
       20.0000000000000       788565649018037.       788565649002774.       15263.0000000000   1.93553954820397e-11
       50.0000000000000   1.20037780804615e+60   1.20037780738208e+60   6.64069271244344e+50   5.53216884851131e-10
       100.000000000000  7.63331284222946e+152  7.63331284136194e+152  8.67517487176552e+142   1.13648884200817e-10
max(abs(diff)) = 8.67517487176552e+142
max(abs(frac)) = 5.53216884851131e-10

  a =        1.50000000000000
                      x                     f1                     f2                  delta                   frac
       0.00000000000000       1.00000000000000       1.00000000000000       0.00000000000000       0.00000000000000
       1.00000000000000       1.50000000000015       1.50000000000000   1.53654866608122e-13   1.02436577738748e-13
       2.00000000000000      0.750000000000086      0.750000000000000   8.60422844084496e-14   1.14723045877933e-13
       5.00000000000000      -1.40625000000043      -1.40625000000000  -4.34763336443211e-13   3.09165039248506e-13
       10.0000000000000       5938.54980466408       5938.54980468750  -2.34194885706529e-08  -3.94363764570386e-12
       20.0000000000000       634125982666000.       634125982694720.      -28720.6250000000  -4.52916703995500e-11
       50.0000000000000   7.56211960447854e+59   7.56211959933441e+59   5.14412805945179e+50   6.80249497760464e-10
       100.000000000000  4.02427643114703e+152  4.02427642677073e+152  4.37629712192581e+143   1.08747428303218e-09
max(abs(diff)) = 4.37629712192581e+143
max(abs(frac)) = 1.08747428303218e-09

  a =        1.75000000000000
                      x                     f1                     f2                  delta                   frac
       0.00000000000000       1.00000000000000       1.00000000000000       0.00000000000000       0.00000000000000
       1.00000000000000       1.75000000000008       1.75000000000000   8.39328606616618e-14   4.79616346638068e-14
       2.00000000000000       1.31250000000008       1.31250000000000   8.28226376370367e-14   6.31029620091708e-14
       5.00000000000000     -0.922851562500287     -0.922851562500000  -2.86992651865603e-13   3.10984630169712e-13
       10.0000000000000       3032.36496449523       3032.36496448517   1.00576471595559e-08   3.31676670761941e-12
       20.0000000000000       263835164700563.       263835164701602.      -1039.59375000000  -3.94031535248829e-12
       50.0000000000000   2.45949760953111e+59   2.45949760890634e+59   6.24771433273378e+49   2.54024005150870e-10
       100.000000000000  1.09458962692749e+152  1.09458962697429e+152 -4.67953888946977e+141  -4.27515369609810e-11
max(abs(diff)) = 4.67953888946977e+141
max(abs(frac)) = 2.54024005150870e-10

  a =        2.00000000000000
                      x                     f1                     f2                  delta                   frac
       0.00000000000000       1.00000000000000       1.00000000000000       0.00000000000000       0.00000000000000
       1.00000000000000       1.99999999999984       2.00000000000000  -1.59650070941098e-13  -7.98250354705488e-14
       2.00000000000000       1.99999999999987       2.00000000000000  -1.31228361510694e-13  -6.56141807553468e-14
       5.00000000000000                    nan       0.00000000000000                    nan                      -
       10.0000000000000                    nan       0.00000000000000                    nan                      -
       20.0000000000000                    nan       0.00000000000000                    nan                      -
       50.0000000000000                    nan       0.00000000000000                    nan                      -
       100.000000000000                    nan       0.00000000000000                    nan                      -
max(abs(diff)) = 1.59650070941098e-13
max(abs(frac)) = 7.98250354705488e-14

  a =        2.25000000000000
                      x                     f1                     f2                  delta                   frac
       0.00000000000000       1.00000000000000       1.00000000000000       0.00000000000000       0.00000000000000
       1.00000000000000       2.25000000000053       2.25000000000000   5.32462962610225e-13   2.36650205604544e-13
       2.00000000000000       2.81250000000066       2.81250000000000   6.63025190306143e-13   2.35742289886629e-13
       5.00000000000000      0.922851562500287      0.922851562500000   2.86992651865603e-13   3.10984630169712e-13
       10.0000000000000      -1754.53097820849      -1754.53097820282  -5.66888047615066e-09   3.23099480520848e-12
       20.0000000000000      -99959025933678.1      -99959025929929.1      -3749.06250000000   3.75059927317427e-11
       50.0000000000000  -5.65623050627697e+58  -5.65623050598886e+58  -2.88118937741456e+48   5.09383302954846e-11
       100.000000000000 -1.75702853219652e+151 -1.75702853125978e+151 -9.36739862865528e+141   5.33138674870515e-10
max(abs(diff)) = 9.36739862865528e+141
max(abs(frac)) = 5.33138674870515e-10

  a =        2.50000000000000
                      x                     f1                     f2                  delta                   frac
       0.00000000000000       1.00000000000000       1.00000000000000       0.00000000000000       0.00000000000000
       1.00000000000000       2.50000000000020       2.50000000000000   1.97619698383278e-13   7.90478793533111e-14
       2.00000000000000       3.75000000000068       3.75000000000000   6.80344669490296e-13   1.81425245197412e-13
       5.00000000000000       1.40625000000043       1.40625000000000   4.34763336443211e-13   3.09165039248506e-13
       10.0000000000000      -1979.51660157152      -1979.51660156250  -9.02196006791200e-09   4.55765819836553e-12
       20.0000000000000      -90589426105890.8      -90589426099245.8      -6644.98437500000   7.33527593796659e-11
       50.0000000000000  -3.98006294725633e+58  -3.98006294701811e+58  -2.38213772617554e+48   5.98517600823438e-11
       100.000000000000 -1.03186575224340e+151 -1.03186575045403e+151 -1.78936515141999e+142   1.73410654499643e-09
max(abs(diff)) = 1.78936515141999e+142
max(abs(frac)) = 1.73410654499643e-09

  a =        2.75000000000000
                      x                     f1                     f2                  delta                   frac
       0.00000000000000       1.00000000000000       1.00000000000000       0.00000000000000       0.00000000000000
       1.00000000000000       2.75000000000007       2.75000000000000   7.32747196252603e-14   2.66453525910038e-14
       2.00000000000000       4.81250000000036       4.81250000000000   3.58824081558851e-13   7.45608481161248e-14
       5.00000000000000       1.12792968750011       1.12792968750000   1.13686837721616e-13   1.00792486430247e-13
       10.0000000000000      -1150.20740032504      -1150.20740032196  -3.08114067593124e-09   2.67876965064629e-12
       20.0000000000000      -42060678432541.1      -42060678430690.2      -1850.85156250000   4.40043202239338e-11
       50.0000000000000  -1.43145363611216e+58  -1.43145363481321e+58  -1.29894704542977e+49   9.07432147181818e-10
       100.000000000000 -3.09524059447674e+150 -3.09524059041573e+150 -4.06101330844933e+141   1.31201862660501e-09
max(abs(diff)) = 4.06101330844933e+141
max(abs(frac)) = 1.31201862660501e-09

  a =        3.00000000000000
                      x                     f1                     f2                  delta                   frac
       0.00000000000000       1.00000000000000       1.00000000000000       0.00000000000000       0.00000000000000
       1.00000000000000       3.00000000000177       3.00000000000000   1.77280412572145e-12   5.90934708573817e-13
       2.00000000000000       6.00000000000307       6.00000000000000   3.06688008322453e-12   5.11146680537422e-13
       5.00000000000000                    nan       0.00000000000000                    nan                      -
       10.0000000000000                    nan       0.00000000000000                    nan                      -
       20.0000000000000                    nan       0.00000000000000                    nan                      -
       50.0000000000000                    nan       0.00000000000000                    nan                      -
       100.000000000000                    nan       0.00000000000000                    nan                      -
max(abs(diff)) = 3.06688008322453e-12
max(abs(frac)) = 5.90934708573817e-13

  a =        3.25000000000000
                      x                     f1                     f2                  delta                   frac
       0.00000000000000       1.00000000000000       1.00000000000000       0.00000000000000       0.00000000000000
       1.00000000000000       3.24999999999961       3.25000000000000  -3.94795307556706e-13  -1.21475479248217e-13
       2.00000000000000       7.31250000000084       7.31250000000000   8.42881320295419e-13   1.15265821578861e-13
       5.00000000000000      -1.71386718750024      -1.71386718750000  -2.42694753183059e-13   1.41606511258947e-13
       10.0000000000000       844.774174692372       844.774174690247   2.12571649171878e-09   2.51631330053172e-12
       20.0000000000000       19395034882542.3       19395034881926.5       615.746093750000   3.17476146600690e-11
       50.0000000000000   3.93213885759821e+57   3.93213885443075e+57   3.16745498385036e+48   8.05529789539669e-10
       100.000000000000  5.90216303301860e+149  5.90216302490366e+149  8.11493903078838e+140   1.37490933350165e-09
max(abs(diff)) = 8.11493903078838e+140
max(abs(frac)) = 1.37490933350165e-09

  a =        3.50000000000000
                      x                     f1                     f2                  delta                   frac
       0.00000000000000       1.00000000000000       1.00000000000000       0.00000000000000       0.00000000000000
       1.00000000000000       3.50000000000015       3.50000000000000   1.49213974509621e-13   4.26325641456060e-14
       2.00000000000000       8.75000000000107       8.75000000000000   1.06581410364015e-12   1.21807326130303e-13
       5.00000000000000      -3.28125000000082      -3.28125000000000  -8.18900502963515e-13   2.49569677093643e-13
       10.0000000000000       1065.89355468914       1065.89355468750   1.63799995789304e-09   1.53673877723491e-12
       20.0000000000000       19215938870414.2       19215938869537.0       877.226562500000   4.56509863221238e-11
       50.0000000000000   2.99574630471316e+57   2.99574630420718e+57   5.05982653156892e+47   1.68900367980526e-10
       100.000000000000  3.74251826998744e+149  3.74251826589546e+149  4.09198844923360e+140   1.09337835075456e-09
max(abs(diff)) = 4.09198844923360e+140
max(abs(frac)) = 1.09337835075456e-09

  a =        3.75000000000000
                      x                     f1                     f2                  delta                   frac
       0.00000000000000       1.00000000000000       1.00000000000000       0.00000000000000       0.00000000000000
       1.00000000000000       3.75000000000220       3.75000000000000   2.19912976717751e-12   5.86434604580669e-13
       2.00000000000000       10.3125000000063       10.3125000000000   6.32205399142549e-12   6.13047659774593e-13
       5.00000000000000      -3.38378906250233      -3.38378906250000  -2.32880381645373e-12   6.88223696406527e-13
       10.0000000000000       690.124440193827       690.124440193176   6.51084519631695e-10   9.43430607166219e-13
       20.0000000000000       9706310407320.63       9706310407082.36       238.267578125000   2.45476981604817e-11
       50.0000000000000   1.16063808277980e+57   1.16063808228099e+57   4.98811047105274e+47   4.29773117667282e-10
       100.000000000000  1.20593789355315e+149  1.20593789236976e+149  1.18338384371958e+140   9.81297503965266e-10
max(abs(diff)) = 1.18338384371958e+140
max(abs(frac)) = 9.81297503965266e-10

  a =        4.00000000000000
                      x                     f1                     f2                  delta                   frac
       0.00000000000000       1.00000000000000       1.00000000000000       0.00000000000000       0.00000000000000
       1.00000000000000       3.99999999999764       4.00000000000000  -2.35811370430383e-12  -5.89528426075958e-13
       2.00000000000000       12.0000000000000       12.0000000000000   1.59872115546023e-14   1.33226762955019e-15
       5.00000000000000       0.00000000000000       0.00000000000000       0.00000000000000                      -
       10.0000000000000                    nan       0.00000000000000                    nan                      -
       20.0000000000000                    nan       0.00000000000000                    nan                      -
       50.0000000000000                    nan       0.00000000000000                    nan                      -
       100.000000000000                    nan       0.00000000000000                    nan                      -
max(abs(diff)) = 2.35811370430383e-12
max(abs(frac)) = 5.89528426075958e-13

  a =        4.25000000000000
                      x                     f1                     f2                  delta                   frac
       0.00000000000000       1.00000000000000       1.00000000000000       0.00000000000000       0.00000000000000
       1.00000000000000       4.25000000000009       4.25000000000000   8.61533067109121e-14   2.02713662849205e-14
       2.00000000000000       13.8124999999986       13.8125000000000  -1.39621647576860e-12  -1.01083545757002e-13
       5.00000000000000       9.71191406250143       9.71191406250000   1.42641454203840e-12   1.46872648672431e-13
       10.0000000000000      -624.398303032849      -624.398303031921  -9.27457222132944e-10   1.48536153546453e-12
       20.0000000000000      -5233580841146.45      -5233580841154.78       8.33398437500000  -1.59240577874806e-12
       50.0000000000000  -3.65280658772528e+56  -3.65280658608321e+56  -1.64206789649797e+47   4.49535954833761e-10
       100.000000000000 -2.61975904478323e+148 -2.61975904499640e+148  2.13167033924314e+138  -8.13689466332607e-11
max(abs(diff)) = 2.13167033924314e+138
max(abs(frac)) = 4.49535954833761e-10

  a =        4.50000000000000
                      x                     f1                     f2                  delta                   frac
       0.00000000000000       1.00000000000000       1.00000000000000       0.00000000000000       0.00000000000000
       1.00000000000000       4.50000000000285       4.50000000000000   2.84838819197830e-12   6.32975153772956e-13
       2.00000000000000       15.7500000000106       15.7500000000000   1.06403774680075e-11   6.75579521778254e-13
       5.00000000000000       29.5312500000257       29.5312500000000   2.56754617566912e-11   8.69433625623406e-13
       10.0000000000000      -872.094726564017      -872.094726562500  -1.51726453623269e-09   1.73979327017975e-12
       20.0000000000000      -5578820962014.35      -5578820962123.64       109.295898437500  -1.95912181408122e-11
       50.0000000000000  -2.96282601752670e+56  -2.96282601514996e+56  -2.37673937781635e+47   8.02186616987719e-10
       100.000000000000 -1.76349028396107e+148 -1.76349028235912e+148 -1.60195368403302e+139   9.08399496191158e-10
max(abs(diff)) = 1.60195368403302e+139
max(abs(frac)) = 9.08399496191158e-10

  a =        4.75000000000000
                      x                     f1                     f2                  delta                   frac
       0.00000000000000       1.00000000000000       1.00000000000000       0.00000000000000       0.00000000000000
       1.00000000000000       4.75000000000315       4.75000000000000   3.14592796257784e-12   6.62300623700599e-13
       2.00000000000000       17.8125000000222       17.8125000000000   2.22435403429699e-11   1.24876015960533e-12
       5.00000000000000       64.2919921875860       64.2919921875000   8.60467253005481e-11   1.33837391520865e-12
       10.0000000000000      -624.398303032849      -624.398303031921  -9.27457222132944e-10   1.48536153546453e-12
       20.0000000000000      -3023277012200.80      -3023277012042.05      -158.751953125000   5.25098932359401e-11
       50.0000000000000  -1.21834936842732e+56  -1.21834936814026e+56  -2.87060462488785e+46   2.35614241690761e-10
       100.000000000000 -6.01386350511242e+147 -6.01386350525604e+147  1.43612400947810e+137  -2.38802228920385e-11
max(abs(diff)) = 1.43612400947810e+137
max(abs(frac)) = 2.35614241690761e-10

  a =        5.00000000000000
                      x                     f1                     f2                  delta                   frac
       0.00000000000000       1.00000000000000       1.00000000000000       0.00000000000000       0.00000000000000
       1.00000000000000       5.00000000000573       5.00000000000000   5.73407987758401e-12   1.14681597551680e-12
       2.00000000000000       20.0000000000111       20.0000000000000   1.11448628103972e-11   5.57243140519859e-13
       5.00000000000000       120.000000000130       120.000000000000   1.29901422951662e-10   1.08251185793051e-12
       10.0000000000000                    nan       0.00000000000000                    nan                      -
       20.0000000000000                    nan       0.00000000000000                    nan                      -
       50.0000000000000                    nan       0.00000000000000                    nan                      -
       100.000000000000                    nan       0.00000000000000                    nan                      -
max(abs(diff)) = 1.29901422951662e-10
max(abs(frac)) = 1.14681597551680e-12

