                      x                     f1                     f2                  delta                   frac
       1.20000000000000       5.59158244117775       5.59158244117775   1.77635683940025e-15   3.17684100715163e-16
       1.40000000000000       3.10554727797758       3.10554727797758   8.88178419700125e-16   2.85997391183989e-16
       1.60000000000000       2.28576566568013       2.28576566568013  -2.22044604925031e-15  -9.71423310179793e-16
       1.80000000000000       1.88222961810282       1.88222961810282       0.00000000000000       0.00000000000000
       2.00000000000000       1.64493406684823       1.64493406684823  -1.11022302462516e-15  -6.74934665771983e-16
       2.20000000000000       1.49054325650689       1.49054325650689  -2.22044604925031e-16  -1.48968910466507e-16
       2.40000000000000       1.38334285884074       1.38334285884074  -2.22044604925031e-16  -1.60513066956596e-16
       2.60000000000000       1.30547780907278       1.30547780907278   4.44089209850063e-16   3.40173694844709e-16
       2.80000000000000       1.24703142231725       1.24703142231725  -6.66133814775094e-16  -5.34175645339612e-16
       3.00000000000000       1.20205690315959       1.20205690315959  -2.22044604925031e-16  -1.84720543878904e-16
       3.20000000000000       1.16677337098447       1.16677337098447  -4.44089209850063e-16  -3.80613082963456e-16
       3.40000000000000       1.13866377572804       1.13866377572804  -4.44089209850063e-16  -3.90009078462270e-16
       3.60000000000000       1.11598907912334       1.11598907912334       0.00000000000000       0.00000000000000
       3.80000000000000       1.09751057645900       1.09751057645900  -4.44089209850063e-16  -4.04633193862119e-16
       4.00000000000000       1.08232323371114       1.08232323371114       0.00000000000000       0.00000000000000
       4.20000000000000       1.06975147723381       1.06975147723381       0.00000000000000       0.00000000000000
       4.40000000000000       1.05928172597984       1.05928172597984       0.00000000000000       0.00000000000000
       4.60000000000000       1.05051738256657       1.05051738256657       0.00000000000000       0.00000000000000
       4.80000000000000       1.04314801333518       1.04314801333518       0.00000000000000       0.00000000000000
       5.00000000000000       1.03692775514337       1.03692775514337       0.00000000000000       0.00000000000000
       5.20000000000000       1.03165987667792       1.03165987667792  -2.22044604925031e-16  -2.15230435868113e-16
       5.40000000000000       1.02718553892035       1.02718553892035   2.22044604925031e-16   2.16167962370670e-16
       5.60000000000000       1.02337547922703       1.02337547922703       0.00000000000000       0.00000000000000
       5.80000000000000       1.02012376838834       1.02012376838834       0.00000000000000       0.00000000000000
       6.00000000000000       1.01734306198445       1.01734306198445       0.00000000000000       0.00000000000000
       6.20000000000000       1.01496094518522       1.01496094518522  -2.22044604925031e-16  -2.18771575377720e-16
       6.40000000000000       1.01291708871218       1.01291708871218       0.00000000000000       0.00000000000000
       6.60000000000000       1.01116101415427       1.01116101415427   2.22044604925031e-16   2.19593716348675e-16
       6.80000000000000       1.00965032234471       1.00965032234471       0.00000000000000       0.00000000000000
       7.00000000000000       1.00834927738192       1.00834927738192       0.00000000000000       0.00000000000000
       7.20000000000000       1.00722766648072       1.00722766648072   2.22044604925031e-16   2.20451256765873e-16
       7.40000000000000       1.00625987569305       1.00625987569305       0.00000000000000       0.00000000000000
       7.60000000000000       1.00542413598796       1.00542413598796       0.00000000000000       0.00000000000000
       7.80000000000000       1.00470190481647       1.00470190481647       0.00000000000000       0.00000000000000
       8.00000000000000       1.00407735619794       1.00407735619794       0.00000000000000       0.00000000000000
       8.20000000000000       1.00353695830620       1.00353695830620       0.00000000000000       0.00000000000000
       8.40000000000000       1.00306912203744       1.00306912203744       0.00000000000000       0.00000000000000
       8.60000000000000       1.00266390748615       1.00266390748615       0.00000000000000       0.00000000000000
       8.80000000000000       1.00231277790982       1.00231277790982       0.00000000000000       0.00000000000000
       9.00000000000000       1.00200839282608       1.00200839282608  -2.22044604925031e-16  -2.21599545986609e-16
       9.20000000000000       1.00174443349959       1.00174443349959       0.00000000000000       0.00000000000000
       9.40000000000000       1.00151545534805       1.00151545534805       0.00000000000000       0.00000000000000
       9.60000000000000       1.00131676280526       1.00131676280526       0.00000000000000       0.00000000000000
       9.80000000000000       1.00114430298403       1.00114430298403       0.00000000000000       0.00000000000000
       10.0000000000000       1.00099457512782       1.00099457512782  -2.22044604925031e-16  -2.21823984307486e-16
       10.2000000000000       1.00086455336151       1.00086455336151   2.22044604925031e-16   2.21852801339873e-16
       10.4000000000000       1.00075162067447       1.00075162067446   2.22044604925031e-16   2.21877836955570e-16
       10.6000000000000       1.00065351241408       1.00065351241408   2.22044604925031e-16   2.21899590787771e-16
       10.8000000000000       1.00056826785034       1.00056826785034       0.00000000000000       0.00000000000000
       11.0000000000000       1.00049418860412       1.00049418860412       0.00000000000000       0.00000000000000
       11.2000000000000       1.00042980292399       1.00042980292399  -2.22044604925031e-16  -2.21949210505378e-16
       11.4000000000000       1.00037383495512       1.00037383495512  -2.22044604925031e-16  -2.21961627909824e-16
       11.6000000000000       1.00032517827619       1.00032517827619       0.00000000000000       0.00000000000000
       11.8000000000000       1.00028287309100       1.00028287309100       0.00000000000000       0.00000000000000
       12.0000000000000       1.00024608655331       1.00024608655331       0.00000000000000       0.00000000000000
       12.2000000000000       1.00021409578188       1.00021409578188       0.00000000000000       0.00000000000000
       12.4000000000000       1.00018627318741       1.00018627318741  -2.22044604925031e-16  -2.22003251671728e-16
       12.6000000000000       1.00016207378875       1.00016207378875       0.00000000000000       0.00000000000000
       12.8000000000000       1.00014102424221       1.00014102424221   2.22044604925031e-16   2.22013295668249e-16
       13.0000000000000       1.00012271334758       1.00012271334758   2.22044604925031e-16   2.22017360431512e-16
       13.2000000000000       1.00010678382802       1.00010678382802       0.00000000000000       0.00000000000000
       13.4000000000000       1.00009292520975       1.00009292520975       0.00000000000000       0.00000000000000
       13.6000000000000       1.00008086765187       1.00008086765187   2.22044604925031e-16   2.22026650151181e-16
       13.8000000000000       1.00007037659745       1.00007037659745       0.00000000000000       0.00000000000000
       14.0000000000000       1.00006124813506       1.00006124813506       0.00000000000000       0.00000000000000
       14.2000000000000       1.00005330497507       1.00005330497507       0.00000000000000       0.00000000000000
       14.4000000000000       1.00004639295823       1.00004639295823       0.00000000000000       0.00000000000000
       14.6000000000000       1.00004037802534       1.00004037802534       0.00000000000000       0.00000000000000
       14.8000000000000       1.00003514358643       1.00003514358643       0.00000000000000       0.00000000000000
       15.0000000000000       1.00003058823631       1.00003058823631       0.00000000000000       0.00000000000000
       15.2000000000000       1.00002662377048       1.00002662377048       0.00000000000000       0.00000000000000
       15.4000000000000       1.00002317346156       1.00002317346156       0.00000000000000       0.00000000000000
       15.6000000000000       1.00002017056180       1.00002017056180       0.00000000000000       0.00000000000000
       15.8000000000000       1.00001755700176       1.00001755700176       0.00000000000000       0.00000000000000
       16.0000000000000       1.00001528225941       1.00001528225941       0.00000000000000       0.00000000000000
       16.2000000000000       1.00001330237703       1.00001330237703  -2.22044604925031e-16  -2.22041651243269e-16
       16.4000000000000       1.00001157910668       1.00001157910668   2.22044604925031e-16   2.22042033876633e-16
       16.6000000000000       1.00001007916716       1.00001007916716       0.00000000000000       0.00000000000000
       16.8000000000000       1.00000877359800       1.00000877359800   2.22044604925031e-16   2.22042656812021e-16
       17.0000000000000       1.00000763719764       1.00000763719764       0.00000000000000       0.00000000000000
       17.2000000000000       1.00000664803486       1.00000664803486       0.00000000000000       0.00000000000000
       17.4000000000000       1.00000578702387       1.00000578702387   2.22044604925031e-16   2.22043319955038e-16
       17.6000000000000       1.00000503755466       1.00000503755466   2.22044604925031e-16   2.22043486368832e-16
       17.8000000000000       1.00000438517150       1.00000438517150       0.00000000000000       0.00000000000000
       18.0000000000000       1.00000381729327       1.00000381729326   2.22044604925031e-16   2.22043757318892e-16
       18.2000000000000       1.00000332297010       1.00000332297010       0.00000000000000       0.00000000000000
       18.4000000000000       1.00000289267172       1.00000289267172  -2.22044604925031e-16  -2.22043962624741e-16
       18.6000000000000       1.00000251810324       1.00000251810324       0.00000000000000       0.00000000000000
       18.8000000000000       1.00000219204493       1.00000219204493  -2.22044604925031e-16  -2.22044118194348e-16
       19.0000000000000       1.00000190821272       1.00000190821272  -2.22044604925031e-16  -2.22044181217501e-16
       19.2000000000000       1.00000166113690       1.00000166113690       0.00000000000000       0.00000000000000
       19.4000000000000       1.00000144605651       1.00000144605651       0.00000000000000       0.00000000000000
       19.6000000000000       1.00000125882747       1.00000125882747       0.00000000000000       0.00000000000000
       19.8000000000000       1.00000109584261       1.00000109584261       0.00000000000000       0.00000000000000
       20.0000000000000       1.00000095396203       1.00000095396203       0.00000000000000       0.00000000000000
       20.2000000000000       1.00000083045263       1.00000083045263       0.00000000000000       0.00000000000000
       20.4000000000000       1.00000072293532       1.00000072293532       0.00000000000000       0.00000000000000
       20.6000000000000       1.00000062933916       1.00000062933916       0.00000000000000       0.00000000000000
       20.8000000000000       1.00000054786145       1.00000054786145       0.00000000000000       0.00000000000000
       21.0000000000000       1.00000047693299       1.00000047693299       0.00000000000000       0.00000000000000
       21.2000000000000       1.00000041518777       1.00000041518777       0.00000000000000       0.00000000000000
       21.4000000000000       1.00000036143673       1.00000036143673  -2.22044604925031e-16  -2.22044524669985e-16
       21.6000000000000       1.00000031464475       1.00000031464475       0.00000000000000       0.00000000000000
       21.8000000000000       1.00000027391080       1.00000027391080       0.00000000000000       0.00000000000000
       22.0000000000000       1.00000023845050       1.00000023845050  -2.22044604925031e-16  -2.22044551978396e-16
       22.2000000000000       1.00000020758105       1.00000020758105       0.00000000000000       0.00000000000000
       22.4000000000000       1.00000018070806       1.00000018070806       0.00000000000000       0.00000000000000
       22.6000000000000       1.00000015731411       1.00000015731411       0.00000000000000       0.00000000000000
       22.8000000000000       1.00000013694877       1.00000013694877       0.00000000000000       0.00000000000000
       23.0000000000000       1.00000011921993       1.00000011921993  -2.22044604925031e-16  -2.22044578452893e-16
       23.2000000000000       1.00000010378625       1.00000010378625  -2.22044604925031e-16  -2.22044581879856e-16
       23.4000000000000       1.00000009035060       1.00000009035060       0.00000000000000       0.00000000000000
       23.6000000000000       1.00000007865430       1.00000007865430       0.00000000000000       0.00000000000000
       23.8000000000000       1.00000006847217       1.00000006847217       0.00000000000000       0.00000000000000
       24.0000000000000       1.00000005960819       1.00000005960819       0.00000000000000       0.00000000000000
       24.2000000000000       1.00000005189170       1.00000005189170       0.00000000000000       0.00000000000000
       24.4000000000000       1.00000004517416       1.00000004517416       0.00000000000000       0.00000000000000
       24.6000000000000       1.00000003932623       1.00000003932623       0.00000000000000       0.00000000000000
       24.8000000000000       1.00000003423535       1.00000003423535       0.00000000000000       0.00000000000000
       25.0000000000000       1.00000002980350       1.00000002980350  -2.22044604925031e-16  -2.22044598307324e-16
       25.2000000000000       1.00000002594538       1.00000002594538       0.00000000000000       0.00000000000000
       25.4000000000000       1.00000002258670       1.00000002258670       0.00000000000000       0.00000000000000
       25.6000000000000       1.00000001966281       1.00000001966281       0.00000000000000       0.00000000000000
       25.8000000000000       1.00000001711743       1.00000001711743       0.00000000000000       0.00000000000000
       26.0000000000000       1.00000001490155       1.00000001490155       0.00000000000000       0.00000000000000
       26.2000000000000       1.00000001297253       1.00000001297253  -2.22044604925031e-16  -2.22044602044551e-16
       26.4000000000000       1.00000001129322       1.00000001129322       0.00000000000000       0.00000000000000
       26.6000000000000       1.00000000983130       1.00000000983130       0.00000000000000       0.00000000000000
       26.8000000000000       1.00000000855863       1.00000000855863       0.00000000000000       0.00000000000000
       27.0000000000000       1.00000000745071       1.00000000745071       0.00000000000000       0.00000000000000
       27.2000000000000       1.00000000648621       1.00000000648621       0.00000000000000       0.00000000000000
       27.4000000000000       1.00000000564657       1.00000000564657       0.00000000000000       0.00000000000000
       27.6000000000000       1.00000000491562       1.00000000491562       0.00000000000000       0.00000000000000
       27.8000000000000       1.00000000427929       1.00000000427929       0.00000000000000       0.00000000000000
       28.0000000000000       1.00000000372533       1.00000000372533       0.00000000000000       0.00000000000000
       28.2000000000000       1.00000000324309       1.00000000324309       0.00000000000000       0.00000000000000
       28.4000000000000       1.00000000282327       1.00000000282327       0.00000000000000       0.00000000000000
       28.6000000000000       1.00000000245780       1.00000000245780  -2.22044604925031e-16  -2.22044604379291e-16
       28.8000000000000       1.00000000213964       1.00000000213964       0.00000000000000       0.00000000000000
       29.0000000000000       1.00000000186266       1.00000000186266       0.00000000000000       0.00000000000000
       29.2000000000000       1.00000000162154       1.00000000162154       0.00000000000000       0.00000000000000
       29.4000000000000       1.00000000141163       1.00000000141163  -2.22044604925031e-16  -2.22044604611586e-16
       29.6000000000000       1.00000000122889       1.00000000122890  -2.22044604925031e-16  -2.22044604652162e-16
       29.8000000000000       1.00000000106981       1.00000000106981       0.00000000000000       0.00000000000000
       30.0000000000000       1.00000000093133       1.00000000093133       0.00000000000000       0.00000000000000
max(abs(diff)) = 2.22044604925031e-15
max(abs(frac)) = 9.71423310179793e-16
