  a =       0.250000000000000
                      x                     f1                     f2                  delta                   frac
       0.00000000000000       1.00000000000000       1.00000000000000       0.00000000000000       0.00000000000000
       1.00000000000000      0.250000000000000      0.250000000000000       0.00000000000000       0.00000000000000
       2.00000000000000      0.312500000000000      0.312500000000000       0.00000000000000       0.00000000000000
       3.00000000000000      0.703125000000000      0.703125000000000       0.00000000000000       0.00000000000000
       4.00000000000000       2.28515625000000       2.28515625000000       0.00000000000000       0.00000000000000
       5.00000000000000       9.71191406250000       9.71191406250000       0.00000000000000       0.00000000000000
       10.0000000000000       176310.362935066       176310.362935066       0.00000000000000       0.00000000000000
       20.0000000000000   7.06198790851289e+16   7.06198790851289e+16       8.00000000000000   1.13282550234282e-16
       50.0000000000000   4.45297898039181e+62   4.45297898039181e+62  -9.13438523331814e+46  -2.05129763098824e-16
       100.000000000000  8.13233181857883e+155  8.13233181857883e+155  9.52682052708738e+139   1.17147464461826e-16
max(abs(diff)) = 9.52682052708738e+139
max(abs(frac)) = 2.05129763098824e-16

  a =       0.500000000000000
                      x                     f1                     f2                  delta                   frac
       0.00000000000000       1.00000000000000       1.00000000000000       0.00000000000000       0.00000000000000
       1.00000000000000      0.500000000000000      0.500000000000000       0.00000000000000       0.00000000000000
       2.00000000000000      0.750000000000000      0.750000000000000       0.00000000000000       0.00000000000000
       3.00000000000000       1.87500000000000       1.87500000000000       0.00000000000000       0.00000000000000
       4.00000000000000       6.56250000000000       6.56250000000000   8.88178419700125e-16   1.35341473478114e-16
       5.00000000000000       29.5312500000000       29.5312500000000   3.55271367880050e-15   1.20303531980546e-16
       10.0000000000000       639383.862304688       639383.862304688       0.00000000000000       0.00000000000000
       20.0000000000000   3.05014597676161e+17   3.05014597676161e+17      -64.0000000000000  -2.09826023041526e-16
       50.0000000000000   2.42063448374695e+63   2.42063448374695e+63       0.00000000000000       0.00000000000000
       100.000000000000  5.25879029195643e+156  5.25879029195643e+156  7.62145642166990e+140   1.44927939669458e-16
max(abs(diff)) = 7.62145642166990e+140
max(abs(frac)) = 2.09826023041526e-16

  a =       0.750000000000000
                      x                     f1                     f2                  delta                   frac
       0.00000000000000       1.00000000000000       1.00000000000000       0.00000000000000       0.00000000000000
       1.00000000000000      0.750000000000000      0.750000000000000       0.00000000000000       0.00000000000000
       2.00000000000000       1.31250000000000       1.31250000000000       0.00000000000000       0.00000000000000
       3.00000000000000       3.60937500000000       3.60937500000000       0.00000000000000       0.00000000000000
       4.00000000000000       13.5351562500000       13.5351562500000       0.00000000000000       0.00000000000000
       5.00000000000000       64.2919921875000       64.2919921875000       0.00000000000000       0.00000000000000
       10.0000000000000       1649843.96317005       1649843.96317005       0.00000000000000       0.00000000000000
       20.0000000000000   9.34450294068287e+17   9.34450294068287e+17       0.00000000000000       0.00000000000000
       50.0000000000000   9.31613216309232e+63   9.31613216309232e+63   2.92300327466181e+48   3.13757171269194e-16
       100.000000000000  2.40609654072570e+157  2.40609654072570e+157  3.04858256866796e+141   1.26702420998805e-16
max(abs(diff)) = 3.04858256866796e+141
max(abs(frac)) = 3.13757171269194e-16

  a =        1.00000000000000
                      x                     f1                     f2                  delta                   frac
       0.00000000000000       1.00000000000000       1.00000000000000       0.00000000000000       0.00000000000000
       1.00000000000000       1.00000000000000       1.00000000000000       0.00000000000000       0.00000000000000
       2.00000000000000       2.00000000000000       2.00000000000000       0.00000000000000       0.00000000000000
       3.00000000000000       6.00000000000000       6.00000000000000       0.00000000000000       0.00000000000000
       4.00000000000000       24.0000000000000       24.0000000000000       0.00000000000000       0.00000000000000
       5.00000000000000       120.000000000000       120.000000000000       0.00000000000000       0.00000000000000
       10.0000000000000       3628800.00000000       3628800.00000000  -4.65661287307739e-10  -1.28323767445916e-16
       20.0000000000000   2.43290200817664e+18   2.43290200817664e+18       0.00000000000000       0.00000000000000
       50.0000000000000   3.04140932017134e+64   3.04140932017134e+64  -5.84600654932361e+48  -1.92213738234822e-16
       100.000000000000  9.33262154439442e+157  9.33262154439442e+157       0.00000000000000       0.00000000000000
max(abs(diff)) = 5.84600654932361e+48
max(abs(frac)) = 1.92213738234822e-16

  a =        1.25000000000000
                      x                     f1                     f2                  delta                   frac
       0.00000000000000       1.00000000000000       1.00000000000000       0.00000000000000       0.00000000000000
       1.00000000000000       1.25000000000000       1.25000000000000       0.00000000000000       0.00000000000000
       2.00000000000000       2.81250000000000       2.81250000000000       0.00000000000000       0.00000000000000
       3.00000000000000       9.14062500000000       9.14062500000000       0.00000000000000       0.00000000000000
       4.00000000000000       38.8476562500000       38.8476562500000       0.00000000000000       0.00000000000000
       5.00000000000000       203.950195312500       203.950195312500       0.00000000000000       0.00000000000000
       10.0000000000000       7228724.88033772       7228724.88033772       0.00000000000000       0.00000000000000
       20.0000000000000   5.72021020589544e+18   5.72021020589544e+18       0.00000000000000       0.00000000000000
       50.0000000000000   8.95048775058754e+64   8.95048775058754e+64  -2.33840261972944e+49  -2.61259797777606e-16
       100.000000000000  3.26106505925011e+158  3.26106505925011e+158  4.87773210986874e+142   1.49574817467468e-16
max(abs(diff)) = 4.87773210986874e+142
max(abs(frac)) = 2.61259797777606e-16

  a =        1.50000000000000
                      x                     f1                     f2                  delta                   frac
       0.00000000000000       1.00000000000000       1.00000000000000       0.00000000000000       0.00000000000000
       1.00000000000000       1.50000000000000       1.50000000000000       0.00000000000000       0.00000000000000
       2.00000000000000       3.75000000000000       3.75000000000000       0.00000000000000       0.00000000000000
       3.00000000000000       13.1250000000000       13.1250000000000   1.77635683940025e-15   1.35341473478114e-16
       4.00000000000000       59.0625000000000       59.0625000000000   7.10542735760100e-15   1.20303531980546e-16
       5.00000000000000       324.843750000000       324.843750000000       0.00000000000000       0.00000000000000
       10.0000000000000       13427061.1083984       13427061.1083984       0.00000000000000       0.00000000000000
       20.0000000000000   1.25055985047226e+19   1.25055985047226e+19       0.00000000000000       0.00000000000000
       50.0000000000000   2.44484082858442e+65   2.44484082858442e+65  -4.67680523945889e+49  -1.91292831205163e-16
       100.000000000000  1.05701684868324e+159  1.05701684868324e+159       0.00000000000000       0.00000000000000
max(abs(diff)) = 4.67680523945889e+49
max(abs(frac)) = 1.91292831205163e-16

  a =        1.75000000000000
                      x                     f1                     f2                  delta                   frac
       0.00000000000000       1.00000000000000       1.00000000000000       0.00000000000000       0.00000000000000
       1.00000000000000       1.75000000000000       1.75000000000000       0.00000000000000       0.00000000000000
       2.00000000000000       4.81250000000000       4.81250000000000       0.00000000000000       0.00000000000000
       3.00000000000000       18.0468750000000       18.0468750000000       0.00000000000000       0.00000000000000
       4.00000000000000       85.7226562500000       85.7226562500000       0.00000000000000       0.00000000000000
       5.00000000000000       492.905273437500       492.905273437500  -5.68434188608080e-14  -1.15323211018589e-16
       10.0000000000000       23647763.4721041       23647763.4721041       0.00000000000000       0.00000000000000
       20.0000000000000   2.58531248025559e+19   2.58531248025559e+19       0.00000000000000       0.00000000000000
       50.0000000000000   6.30391609702580e+65   6.30391609702580e+65  -9.35361047891778e+49  -1.48377775575580e-16
       100.000000000000  3.23218968637485e+159  3.23218968637485e+159 -1.95109284394750e+144  -6.03644288629544e-16
max(abs(diff)) = 1.95109284394750e+144
max(abs(frac)) = 6.03644288629544e-16

  a =        2.00000000000000
                      x                     f1                     f2                  delta                   frac
       0.00000000000000       1.00000000000000       1.00000000000000       0.00000000000000       0.00000000000000
       1.00000000000000       2.00000000000000       2.00000000000000       0.00000000000000       0.00000000000000
       2.00000000000000       6.00000000000000       6.00000000000000       0.00000000000000       0.00000000000000
       3.00000000000000       24.0000000000000       24.0000000000000       0.00000000000000       0.00000000000000
       4.00000000000000       120.000000000000       120.000000000000       0.00000000000000       0.00000000000000
       5.00000000000000       720.000000000000       720.000000000000       0.00000000000000       0.00000000000000
       10.0000000000000       39916800.0000000       39916800.0000000       0.00000000000000       0.00000000000000
       20.0000000000000   5.10909421717094e+19   5.10909421717094e+19       0.00000000000000       0.00000000000000
       50.0000000000000   1.55111875328738e+66   1.55111875328738e+66  -1.87072209578356e+50  -1.20604698500280e-16
       100.000000000000  9.42594775983836e+159  9.42594775983836e+159       0.00000000000000       0.00000000000000
max(abs(diff)) = 1.87072209578356e+50
max(abs(frac)) = 1.20604698500280e-16

  a =        2.25000000000000
                      x                     f1                     f2                  delta                   frac
       0.00000000000000       1.00000000000000       1.00000000000000       0.00000000000000       0.00000000000000
       1.00000000000000       2.25000000000000       2.25000000000000       0.00000000000000       0.00000000000000
       2.00000000000000       7.31250000000000       7.31250000000000   8.88178419700125e-16   1.21460296711128e-16
       3.00000000000000       31.0781250000000       31.0781250000000  -3.55271367880050e-15  -1.14315573375180e-16
       4.00000000000000       163.160156250000       163.160156250000       0.00000000000000       0.00000000000000
       5.00000000000000       1019.75097656250       1019.75097656250       0.00000000000000       0.00000000000000
       10.0000000000000       65058523.9230394       65058523.9230394       0.00000000000000       0.00000000000000
       20.0000000000000   9.72435735002225e+19   9.72435735002225e+19      -16384.0000000000  -1.68484141524915e-16
       50.0000000000000   3.66969997774089e+66   3.66969997774089e+66   7.48288838313422e+50   2.03910086070327e-16
       100.000000000000  2.64146269799259e+160  2.64146269799259e+160  1.87304913018960e+145   7.09095430956886e-16
max(abs(diff)) = 1.87304913018960e+145
max(abs(frac)) = 7.09095430956886e-16

  a =        2.50000000000000
                      x                     f1                     f2                  delta                   frac
       0.00000000000000       1.00000000000000       1.00000000000000       0.00000000000000       0.00000000000000
       1.00000000000000       2.50000000000000       2.50000000000000       0.00000000000000       0.00000000000000
       2.00000000000000       8.75000000000000       8.75000000000000       0.00000000000000       0.00000000000000
       3.00000000000000       39.3750000000000       39.3750000000000       0.00000000000000       0.00000000000000
       4.00000000000000       216.562500000000       216.562500000000       0.00000000000000       0.00000000000000
       5.00000000000000       1407.65625000000       1407.65625000000       0.00000000000000       0.00000000000000
       10.0000000000000       102940801.831055       102940801.831055       0.00000000000000       0.00000000000000
       20.0000000000000   1.79246911901024e+20   1.79246911901024e+20      -65536.0000000000  -3.65618572197146e-16
       50.0000000000000   8.39395351147316e+66   8.39395351147316e+66       0.00000000000000       0.00000000000000
       100.000000000000  7.15248067608994e+160  7.15248067608994e+160  1.24869942012640e+145   1.74582704473523e-16
max(abs(diff)) = 1.24869942012640e+145
max(abs(frac)) = 3.65618572197146e-16

  a =        2.75000000000000
                      x                     f1                     f2                  delta                   frac
       0.00000000000000       1.00000000000000       1.00000000000000       0.00000000000000       0.00000000000000
       1.00000000000000       2.75000000000000       2.75000000000000       0.00000000000000       0.00000000000000
       2.00000000000000       10.3125000000000       10.3125000000000       0.00000000000000       0.00000000000000
       3.00000000000000       48.9843750000000       48.9843750000000       0.00000000000000       0.00000000000000
       4.00000000000000       281.660156250000       281.660156250000       0.00000000000000       0.00000000000000
       5.00000000000000       1901.20605468750       1901.20605468750       0.00000000000000       0.00000000000000
       10.0000000000000       158777840.455556       158777840.455556       0.00000000000000       0.00000000000000
       20.0000000000000   3.21317408260338e+20   3.21317408260338e+20       0.00000000000000       0.00000000000000
       50.0000000000000   1.86415804583477e+67   1.86415804583477e+67   2.99315535325369e+51   1.60563389994830e-16
       100.000000000000  1.87928743193509e+161  1.87928743193509e+161 -2.49739884025279e+145  -1.32890732828519e-16
max(abs(diff)) = 2.49739884025279e+145
max(abs(frac)) = 1.60563389994830e-16

  a =        3.00000000000000
                      x                     f1                     f2                  delta                   frac
       0.00000000000000       1.00000000000000       1.00000000000000       0.00000000000000       0.00000000000000
       1.00000000000000       3.00000000000000       3.00000000000000       0.00000000000000       0.00000000000000
       2.00000000000000       12.0000000000000       12.0000000000000       0.00000000000000       0.00000000000000
       3.00000000000000       60.0000000000000       60.0000000000000       0.00000000000000       0.00000000000000
       4.00000000000000       360.000000000000       360.000000000000       0.00000000000000       0.00000000000000
       5.00000000000000       2520.00000000000       2520.00000000000       0.00000000000000       0.00000000000000
       10.0000000000000       239500800.000000       239500800.000000       0.00000000000000       0.00000000000000
       20.0000000000000   5.62000363888804e+20   5.62000363888804e+20       65536.0000000000   1.16612024139128e-16
       50.0000000000000   4.03290875854719e+67   4.03290875854719e+67       0.00000000000000       0.00000000000000
       100.000000000000  4.80723335751756e+161  4.80723335751756e+161       0.00000000000000       0.00000000000000
max(abs(diff)) = 65536.0000000000
max(abs(frac)) = 1.16612024139128e-16

  a =        3.25000000000000
                      x                     f1                     f2                  delta                   frac
       0.00000000000000       1.00000000000000       1.00000000000000       0.00000000000000       0.00000000000000
       1.00000000000000       3.25000000000000       3.25000000000000       0.00000000000000       0.00000000000000
       2.00000000000000       13.8125000000000       13.8125000000000   1.77635683940025e-15   1.28605020047077e-16
       3.00000000000000       72.5156250000000       72.5156250000000       0.00000000000000       0.00000000000000
       4.00000000000000       453.222656250000       453.222656250000  -5.68434188608080e-14  -1.25420514788768e-16
       5.00000000000000       3285.86425781250       3285.86425781250       0.00000000000000       0.00000000000000
       10.0000000000000       354207519.136548       354207519.136548       0.00000000000000       0.00000000000000
       20.0000000000000   9.61630893502200e+20   9.61630893502200e+20       131072.000000000   1.36301777413415e-16
       50.0000000000000   8.52185883719829e+67   8.52185883719829e+67  -1.19726214130148e+52  -1.40493073656110e-16
       100.000000000000  1.20039804830997e+162  1.20039804830997e+162       0.00000000000000       0.00000000000000
max(abs(diff)) = 1.19726214130148e+52
max(abs(frac)) = 1.40493073656110e-16

  a =        3.50000000000000
                      x                     f1                     f2                  delta                   frac
       0.00000000000000       1.00000000000000       1.00000000000000       0.00000000000000       0.00000000000000
       1.00000000000000       3.50000000000000       3.50000000000000       0.00000000000000       0.00000000000000
       2.00000000000000       15.7500000000000       15.7500000000000       0.00000000000000       0.00000000000000
       3.00000000000000       86.6250000000000       86.6250000000000       0.00000000000000       0.00000000000000
       4.00000000000000       563.062500000000       563.062500000000       0.00000000000000       0.00000000000000
       5.00000000000000       4222.96875000000       4222.96875000000       0.00000000000000       0.00000000000000
       10.0000000000000       514704009.155273       514704009.155273       0.00000000000000       0.00000000000000
       20.0000000000000   1.61322220710921e+21   1.61322220710921e+21       262144.000000000   1.62497143198732e-16
       50.0000000000000   1.76273023740936e+68   1.76273023740936e+68   4.78904856520590e+52   2.71683577190134e-16
       100.000000000000  2.93251707719688e+162  2.93251707719687e+162  3.99583814440447e+146   1.36259671784213e-16
max(abs(diff)) = 3.99583814440447e+146
max(abs(frac)) = 2.71683577190134e-16

  a =        3.75000000000000
                      x                     f1                     f2                  delta                   frac
       0.00000000000000       1.00000000000000       1.00000000000000       0.00000000000000       0.00000000000000
       1.00000000000000       3.75000000000000       3.75000000000000       0.00000000000000       0.00000000000000
       2.00000000000000       17.8125000000000       17.8125000000000       0.00000000000000       0.00000000000000
       3.00000000000000       102.421875000000       102.421875000000       0.00000000000000       0.00000000000000
       4.00000000000000       691.347656250000       691.347656250000       0.00000000000000       0.00000000000000
       5.00000000000000       5357.94433593750       5357.94433593750       0.00000000000000       0.00000000000000
       10.0000000000000       736151805.748487       736151805.748487       0.00000000000000       0.00000000000000
       20.0000000000000   2.65817128651734e+21   2.65817128651734e+21      -524288.000000000  -1.97236349162024e-16
       50.0000000000000   3.57579406973761e+68   3.57579406973761e+68  -4.78904856520590e+52  -1.33929652317963e-16
       100.000000000000  7.02170122295748e+162  7.02170122295748e+162 -4.79500577328536e+147  -6.82883765775746e-16
max(abs(diff)) = 4.79500577328536e+147
max(abs(frac)) = 6.82883765775746e-16

  a =        4.00000000000000
                      x                     f1                     f2                  delta                   frac
       0.00000000000000       1.00000000000000       1.00000000000000       0.00000000000000       0.00000000000000
       1.00000000000000       4.00000000000000       4.00000000000000       0.00000000000000       0.00000000000000
       2.00000000000000       20.0000000000000       20.0000000000000       0.00000000000000       0.00000000000000
       3.00000000000000       120.000000000000       120.000000000000       0.00000000000000       0.00000000000000
       4.00000000000000       840.000000000000       840.000000000000   1.13686837721616e-13   1.35341473478114e-16
       5.00000000000000       6720.00000000000       6720.00000000000   9.09494701772928e-13   1.35341473478114e-16
       10.0000000000000       1037836800.00000       1037836800.00000       0.00000000000000       0.00000000000000
       20.0000000000000   4.30866945648083e+21   4.30866945648083e+21       0.00000000000000       0.00000000000000
       50.0000000000000   7.12480547343338e+68   7.12480547343338e+68  -9.57809713041181e+52  -1.34433103698426e-16
       100.000000000000  1.65048345274770e+163  1.65048345274770e+163       0.00000000000000       0.00000000000000
max(abs(diff)) = 9.57809713041181e+52
max(abs(frac)) = 1.35341473478114e-16

  a =        4.25000000000000
                      x                     f1                     f2                  delta                   frac
       0.00000000000000       1.00000000000000       1.00000000000000       0.00000000000000       0.00000000000000
       1.00000000000000       4.25000000000000       4.25000000000000       0.00000000000000       0.00000000000000
       2.00000000000000       22.3125000000000       22.3125000000000       0.00000000000000       0.00000000000000
       3.00000000000000       139.453125000000       139.453125000000       0.00000000000000       0.00000000000000
       4.00000000000000       1011.03515625000       1011.03515625000       0.00000000000000       0.00000000000000
       5.00000000000000       8341.04003906250       8341.04003906250       0.00000000000000       0.00000000000000
       10.0000000000000       1444076808.78747       1444076808.78747       0.00000000000000       0.00000000000000
       20.0000000000000   6.87935946890036e+21   6.87935946890036e+21       1048576.00000000   1.52423493021453e-16
       50.0000000000000   1.39627379409480e+69   1.39627379409480e+69  -3.83123885216472e+53  -2.74390228361230e-16
       100.000000000000  3.81357226116935e+163  3.81357226116935e+163 -6.39334103104715e+147  -1.67647040444089e-16
max(abs(diff)) = 6.39334103104715e+147
max(abs(frac)) = 2.74390228361230e-16

  a =        4.50000000000000
                      x                     f1                     f2                  delta                   frac
       0.00000000000000       1.00000000000000       1.00000000000000       0.00000000000000       0.00000000000000
       1.00000000000000       4.50000000000000       4.50000000000000       0.00000000000000       0.00000000000000
       2.00000000000000       24.7500000000000       24.7500000000000   3.55271367880050e-15   1.43543987022242e-16
       3.00000000000000       160.875000000000       160.875000000000       0.00000000000000       0.00000000000000
       4.00000000000000       1206.56250000000       1206.56250000000       0.00000000000000       0.00000000000000
       5.00000000000000       10255.7812500000       10255.7812500000       0.00000000000000       0.00000000000000
       10.0000000000000       1985286892.45605       1985286892.45605   2.38418579101562e-07   1.20092758385468e-16
       20.0000000000000   1.08316348191619e+22   1.08316348191619e+22       0.00000000000000       0.00000000000000
       50.0000000000000   2.69445907718288e+69   2.69445907718288e+69   7.66247770432944e+53   2.84379071451355e-16
       100.000000000000  8.67187192828219e+163  8.67187192828219e+163  1.27866820620943e+148   1.47450079611902e-16
max(abs(diff)) = 1.27866820620943e+148
max(abs(frac)) = 2.84379071451355e-16

  a =        4.75000000000000
                      x                     f1                     f2                  delta                   frac
       0.00000000000000       1.00000000000000       1.00000000000000       0.00000000000000       0.00000000000000
       1.00000000000000       4.75000000000000       4.75000000000000       0.00000000000000       0.00000000000000
       2.00000000000000       27.3125000000000       27.3125000000000       0.00000000000000       0.00000000000000
       3.00000000000000       184.359375000000       184.359375000000       0.00000000000000       0.00000000000000
       4.00000000000000       1428.78515625000       1428.78515625000       0.00000000000000       0.00000000000000
       5.00000000000000       12501.8701171875       12501.8701171875   1.81898940354586e-12   1.45497384510908e-16
       10.0000000000000       2699223287.74445       2699223287.74445       0.00000000000000       0.00000000000000
       20.0000000000000   1.68350848146098e+22   1.68350848146098e+22       2097152.00000000   1.24570325786541e-16
       50.0000000000000   5.12530483329057e+69   5.12530483329057e+69   1.53249554086589e+54   2.99005735407544e-16
       100.000000000000  1.94267067168490e+164  1.94267067168490e+164  2.55733641241886e+148   1.31640244004963e-16
max(abs(diff)) = 2.55733641241886e+148
max(abs(frac)) = 2.99005735407544e-16

  a =        5.00000000000000
                      x                     f1                     f2                  delta                   frac
       0.00000000000000       1.00000000000000       1.00000000000000       0.00000000000000       0.00000000000000
       1.00000000000000       5.00000000000000       5.00000000000000       0.00000000000000       0.00000000000000
       2.00000000000000       30.0000000000000       30.0000000000000       0.00000000000000       0.00000000000000
       3.00000000000000       210.000000000000       210.000000000000   2.84217094304040e-14   1.35341473478114e-16
       4.00000000000000       1680.00000000000       1680.00000000000   2.27373675443232e-13   1.35341473478114e-16
       5.00000000000000       15120.0000000000       15120.0000000000   1.81898940354586e-12   1.20303531980546e-16
       10.0000000000000       3632428800.00000       3632428800.00000       0.00000000000000       0.00000000000000
       20.0000000000000   2.58520167388850e+22   2.58520167388850e+22       0.00000000000000       0.00000000000000
       50.0000000000000   9.61848738913506e+69   9.61848738913506e+69  -1.53249554086589e+54  -1.59328122901838e-16
       100.000000000000  4.29125697714401e+164  4.29125697714401e+164  5.11467282483772e+148   1.19188220423045e-16
max(abs(diff)) = 5.11467282483772e+148
max(abs(frac)) = 1.59328122901838e-16

