  nu =       -5.00000000000000
                      x                                              f1                                              f2                                           delta                                            frac
      0.250000000000000        (-2.53651615874724e-07,251309.481518524)        (-2.53651615874724e-07,251309.481518524)             (0.00000000000000,0.00000000000000)            (0.00000000000000,-0.00000000000000)
      0.500000000000000        (-8.05362724135747e-06,7946.30147880748)        (-8.05362724135747e-06,7946.30147880747)         (0.00000000000000,1.81898940354586e-12)    (2.28910192798126e-16,-2.32001940709158e-25)
      0.750000000000000        (-6.03641665105764e-05,1067.24689522898)        (-6.03641665105764e-05,1067.24689522898)     (4.74338450462408e-20,2.27373675443232e-13)    (2.13046930808308e-16,-5.64951237821917e-23)
       1.00000000000000        (-0.000249757730211234,260.405866625812)        (-0.000249757730211234,260.405866625812)         (0.00000000000000,5.68434188608080e-14)    (2.18287781290413e-16,-2.09361876114260e-22)
       1.25000000000000        (-0.000744408852547497,88.4742524418804)        (-0.000744408852547498,88.4742524418804)     (6.50521303491303e-19,2.84217094304040e-14)    (3.21242719079080e-16,-1.00555495280915e-20)
       1.50000000000000         (-0.00179942176736061,37.1903083954981)         (-0.00179942176736061,37.1903083954981)    (6.50521303491303e-19,-2.13162820728030e-14)    (-5.73167660447696e-16,1.02405459243661e-20)
       1.75000000000000         (-0.00375772572731571,18.1657749882018)         (-0.00375772572731571,18.1657749882018)        (0.00000000000000,-3.55271367880050e-15)    (-1.95571811777217e-16,4.04554845103110e-20)
       2.00000000000000         (-0.00703962975587169,9.93598912848198)         (-0.00703962975587169,9.93598912848197)         (0.00000000000000,3.55271367880050e-15)    (3.57559962023620e-16,-2.53330565847185e-19)
       2.25000000000000          (-0.0121210786334457,5.94463438480764)          (-0.0121210786334458,5.94463438480764)    (1.04083408558608e-17,-8.88178419700125e-16)   (-1.49411366971278e-16,-1.44623089858024e-18)
       2.50000000000000          (-0.0195016251345032,3.83017600074075)          (-0.0195016251345032,3.83017600074075)             (0.00000000000000,0.00000000000000)            (0.00000000000000,-0.00000000000000)
       2.75000000000000          (-0.0296640583200062,2.62870420094591)          (-0.0296640583200062,2.62870420094591)     (1.73472347597681e-17,2.22044604925031e-15)    (8.44510231163465e-16,-1.61291770651054e-17)
       3.00000000000000          (-0.0430284348770476,1.90594595382867)          (-0.0430284348770476,1.90594595382867)     (2.08166817117217e-17,8.88178419700125e-16)    (4.65520154918483e-16,-2.14315024513316e-17)
       3.25000000000000          (-0.0599038880985604,1.44981573891427)          (-0.0599038880985604,1.44981573891426)     (3.46944695195361e-17,6.66133814775094e-16)    (4.57690890575443e-16,-4.28412602685719e-17)
       3.50000000000000          (-0.0804419866479918,1.14946031697637)          (-0.0804419866479918,1.14946031697637)        (0.00000000000000,-2.22044604925031e-16)    (-1.92231458760217e-16,1.34528179968750e-17)
       3.75000000000000          (-0.104595547423141,0.943431051514317)          (-0.104595547423141,0.943431051514316)     (1.11022302462516e-16,9.99200722162641e-16)    (1.03336525266749e-15,-2.32245595904046e-16)
       4.00000000000000          (-0.132086656047098,0.795851421114200)          (-0.132086656047098,0.795851421114200)   (-8.32667268468867e-17,-4.44089209850063e-16)    (-5.26147404990532e-16,1.91950122984104e-16)
       4.25000000000000          (-0.162387216436237,0.684792881739071)          (-0.162387216436237,0.684792881739070)     (2.77555756156289e-17,2.22044604925031e-16)    (2.97888486870493e-16,-1.11170632518255e-16)
       4.50000000000000          (-0.194714658638714,0.596319365135876)          (-0.194714658638714,0.596319365135876)    (1.11022302462516e-16,-2.22044604925031e-16)   (-3.91418106690615e-16,-5.83704998835814e-17)
       4.75000000000000          (-0.228044521187694,0.521308383317476)          (-0.228044521187694,0.521308383317476)         (5.55111512312578e-17,0.00000000000000)   (-3.90991802660694e-17,-8.93804874038915e-17)
       5.00000000000000          (-0.261140546120170,0.453694822491102)          (-0.261140546120170,0.453694822491102)        (0.00000000000000,-2.77555756156289e-16)    (-4.59526540157000e-16,2.64497203195800e-16)
       5.00000000000000          (-0.261140546120170,0.453694822491102)          (-0.261140546120170,0.453694822491102)        (0.00000000000000,-2.77555756156289e-16)    (-4.59526540157000e-16,2.64497203195800e-16)
       10.0000000000000          (0.234061528186794,-0.135403047689362)          (0.234061528186794,-0.135403047689362)     (1.11022302462516e-16,5.27355936696949e-16)    (-6.21174869126136e-16,1.89371986803186e-15)
       15.0000000000000         (-0.130456134565029,-0.167172715759400)         (-0.130456134565030,-0.167172715759400)    (8.32667268468867e-17,-5.55111512312578e-17)    (-3.51982011589764e-17,4.70620491045175e-16)
       20.0000000000000          (-0.151169767982395,0.100035767889533)          (-0.151169767982395,0.100035767889532)     (3.33066907387547e-16,5.27355936696949e-16)    (7.31846912246808e-17,-3.44007176073124e-15)
       25.0000000000000          (0.0660079953984237,0.147057993113722)          (0.0660079953984230,0.147057993113723)    (7.07767178198537e-16,-3.05311331771918e-16)    (7.00386135767966e-17,-4.78140667384257e-15)
       30.0000000000000         (0.143240295512077,-0.0316273592892641)         (0.143240295512077,-0.0316273592892644)     (2.77555756156289e-17,3.12250225675825e-16)    (-2.74185028800713e-16,2.11936505836524e-15)
       35.0000000000000        (0.00150530729538987,-0.135547814747700)        (0.00150530729539070,-0.135547814747700)   (-8.35486194117330e-16,-8.32667268468867e-17)    (5.45779569689154e-16,-6.16983580031818e-15)
       40.0000000000000        (-0.122573465977118,-0.0318694487808484)        (-0.122573465977118,-0.0318694487808504)    (-5.13478148889135e-16,1.98452365651747e-15)   (-1.91321829024993e-17,-1.61855088993302e-14)
       45.0000000000000         (-0.0579844992009534,0.104269327001769)         (-0.0579844992009541,0.104269327001769)     (7.28583859910259e-16,3.33066907387547e-16)   (-5.28154581653640e-16,-6.69381016509816e-15)
       50.0000000000000         (0.0814002476965713,0.0785484139130800)         (0.0814002476965696,0.0785484139130816)    (1.66533453693773e-15,-1.67921232474555e-15)    (2.85965998944649e-16,-2.09050285293841e-14)
       55.0000000000000        (0.0925698957864322,-0.0552570330628593)        (0.0925698957864327,-0.0552570330628583)   (-5.82867087928207e-16,-9.71445146547012e-16)   (-2.38131557471524e-17,-1.05083945770633e-14)
       60.0000000000000       (-0.0274547442283496,-0.0994646328404494)       (-0.0274547442283441,-0.0994646328404509)    (-5.53376788836601e-15,1.52655665885959e-15)    (8.43285540346731e-18,-5.56332055772430e-14)
       65.0000000000000     (-0.0991105277015390,-0.000238604695003766)     (-0.0991105277015391,-0.000238604694995963)    (2.77555756156289e-17,-7.80248803934624e-15)    (-9.05185446520596e-17,7.87253364344141e-14)
       70.0000000000000        (-0.0260581298239022,0.0918618022164042)        (-0.0260581298238953,0.0918618022164061)   (-6.86950496486816e-15,-1.90125692967058e-15)     (4.77489265297238e-16,7.46454165078299e-14)
       75.0000000000000         (0.0785239770137474,0.0483836712969766)         (0.0785239770137514,0.0483836712969701)    (-3.95516952522712e-15,6.46011022453763e-15)     (2.33714590400048e-16,8.21252628797580e-14)
       80.0000000000000        (0.0658623491400361,-0.0602936671048913)        (0.0658623491400316,-0.0602936671048963)     (4.55191440096314e-15,4.97518692910148e-15)    (-2.16336589910011e-17,7.55193615383035e-14)
       85.0000000000000       (-0.0386690722846766,-0.0775061666827362)       (-0.0386690722846809,-0.0775061666827340)    (4.32986979603811e-15,-2.16493489801906e-15)     (4.84847437789958e-17,5.58890323376680e-14)
       90.0000000000000        (-0.0827593195284165,0.0153387640622324)        (-0.0827593195284151,0.0153387640622397)   (-1.34614541735800e-15,-7.36737060247350e-15)    (-2.25888518766151e-16,8.89797764619295e-14)
       95.0000000000000       (-0.00794233727024300,0.0815315040455148)       (-0.00794233727024726,0.0815315040455144)     (4.26048085699904e-15,4.57966997657877e-16)    (5.21657030526051e-16,-5.23064560503407e-14)
       100.000000000000         (0.0741957369645157,0.0294801962816575)         (0.0741957369645139,0.0294801962816619)    (1.74860126378462e-15,-4.43395320459672e-15)   (-1.52971082941971e-16,-5.96994351463167e-14)
max(abs(diff)) =    1.81898940354586e-12
max(abs(frac)) =    8.89800631874234e-14

  nu =       -2.00000000000000
                      x                                              f1                                              f2                                           delta                                            frac
      0.250000000000000         (0.00777188928596268,-20.7012688095922)         (0.00777188928596268,-20.7012688095922)         (8.67361737988404e-19,0.00000000000000)     (1.57301503849470e-23,4.18989591272547e-20)
      0.500000000000000          (0.0306040234586826,-5.44137083717427)          (0.0306040234586826,-5.44137083717427)    (3.46944695195361e-18,-8.88178419700125e-16)    (1.63225382736719e-16,-2.80426851253865e-19)
      0.750000000000000          (0.0670739972996506,-2.62974603266566)          (0.0670739972996506,-2.62974603266566)        (0.00000000000000,-4.44089209850063e-16)    (1.68761732073014e-16,-4.30441716452581e-18)
       1.00000000000000           (0.114903484931900,-1.65068260681625)           (0.114903484931900,-1.65068260681625)        (0.00000000000000,-4.44089209850063e-16)    (2.67736357666571e-16,-1.86370416770783e-17)
       1.25000000000000           (0.171091131240523,-1.19319931017855)           (0.171091131240523,-1.19319931017855)         (2.77555756156289e-17,0.00000000000000)     (3.26823357878416e-18,2.27928474341866e-17)
       1.50000000000000          (0.232087672144215,-0.932193759762974)          (0.232087672144215,-0.932193759762974)     (8.32667268468867e-17,2.22044604925031e-16)    (-2.03352046374137e-16,1.39951837854820e-16)
       1.75000000000000          (0.294003124259412,-0.755747469728330)          (0.294003124259412,-0.755747469728330)        (0.00000000000000,-1.11022302462516e-16)    (1.27594031846995e-16,-4.96370090572136e-17)
       2.00000000000000          (0.352834028615638,-0.617408104190683)          (0.352834028615638,-0.617408104190683)         (0.00000000000000,1.11022302462516e-16)    (-1.35551026723950e-16,7.74641837665708e-17)
       2.25000000000000          (0.404697576841897,-0.495894044467929)          (0.404697576841897,-0.495894044467930)         (0.00000000000000,6.66133814775094e-16)    (-8.06294904529533e-16,6.58014746745307e-16)
       2.50000000000000          (0.446059058439617,-0.381335849241803)          (0.446059058439617,-0.381335849241803)     (5.55111512312578e-17,5.55111512312578e-16)    (-5.42771261336282e-16,7.80464752009938e-16)
       2.75000000000000          (0.473939466323351,-0.269735811389216)          (0.473939466323352,-0.269735811389216)    (-3.88578058618805e-16,3.33066907387547e-16)    (-9.21400942147199e-16,1.78360492529674e-16)
       3.00000000000000          (0.486091260585891,-0.160400393484924)          (0.486091260585891,-0.160400393484924)   (-3.33066907387547e-16,-6.93889390390723e-16)   (-1.93123171930808e-16,-1.49121467908267e-15)
       3.25000000000000         (0.481132148641506,-0.0545775034625740)         (0.481132148641506,-0.0545775034625741)    (-1.66533453693773e-16,1.45716771982052e-16)    (-3.75649933656443e-16,2.60250196917312e-16)
       3.50000000000000          (0.458629184194307,0.0453714377291803)          (0.458629184194307,0.0453714377291803)    (-5.55111512312578e-17,3.46944695195361e-17)    (-1.12452802312653e-16,8.67729665024454e-17)
       3.75000000000000           (0.419128374472004,0.136539925340092)           (0.419128374472004,0.136539925340092)     (5.55111512312578e-17,3.88578058618805e-16)     (3.92784890574014e-16,7.99151905205803e-16)
       4.00000000000000           (0.364128145852073,0.215903594603615)           (0.364128145852073,0.215903594603615)    (-5.55111512312578e-17,5.55111512312578e-17)    (-4.59148829779518e-17,1.79673942421855e-16)
       4.25000000000000           (0.295998267721852,0.280657153789302)           (0.295998267721852,0.280657153789302)    (-1.11022302462516e-16,1.11022302462516e-16)    (-1.02366321610615e-17,3.84783625207746e-16)
       4.50000000000000           (0.217848983685846,0.328481596660462)           (0.217848983685846,0.328481596660462)        (0.00000000000000,-1.66533453693773e-16)   (-3.52109678216152e-16,-2.33519126566556e-16)
       4.75000000000000           (0.133357964903117,0.357748543967070)           (0.133357964903117,0.357748543967069)    (-2.77555756156289e-16,3.88578058618805e-16)     (6.99733183817962e-16,1.03667996915613e-15)
       5.00000000000000          (0.0465651162777523,0.367662882605525)          (0.0465651162777522,0.367662882605525)         (4.85722573273506e-17,0.00000000000000)    (1.64679038230562e-17,-1.30025166348573e-16)
       5.00000000000000          (0.0465651162777523,0.367662882605525)          (0.0465651162777522,0.367662882605525)         (4.85722573273506e-17,0.00000000000000)    (1.64679038230562e-17,-1.30025166348573e-16)
       10.0000000000000        (0.254630313685121,-0.00586808244220833)        (0.254630313685121,-0.00586808244220861)     (5.55111512312578e-17,2.82759926584220e-16)     (1.92313319068434e-16,1.11490432103975e-15)
       15.0000000000000         (0.0415716779752507,-0.202654478967335)         (0.0415716779752505,-0.202654478967335)     (2.28983498828939e-16,5.55111512312578e-17)    (-4.04316528316739e-17,1.13821471726585e-15)
       20.0000000000000        (-0.160341351922998,-0.0791917582456352)        (-0.160341351922998,-0.0791917582456360)    (-3.05311331771918e-16,7.49400541621981e-16)   (-3.24955992861854e-16,-4.51328803528067e-15)
       25.0000000000000          (-0.106294803242381,0.119343035085348)          (-0.106294803242381,0.119343035085347)     (4.99600361081320e-16,3.88578058618805e-16)   (-2.63527122002369e-16,-3.95154017292919e-15)
       30.0000000000000          (0.0784512460732650,0.122924103064114)          (0.0784512460732654,0.122924103064114)    (-3.05311331771918e-16,1.80411241501588e-16)    (-8.34784837145117e-17,2.43046183178885e-15)
       35.0000000000000         (0.129359450880862,-0.0385115452782656)         (0.129359450880863,-0.0385115452782648)   (-1.94289029309402e-16,-8.04911692853238e-16)    (3.21966779326204e-16,-6.12643490101862e-15)
       40.0000000000000       (-0.00106497468236011,-0.126226092349338)       (-0.00106497468235804,-0.126226092349338)   (-2.07082614944731e-15,-2.77555756156289e-17)    (3.58277754877002e-16,-1.64026672629541e-14)
       45.0000000000000        (-0.114558721589860,-0.0321949221920413)        (-0.114558721589860,-0.0321949221920422)    (-2.63677968348475e-16,8.60422844084496e-16)    (1.76929847222094e-16,-7.56048142585005e-15)
       50.0000000000000        (-0.0597128007942569,0.0957931687275978)        (-0.0597128007942588,0.0957931687275965)     (1.97064586870965e-15,1.27675647831893e-15)    (3.63505165767219e-16,-2.07984745334646e-14)
       55.0000000000000         (0.0717028467097401,0.0802544974734147)         (0.0717028467097392,0.0802544974734155)    (9.15933995315754e-16,-8.18789480661053e-16)   (-3.14826321783544e-18,-1.14156809100218e-14)
       60.0000000000000        (0.0930250835476649,-0.0442966318971256)        (0.0930250835476674,-0.0442966318971205)   (-2.47024622979097e-15,-5.13478148889135e-15)   (-2.20550847190159e-16,-5.53028382495113e-14)
       65.0000000000000       (-0.0156925686976355,-0.0977355692563486)       (-0.0156925686976433,-0.0977355692563474)    (7.74380559676047e-15,-1.23512311489549e-15)    (-8.21289706965171e-17,7.92190278437746e-14)
       70.0000000000000       (-0.0946233610891601,-0.0120195136768257)       (-0.0946233610891610,-0.0120195136768186)    (9.02056207507940e-16,-7.14359127407249e-15)     (5.57155457113455e-17,7.54879293875243e-14)
       75.0000000000000        (-0.0369143136729661,0.0844300133768238)        (-0.0369143136729592,0.0844300133768268)   (-6.91113832829160e-15,-2.98372437868011e-15)     (3.77341128414040e-16,8.16914360623407e-14)
       80.0000000000000         (0.0683407330953129,0.0573552369343899)         (0.0683407330953172,0.0573552369343847)    (-4.30211422042248e-15,5.16253706450698e-15)     (2.62421620800574e-16,7.53209041976456e-14)
       85.0000000000000        (0.0720968997453323,-0.0478918099495431)        (0.0720968997453296,-0.0478918099495472)     (2.72004641033163e-15,4.09394740330526e-15)     (5.38769130918253e-18,5.67875379392958e-14)
       90.0000000000000       (-0.0248538912175431,-0.0803584144906081)       (-0.0248538912175502,-0.0803584144906059)    (7.10195791064905e-15,-2.17881268582687e-15)    (-2.01458377683515e-16,8.83162134424004e-14)
       95.0000000000000       (-0.0818623374949573,0.00110040571824331)       (-0.0818623374949573,0.00110040571823897)     (4.16333634234434e-17,4.33398976429356e-15)    (2.03045366160782e-16,-5.29396846538682e-14)
       100.000000000000        (-0.0215287573445008,0.0768368671250293)        (-0.0215287573445054,0.0768368671250280)     (4.57620052962682e-15,1.29063426612674e-15)    (1.01828644734610e-16,-5.95858855926560e-14)
max(abs(diff)) =    7.84168695048252e-15
max(abs(frac)) =    8.83164432157544e-14

  nu =       -1.00000000000000
                      x                                              f1                                              f2                                           delta                                            frac
      0.250000000000000           (-0.124025977322727,2.70410522931528)           (-0.124025977322727,2.70410522931528)             (0.00000000000000,0.00000000000000)            (0.00000000000000,-0.00000000000000)
      0.500000000000000           (-0.242268457674874,1.47147239267024)           (-0.242268457674874,1.47147239267024)     (5.55111512312578e-17,2.22044604925031e-16)    (1.40869815291696e-16,-6.09182099245878e-17)
      0.750000000000000           (-0.349243602174862,1.03759455076929)           (-0.349243602174862,1.03759455076929)     (5.55111512312578e-17,2.22044604925031e-16)    (1.76047067351635e-16,-1.12755471873597e-16)
       1.00000000000000          (-0.440050585744933,0.781212821300289)          (-0.440050585744933,0.781212821300289)     (5.55111512312578e-17,2.22044604925031e-16)    (1.85382926884978e-16,-1.75482292476876e-16)
       1.25000000000000          (-0.510623260319880,0.584364036615008)          (-0.510623260319880,0.584364036615008)         (0.00000000000000,1.11022302462516e-16)    (1.07730923044359e-16,-9.41363802619194e-17)
       1.50000000000000          (-0.557936507910100,0.412308626973911)          (-0.557936507910100,0.412308626973911)   (-1.11022302462516e-16,-1.11022302462516e-16)     (3.35928245977878e-17,2.23812050436258e-16)
       1.75000000000000          (-0.580156197638993,0.253972985946246)          (-0.580156197638993,0.253972985946246)             (0.00000000000000,0.00000000000000)           (-0.00000000000000,-0.00000000000000)
       2.00000000000000          (-0.576724807756873,0.107032431540937)          (-0.576724807756873,0.107032431540938)    (1.11022302462516e-16,-1.38777878078145e-16)    (-2.29266240850415e-16,1.98082262654867e-16)
       2.25000000000000        (-0.548378356646960,-0.0271920577380179)        (-0.548378356646960,-0.0271920577380171)   (-1.11022302462516e-16,-7.66747776381749e-16)     (2.71121068977973e-16,1.38476551347373e-15)
       2.50000000000000         (-0.497094102464274,-0.145918137966786)         (-0.497094102464274,-0.145918137966786)   (-1.66533453693773e-16,-4.99600361081320e-16)     (5.80054603506793e-16,8.34771266368766e-16)
       2.75000000000000         (-0.425972302957902,-0.246019001497384)         (-0.425972302957902,-0.246019001497384)    (-5.55111512312578e-17,2.77555756156289e-16)   (-1.84470583321892e-16,-5.45041275758115e-16)
       3.00000000000000         (-0.339058958525936,-0.324674424791801)         (-0.339058958525936,-0.324674424791800)    (3.33066907387547e-16,-8.32667268468867e-16)     (7.14313482937112e-16,1.77180969317842e-15)
       3.25000000000000         (-0.241119688015204,-0.379777773717084)         (-0.241119688015204,-0.379777773717084)        (-1.11022302462516e-16,0.00000000000000)    (1.32280877957058e-16,-2.08350208767294e-16)
       3.50000000000000         (-0.137377527362327,-0.410188417887512)         (-0.137377527362327,-0.410188417887512)    (2.77555756156289e-17,-1.66533453693773e-16)     (3.44669978604825e-16,1.83099965179862e-16)
       3.75000000000000        (-0.0332293491296797,-0.415868779345227)        (-0.0332293491296797,-0.415868779345227)    (-6.93889390390723e-18,1.66533453693773e-16)   (-3.96581902864731e-16,-4.83735577467147e-17)
       4.00000000000000         (0.0660433280235491,-0.397925710557100)         (0.0660433280235491,-0.397925710557100)   (-6.93889390390723e-17,-2.22044604925031e-16)    (5.14881293648840e-16,-2.59830944484487e-16)
       4.25000000000000          (0.155553192978343,-0.358568893083851)          (0.155553192978343,-0.358568893083851)     (2.77555756156289e-17,5.55111512312578e-17)    (-1.02030909875399e-16,1.21669253163661e-16)
       4.50000000000000          (0.231060431923371,-0.300997323069654)          (0.231060431923371,-0.300997323069655)     (1.11022302462516e-16,1.66533453693773e-16)    (-1.69967008537283e-16,4.99323221001149e-16)
       4.75000000000000          (0.289186798647110,-0.229225596738722)          (0.289186798647110,-0.229225596738722)         (0.00000000000000,2.77555756156289e-16)    (-4.67219690331380e-16,5.89435771720698e-16)
       5.00000000000000          (0.327579137591465,-0.147863143391227)          (0.327579137591465,-0.147863143391227)   (-5.55111512312578e-17,-1.11022302462516e-16)   (-1.36886777802383e-17,-3.45096315409912e-16)
       5.00000000000000          (0.327579137591465,-0.147863143391227)          (0.327579137591465,-0.147863143391227)   (-5.55111512312578e-17,-1.11022302462516e-16)   (-1.36886777802383e-17,-3.45096315409912e-16)
       10.0000000000000        (-0.0434727461688613,-0.249015424206954)        (-0.0434727461688614,-0.249015424206954)    (1.04083408558608e-16,-1.66533453693773e-16)     (5.78175882981365e-16,5.18916859756538e-16)
       15.0000000000000        (-0.205104038613523,-0.0210736280368738)        (-0.205104038613523,-0.0210736280368735)        (0.00000000000000,-3.33066907387547e-16)     (1.65105546847779e-16,1.60692854579765e-15)
       20.0000000000000         (-0.0668331241758495,0.165511614362522)         (-0.0668331241758501,0.165511614362521)     (5.55111512312578e-16,2.77555756156289e-16)    (2.77421642561126e-16,-3.46593482039550e-15)
       25.0000000000000          (0.125350249580290,0.0988299647832368)          (0.125350249580290,0.0988299647832374)    (4.44089209850063e-16,-5.82867087928207e-16)   (-7.60611031038153e-17,-4.58993878124317e-15)
       30.0000000000000         (0.118751062616623,-0.0844255706617469)         (0.118751062616623,-0.0844255706617472)     (1.94289029309402e-16,3.19189119579733e-16)    (-1.82561830067557e-16,2.55809275472288e-15)
       35.0000000000000        (-0.0439909421796265,-0.127512733545590)        (-0.0439909421796256,-0.127512733545590)    (-8.74300631892311e-16,2.22044604925031e-16)    (5.57733509480925e-16,-6.66416118372426e-15)
       40.0000000000000        (-0.126038318037585,0.00579350582155170)        (-0.126038318037585,0.00579350582154963)     (1.38777878078145e-16,2.07125983031631e-15)   (-3.44958713267447e-16,-1.64494288951997e-14)
       45.0000000000000         (-0.0283488543764238,0.115525179646400)         (-0.0283488543764245,0.115525179646399)     (7.66747776381749e-16,1.66533453693773e-16)   (-1.76513250825446e-16,-6.59374718368880e-15)
       50.0000000000000         (0.0975118281251764,0.0567956685620127)         (0.0975118281251751,0.0567956685620148)    (1.26287869051112e-15,-2.06779038336435e-15)    (4.47929645604028e-16,-2.14664301480239e-14)
       55.0000000000000        (0.0782500383086840,-0.0738462654325786)        (0.0782500383086847,-0.0738462654325779)   (-6.93889390390723e-16,-7.35522753814166e-16)    (1.61857121911616e-18,-9.39811972325486e-15)
       60.0000000000000       (-0.0465983837581714,-0.0918696093698643)       (-0.0465983837581663,-0.0918696093698669)    (-5.10008701937181e-15,2.56739074444567e-15)    (1.68745077548002e-16,-5.54288170638633e-14)
       65.0000000000000        (-0.0973301722261284,0.0179403742753697)        (-0.0973301722261269,0.0179403742753773)   (-1.44328993201270e-15,-7.63972218820186e-15)     (3.48767274489005e-16,7.85571321694295e-14)
       70.0000000000000       (-0.00998778878484565,0.0948446526257155)       (-0.00998778878483851,0.0948446526257162)   (-7.14012182712054e-15,-7.07767178198537e-16)     (4.60250139541397e-16,7.52338139093345e-14)
       75.0000000000000         (0.0851399950448262,0.0352137851605875)         (0.0851399950448291,0.0352137851605805)    (-2.90045765183322e-15,6.98746616123458e-15)    (-1.04822213062234e-16,8.21136687222536e-14)
       80.0000000000000        (0.0560572966757178,-0.0693959137845839)        (0.0560572966757126,-0.0693959137845881)     (5.17641485231479e-15,4.16333634234434e-15)     (1.57986870449112e-16,7.44648820604594e-14)
       85.0000000000000       (-0.0491514603348869,-0.0712331875827526)       (-0.0491514603348911,-0.0712331875827498)    (4.16333634234434e-15,-2.84494650060196e-15)    (-2.64278319437579e-16,5.82642279230840e-14)
       90.0000000000000        (-0.0799256467088704,0.0261872386077612)        (-0.0799256467088681,0.0261872386077682)   (-2.30371277609720e-15,-7.06032454722560e-15)    (-1.08097685410126e-16,8.83007402248741e-14)
       95.0000000000000        (0.00239256129973120,0.0818279587245011)        (0.00239256129972691,0.0818279587245012)    (4.29560900738757e-15,-1.38777878078145e-16)   (-1.60918645803561e-16,-5.25003199649120e-14)
       100.000000000000         (0.0771453520141133,0.0203723120027553)         (0.0771453520141122,0.0203723120027598)    (1.16573417585641e-15,-4.45130043935649e-15)   (-1.18167836135706e-16,-5.76689712494436e-14)
max(abs(diff)) =    7.77485954476047e-15
max(abs(frac)) =    8.83008063913931e-14

  nu =      -0.666666666666667
                      x                                              f1                                              f2                                           delta                                            frac
      0.250000000000000             (1.42354747373660,1.13867113198726)             (1.42354747373660,1.13867113198726)     (4.44089209850063e-16,2.22044604925031e-16)    (2.66326225147189e-16,-5.70499971652081e-17)
      0.500000000000000           (0.768344176482231,0.932400868839395)           (0.768344176482231,0.932400868839395)     (5.55111512312578e-16,2.22044604925031e-16)    (4.34021235252361e-16,-2.37702292161827e-16)
      0.750000000000000           (0.430642643154140,0.859128189320291)           (0.430642643154140,0.859128189320291)         (4.44089209850063e-16,0.00000000000000)    (2.07073633400550e-16,-4.13110031130177e-16)
       1.00000000000000           (0.188340292122394,0.799191474880915)           (0.188340292122394,0.799191474880915)     (2.22044604925031e-16,1.11022302462516e-16)    (1.93639980001027e-16,-2.32202670270870e-16)
       1.25000000000000        (-0.00485993863735107,0.728566733510204)        (-0.00485993863735138,0.728566733510204)    (3.09648140461860e-16,-2.22044604925031e-16)   (-3.07590431304085e-16,-4.22958194036140e-16)
       1.50000000000000          (-0.162326256789526,0.641516073554232)          (-0.162326256789526,0.641516073554232)    (1.94289029309402e-16,-1.11022302462516e-16)   (-2.34671200587260e-16,-2.43479061836109e-16)
       1.75000000000000          (-0.287889709946424,0.538410822119680)          (-0.287889709946424,0.538410822119680)     (5.55111512312578e-17,1.11022302462516e-16)    (1.17485065311943e-16,-1.65921428278966e-16)
       2.00000000000000          (-0.382315615041105,0.422403162540067)          (-0.382315615041105,0.422403162540067)   (-4.99600361081320e-16,-3.33066907387547e-16)     (1.55015733135946e-16,1.04245295674044e-15)
       2.25000000000000          (-0.445675508110977,0.298114827010127)          (-0.445675508110977,0.298114827010127)   (-4.99600361081320e-16,-4.44089209850063e-16)     (3.13983814562921e-16,1.20646620832163e-15)
       2.50000000000000          (-0.478373081803429,0.170925567797748)          (-0.478373081803429,0.170925567797748)     (5.55111512312578e-17,1.66533453693773e-16)    (7.40064952122214e-18,-3.45480336914521e-16)
       2.75000000000000         (-0.481613887743936,0.0464770475126345)         (-0.481613887743936,0.0464770475126344)         (0.00000000000000,6.93889390390723e-17)    (1.37754249634548e-17,-1.42746502349806e-16)
       3.00000000000000        (-0.457593823756332,-0.0697262818430274)        (-0.457593823756332,-0.0697262818430273)   (-1.11022302462516e-16,-8.32667268468867e-17)     (2.64214603476185e-16,1.41706512569523e-16)
       3.25000000000000         (-0.409518932194417,-0.172654949806832)         (-0.409518932194417,-0.172654949806832)   (-1.11022302462516e-16,-2.77555756156289e-17)    (2.54450285901227e-16,-3.95012890815551e-17)
       3.50000000000000         (-0.341511286764436,-0.258037728234902)         (-0.341511286764436,-0.258037728234902)   (-1.11022302462516e-16,-1.11022302462516e-16)     (3.63310226469409e-16,5.05826824744365e-17)
       3.75000000000000         (-0.258433819671185,-0.322587177047823)         (-0.258433819671185,-0.322587177047823)    (1.11022302462516e-16,-5.55111512312578e-17)    (-6.31237865030053e-17,2.93591896835984e-16)
       4.00000000000000         (-0.165658429607569,-0.364161719104706)         (-0.165658429607569,-0.364161719104706)   (-5.55111512312578e-17,-1.66533453693773e-16)     (4.36352230135148e-16,4.60627053550023e-17)
       4.25000000000000        (-0.0687983823473062,-0.381859307773485)        (-0.0687983823473061,-0.381859307773485)    (-1.11022302462516e-16,1.66533453693773e-16)   (-3.71665812458383e-16,-3.57703233502101e-16)
       4.50000000000000         (0.0265754667410524,-0.376040202867202)         (0.0265754667410524,-0.376040202867202)   (-3.81639164714898e-17,-1.11022302462516e-16)    (2.86636490298205e-16,-1.21746065014089e-16)
       4.75000000000000          (0.115216189119899,-0.348279592867852)          (0.115216189119899,-0.348279592867852)        (-6.93889390390723e-17,0.00000000000000)   (-5.94079249481211e-17,-1.79580387722458e-16)
       5.00000000000000          (0.192462949342593,-0.301254281549148)          (0.192462949342594,-0.301254281549148)        (-1.94289029309402e-16,0.00000000000000)   (-2.92602286877971e-16,-4.57998238175980e-16)
       5.00000000000000          (0.192462949342593,-0.301254281549148)          (0.192462949342594,-0.301254281549148)        (-1.94289029309402e-16,0.00000000000000)   (-2.92602286877971e-16,-4.57998238175980e-16)
       10.0000000000000         (-0.167227714125130,-0.189097755852486)         (-0.167227714125130,-0.189097755852486)    (2.77555756156289e-17,-5.55111512312578e-17)     (9.18903105464625e-17,2.28041744885653e-16)
       15.0000000000000         (-0.186457207091927,0.0877112240357841)         (-0.186457207091927,0.0877112240357844)   (-2.22044604925031e-16,-3.60822483003176e-16)     (2.29715941251670e-16,2.04320956713176e-15)
       20.0000000000000          (0.0273170298741538,0.176330596644081)          (0.0273170298741527,0.176330596644082)    (1.00613961606655e-15,-1.38777878078145e-16)    (9.46634115312126e-17,-5.69131910130949e-15)
       25.0000000000000          (0.158181072212030,0.0211540057918173)          (0.158181072212030,0.0211540057918181)    (8.32667268468867e-17,-7.94503351997378e-16)   (-1.42751776032981e-16,-5.00365542496423e-15)
       30.0000000000000         (0.0593907287567665,-0.133025145521415)         (0.0593907287567659,-0.133025145521416)     (6.03683769639929e-16,3.05311331771918e-16)    (-2.24326296234613e-16,4.63827097827363e-15)
       35.0000000000000        (-0.102540425017643,-0.0876130103538519)        (-0.102540425017642,-0.0876130103538527)    (-6.38378239159465e-16,8.04911692853238e-16)   (-2.78229774676606e-16,-7.61197493173502e-15)
       40.0000000000000         (-0.105771548014311,0.0687665631766957)         (-0.105771548014312,0.0687665631766937)     (1.24900090270330e-15,1.97064586870965e-15)    (2.13978771353802e-16,-1.84920360978949e-14)
       45.0000000000000          (0.0339137284259588,0.114007209596913)          (0.0339137284259573,0.114007209596913)    (1.45716771982052e-15,-4.44089209850063e-16)   (-8.56233906444673e-17,-1.28068350536778e-14)
       50.0000000000000       (0.112839938951445,-0.000196228970773128)       (0.112839938951445,-0.000196228970770275)    (1.38777878078145e-17,-2.85340327754735e-15)    (1.66960451439927e-16,-2.52868846047285e-14)
       55.0000000000000         (0.0303210832490371,-0.103227461021908)         (0.0303210832490386,-0.103227461021908)   (-1.54737334057131e-15,-4.57966997657877e-16)    (3.08186602752699e-17,-1.49989913576054e-14)
       60.0000000000000       (-0.0865463680337877,-0.0558600228819496)       (-0.0865463680337844,-0.0558600228819547)    (-3.27515792264421e-15,5.01682029252493e-15)    (3.02840722351841e-16,-5.81623134114664e-14)
       65.0000000000000        (-0.0750427216545950,0.0645210475237369)        (-0.0750427216545899,0.0645210475237428)   (-5.10702591327572e-15,-5.91193760612896e-15)     (1.83852132611519e-16,7.89390337624063e-14)
       70.0000000000000         (0.0391169641132842,0.0869747761894306)         (0.0391169641132907,0.0869747761894277)    (-6.49480469405717e-15,2.95596880306448e-15)     (3.34004057865583e-16,7.48247963826719e-14)
       75.0000000000000        (0.0912926960895906,-0.0124118470705176)        (0.0912926960895895,-0.0124118470705254)     (1.09634523681734e-15,7.81492925927552e-15)     (3.64097112315689e-16,8.56525079430104e-14)
       80.0000000000000        (0.0135427320478848,-0.0881729120741238)        (0.0135427320478792,-0.0881729120741247)     (5.68468883077600e-15,8.60422844084496e-16)     (1.40770094532281e-16,6.44504336471050e-14)
       85.0000000000000       (-0.0783023649640076,-0.0368576286043271)       (-0.0783023649640096,-0.0368576286043227)    (2.06779038336435e-15,-4.39925873507718e-15)     (3.11582463762075e-17,5.61682947638402e-14)
       90.0000000000000        (-0.0559294669466376,0.0628134749972360)        (-0.0559294669466323,0.0628134749972406)   (-5.25274268525777e-15,-4.66293670342566e-15)     (1.25513967596257e-16,8.35126978118341e-14)
       95.0000000000000         (0.0431888500843054,0.0695417584546812)         (0.0431888500843015,0.0695417584546835)    (3.81639164714898e-15,-2.35922392732846e-15)    (1.13557440536173e-16,-5.48086116395437e-14)
       100.000000000000        (0.0769364895095530,-0.0211432303783947)        (0.0769364895095543,-0.0211432303783897)   (-1.36002320516582e-15,-4.98212582300539e-15)    (1.10398104399604e-16,-6.47260055949436e-14)
max(abs(diff)) =    7.89145691274891e-15
max(abs(frac)) =    8.56532818030614e-14

  nu =      -0.500000000000000
                      x                                              f1                                              f2                                           delta                                            frac
      0.250000000000000            (1.54616052410608,0.394799598741370)            (1.54616052410608,0.394799598741370)    (-6.66133814775094e-16,2.22044604925031e-16)    (-3.70035116780146e-16,2.38095795883088e-16)
      0.500000000000000           (0.990245880243405,0.540973789934528)           (0.990245880243405,0.540973789934528)         (2.22044604925031e-16,0.00000000000000)    (1.72692370549190e-16,-9.43422720080490e-17)
      0.750000000000000           (0.674117929144545,0.628005876375887)           (0.674117929144545,0.628005876375887)         (1.11022302462516e-16,0.00000000000000)    (8.81713008377277e-17,-8.21400717290910e-17)
       1.00000000000000           (0.431098868018376,0.671396707141803)           (0.431098868018376,0.671396707141803)   (-1.11022302462516e-16,-2.22044604925031e-16)   (-3.09355150515086e-16,-3.32744449035164e-17)
       1.25000000000000           (0.225029692444665,0.677242538100143)           (0.225029692444665,0.677242538100144)   (-8.32667268468867e-17,-3.33066907387547e-16)   (-4.79690888999903e-16,-3.64388900356111e-17)
       1.50000000000000          (0.0460831658930975,0.649838074753747)          (0.0460831658930974,0.649838074753747)         (1.17961196366423e-16,0.00000000000000)    (1.28083330514985e-17,-1.80615683182420e-16)
       1.75000000000000          (-0.107508045243687,0.593485254471474)          (-0.107508045243687,0.593485254471474)   (-1.80411241501588e-16,-2.22044604925031e-16)    (-3.08933136683454e-16,3.59948351754196e-16)
       2.00000000000000          (-0.234785710406248,0.513016136561828)          (-0.234785710406248,0.513016136561828)     (5.55111512312578e-17,2.22044604925031e-16)    (3.16921480181392e-16,-2.53246977705911e-16)
       2.25000000000000          (-0.334140023382718,0.413875060647600)          (-0.334140023382718,0.413875060647600)     (1.11022302462516e-16,1.11022302462516e-16)    (3.12868490246692e-17,-2.93510052857771e-16)
       2.50000000000000          (-0.404278302239057,0.302004906062366)          (-0.404278302239057,0.302004906062366)        (0.00000000000000,-5.55111512312578e-17)    (-6.58345873811863e-17,8.81293471755012e-17)
       2.75000000000000          (-0.444721151194905,0.183633321384315)          (-0.444721151194905,0.183633321384315)        (0.00000000000000,-2.77555756156289e-17)    (-2.20168051414111e-17,5.33200557192477e-17)
       3.00000000000000         (-0.456048820794633,0.0650081828773756)         (-0.456048820794633,0.0650081828773758)   (-5.55111512312578e-17,-1.38777878078145e-16)     (7.67841249507470e-17,3.15250183663481e-16)
       3.25000000000000        (-0.439988595019244,-0.0478857299758984)        (-0.439988595019244,-0.0478857299758985)         (0.00000000000000,8.32667268468867e-17)   (-2.03554563574884e-17,-1.87032100131179e-16)
       3.50000000000000         (-0.399386825363049,-0.149604569649527)         (-0.399386825363049,-0.149604569649527)    (5.55111512312578e-17,-2.22044604925031e-16)     (6.07421093870005e-17,5.33210647589597e-16)
       3.75000000000000         (-0.338091638366934,-0.235498018458155)         (-0.338091638366933,-0.235498018458155)    (-1.66533453693773e-16,1.66533453693773e-16)    (1.00640546712140e-16,-5.62670239169196e-16)
       4.00000000000000         (-0.260766076677179,-0.301920513291639)         (-0.260766076677179,-0.301920513291639)        (0.00000000000000,-5.55111512312578e-17)     (1.05305904721251e-16,9.09517784191635e-17)
       4.25000000000000         (-0.172649625446449,-0.346388502189524)         (-0.172649625446450,-0.346388502189524)    (1.38777878078145e-16,-1.11022302462516e-16)     (9.67796309952402e-17,4.48879925683113e-16)
       4.50000000000000        (-0.0792858628629787,-0.367674873327240)        (-0.0792858628629786,-0.367674873327240)        (-1.38777878078145e-17,0.00000000000000)    (7.77764990860919e-18,-3.60675452302705e-17)
       4.75000000000000         (0.0137659430194981,-0.365835638023504)         (0.0137659430194980,-0.365835638023504)         (1.09287578986539e-16,0.00000000000000)     (1.12251010559956e-17,2.98311710347920e-16)
       5.00000000000000          (0.101217709185109,-0.342167984798162)          (0.101217709185108,-0.342167984798162)         (1.11022302462516e-16,0.00000000000000)     (8.82585148268347e-17,2.98359233801151e-16)
       5.00000000000000          (0.101217709185109,-0.342167984798162)          (0.101217709185108,-0.342167984798162)         (1.11022302462516e-16,0.00000000000000)     (8.82585148268347e-17,2.98359233801151e-16)
       10.0000000000000         (-0.211708866331398,-0.137263735755051)         (-0.211708866331398,-0.137263735755050)    (2.22044604925031e-16,-2.22044604925031e-16)    (-2.59654825767382e-16,1.21717054548543e-15)
       15.0000000000000          (-0.156505515907309,0.133967688822439)          (-0.156505515907309,0.133967688822439)   (-1.11022302462516e-16,-1.11022302462516e-16)     (5.89567328271608e-17,7.59849255219375e-16)
       20.0000000000000          (0.0728069047850624,0.162880763855030)          (0.0728069047850619,0.162880763855030)    (5.27355936696949e-16,-2.49800180540660e-16)   (-7.20207208811458e-17,-3.26987380129632e-15)
       25.0000000000000         (0.158173084042050,-0.0211202835996511)         (0.158173084042051,-0.0211202835996504)   (-5.55111512312578e-17,-6.55725473919233e-16)    (1.99048875157698e-16,-4.11904154977786e-15)
       30.0000000000000         (0.0224702905988316,-0.143929653370400)         (0.0224702905988310,-0.143929653370400)     (6.14092110495790e-16,8.32667268468867e-17)     (8.54957915389145e-17,4.25326526452144e-15)
       35.0000000000000        (-0.121878352658496,-0.0577477575894578)        (-0.121878352658495,-0.0577477575894588)    (-5.27355936696949e-16,1.06858966120171e-15)    (1.40997134872200e-16,-8.83448049699307e-15)
       40.0000000000000        (-0.0841386556763937,0.0940009623895352)        (-0.0841386556763954,0.0940009623895336)     (1.76247905159244e-15,1.59594559789866e-15)    (1.08561131150058e-16,-1.88467563968618e-14)
       45.0000000000000          (0.0624826419330042,0.101207833242714)          (0.0624826419330032,0.101207833242714)    (9.64506252643105e-16,-5.96744875736022e-16)   (-9.21439659876811e-18,-9.53564523184661e-15)
       50.0000000000000         (0.108884756350539,-0.0296058318889270)         (0.108884756350540,-0.0296058318889246)   (-6.24500451351651e-16,-2.33840724561674e-15)    (9.67541669939361e-17,-2.14496761189895e-14)
       55.0000000000000        (0.00238054540109351,-0.107560392132658)        (0.00238054540109491,-0.107560392132658)   (-1.39992184511328e-15,-2.77555756156289e-17)   (-2.99939320994524e-17,-1.30145531774343e-14)
       60.0000000000000       (-0.0981046837350398,-0.0313974611825147)       (-0.0981046837350379,-0.0313974611825204)    (-1.84574577843932e-15,5.73846525853128e-15)    (8.51119320785372e-17,-5.85205245920837e-14)
       65.0000000000000        (-0.0556634702186010,0.0818274307756241)        (-0.0556634702185945,0.0818274307756285)   (-6.53643805748061e-15,-4.42701431069281e-15)     (1.62302807438682e-16,7.97703613338484e-14)
       70.0000000000000         (0.0603967678838194,0.0738024295390591)         (0.0603967678838249,0.0738024295390546)    (-5.47478729018280e-15,4.49640324973188e-15)     (1.30410462155801e-16,7.42883898922860e-14)
       75.0000000000000        (0.0849225789220500,-0.0357270096816952)        (0.0849225789220469,-0.0357270096817026)     (3.12250225675825e-15,7.41073868937292e-15)     (4.79970283336724e-17,8.72848372453811e-14)
       80.0000000000000      (-0.00984722719243834,-0.0886610358117661)      (-0.00984722719244406,-0.0886610358117655)    (5.72111802377151e-15,-6.38378239159465e-16)     (3.29398438543163e-17,6.45316438897095e-14)
       85.0000000000000       (-0.0851906435743426,-0.0152380651063181)       (-0.0851906435743437,-0.0152380651063124)    (1.02695629777827e-15,-5.71938330029553e-15)    (-4.46927538315708e-17,6.71442788948583e-14)
       90.0000000000000        (-0.0376849704371628,0.0751890685502662)        (-0.0376849704371562,0.0751890685502695)   (-6.59194920871187e-15,-3.28903571045203e-15)     (1.58036499044100e-16,8.75924351092895e-14)
       95.0000000000000         (0.0597729048561005,0.0559326434814909)         (0.0597729048560976,0.0559326434814941)    (2.92127433354494e-15,-3.14331893846997e-15)   (-1.79232651769199e-16,-5.24199717246750e-14)
       100.000000000000        (0.0688030914687257,-0.0404021327162562)        (0.0688030914687281,-0.0404021327162521)   (-2.42861286636753e-15,-4.10088629720917e-15)   (-2.21721161355220e-16,-5.97334250142557e-14)
max(abs(diff)) =    8.04170804404320e-15
max(abs(frac)) =    8.75925776759088e-14

  nu =      -0.333333333333333
                      x                                              f1                                              f2                                           delta                                            frac
      0.250000000000000           (1.44252154187794,-0.193847864865032)           (1.44252154187794,-0.193847864865033)    (-2.22044604925031e-16,5.55111512312578e-17)    (-1.56277261156296e-16,1.74812902941650e-17)
      0.500000000000000            (1.06442046723062,0.162374677772888)            (1.06442046723062,0.162374677772889)   (-4.44089209850063e-16,-8.32667268468867e-17)   (-4.19386156030580e-16,-1.42509801023248e-17)
      0.750000000000000           (0.817016167659060,0.365347883308762)           (0.817016167659060,0.365347883308762)   (-2.22044604925031e-16,-1.11022302462516e-16)   (-2.77125244951888e-16,-1.19644888251467e-17)
       1.00000000000000           (0.606887505046529,0.493556710667318)           (0.606887505046529,0.493556710667318)         (0.00000000000000,1.11022302462516e-16)     (8.95486956877754e-17,1.10110922071439e-16)
       1.25000000000000           (0.414131049077326,0.568653318538057)           (0.414131049077327,0.568653318538057)        (-1.66533453693773e-16,0.00000000000000)    (-1.39362898237160e-16,1.91362552361644e-16)
       1.50000000000000           (0.234899528264702,0.600078093161682)           (0.234899528264702,0.600078093161681)    (-8.32667268468867e-17,2.22044604925031e-16)     (2.73760146185988e-16,2.45922751930706e-16)
       1.75000000000000          (0.0705507642640680,0.593848798116622)          (0.0705507642640683,0.593848798116622)   (-2.77555756156289e-16,-1.11022302462516e-16)    (-2.39105560833308e-16,4.38978199377472e-16)
       2.00000000000000         (-0.0757499802851311,0.555197117994499)         (-0.0757499802851323,0.555197117994499)    (1.24900090270330e-15,-1.11022302462516e-16)   (-4.97643515257864e-16,-2.18175559089537e-15)
       2.25000000000000          (-0.200472571908915,0.489484688976741)          (-0.200472571908915,0.489484688976741)    (-1.11022302462516e-16,1.66533453693773e-16)     (3.70901524353931e-16,7.49088189601952e-17)
       2.50000000000000          (-0.300475160757363,0.402480703538402)          (-0.300475160757363,0.402480703538402)     (4.99600361081320e-16,5.55111512312578e-17)   (-5.06490161090580e-16,-8.63178397004709e-16)
       2.75000000000000          (-0.373445512358266,0.300351921452613)          (-0.373445512358266,0.300351921452612)    (-4.44089209850063e-16,2.77555756156289e-16)     (1.08505446628396e-15,1.29449775330167e-16)
       3.00000000000000          (-0.418162885221896,0.189506706100696)          (-0.418162885221896,0.189506706100696)   (-1.11022302462516e-16,-2.77555756156289e-17)     (1.95307465938159e-16,1.54886175821354e-16)
       3.25000000000000         (-0.434632997946699,0.0763632788572869)         (-0.434632997946699,0.0763632788572866)    (-3.33066907387547e-16,3.05311331771918e-16)    (8.63093690659125e-16,-5.50815673736558e-16)
       3.50000000000000        (-0.424120476647326,-0.0329155485262981)        (-0.424120476647325,-0.0329155485262984)    (-3.88578058618805e-16,2.98372437868011e-16)    (8.56440309223465e-16,-7.69976123311973e-16)
       3.75000000000000         (-0.389093527970967,-0.132691468785519)         (-0.389093527970967,-0.132691468785519)   (-5.55111512312578e-17,-8.32667268468867e-17)     (1.93181417348299e-16,1.48121715458534e-16)
       4.00000000000000         (-0.333093164246005,-0.218100751440068)         (-0.333093164246004,-0.218100751440067)   (-2.77555756156289e-16,-2.22044604925031e-16)     (8.88726434870603e-16,8.46991313044910e-17)
       4.25000000000000         (-0.260539748662285,-0.285267213691252)         (-0.260539748662285,-0.285267213691252)    (-1.11022302462516e-16,1.11022302462516e-16)   (-1.83929422700602e-17,-4.05985649455196e-16)
       4.50000000000000         (-0.176491029265364,-0.331464153021947)         (-0.176491029265364,-0.331464153021947)   (-5.55111512312578e-17,-1.66533453693773e-16)     (4.60914843786948e-16,7.79456351971626e-17)
       4.75000000000000        (-0.0863672723518694,-0.355215366303279)        (-0.0863672723518694,-0.355215366303279)        (-4.16333634234434e-17,0.00000000000000)    (2.69068669826901e-17,-1.10663823819637e-16)
       5.00000000000000        (0.00433989061802947,-0.356329511537158)        (0.00433989061802962,-0.356329511537158)        (-1.49186218934005e-16,0.00000000000000)   (-5.09846553626371e-18,-4.18612793276045e-16)
       5.00000000000000        (0.00433989061802947,-0.356329511537158)        (0.00433989061802962,-0.356329511537158)        (-1.49186218934005e-16,0.00000000000000)   (-5.09846553626371e-18,-4.18612793276045e-16)
       10.0000000000000        (-0.240471075363265,-0.0761058845145249)        (-0.240471075363265,-0.0761058845145247)    (8.32667268468867e-17,-1.38777878078145e-16)    (-1.48721434034466e-16,6.24176750300902e-16)
       15.0000000000000          (-0.115695503189737,0.170419661098945)          (-0.115695503189737,0.170419661098945)   (-4.30211422042248e-16,-2.77555756156289e-16)     (5.82763968371213e-17,2.48486062145276e-15)
       20.0000000000000           (0.112952515881681,0.138084081078370)           (0.112952515881680,0.138084081078370)    (6.10622663543836e-16,-5.27355936696949e-16)   (-1.20912341290886e-16,-4.52101365934769e-15)
       25.0000000000000         (0.147138166974608,-0.0617440563663087)         (0.147138166974609,-0.0617440563663082)   (-2.77555756156289e-16,-4.57966997657877e-16)   (-4.93375246668697e-16,-3.31953290394203e-15)
       30.0000000000000        (-0.0158815382863056,-0.144799175847643)        (-0.0158815382863060,-0.144799175847643)    (4.51028103753970e-16,-5.55111512312578e-17)     (4.12341692327646e-17,3.11937525298213e-15)
       35.0000000000000        (-0.132715716475606,-0.0239717577212426)        (-0.132715716475606,-0.0239717577212432)    (-1.11022302462516e-16,6.07153216591882e-16)    (9.88968299689556e-18,-4.57662668602076e-15)
       40.0000000000000         (-0.0567457655278963,0.112670858333269)         (-0.0567457655278986,0.112670858333268)     (2.31759056390501e-15,1.20736753927986e-15)    (2.84118245002062e-16,-2.07126590295003e-14)
       45.0000000000000         (0.0866723991966051,0.0814525413903890)         (0.0866723991966045,0.0814525413903897)    (6.52256026967279e-16,-6.80011602582908e-16)    (8.08618199081766e-17,-7.92176067214232e-15)
       50.0000000000000        (0.0974317558496504,-0.0569130472583850)        (0.0974317558496517,-0.0569130472583827)   (-1.30451205393456e-15,-2.35922392732846e-15)    (5.63124354241259e-16,-2.38851777231057e-14)
       55.0000000000000        (-0.0256708694632746,-0.104477968158648)        (-0.0256708694632734,-0.104477968158649)    (-1.23859256184744e-15,2.77555756156289e-16)    (2.41673751562155e-16,-1.17956791105185e-14)
       60.0000000000000       (-0.102892760196466,-0.00481714179983626)       (-0.102892760196465,-0.00481714179984251)    (-3.33066907387547e-16,6.24847396046846e-15)    (3.93057419051385e-16,-6.07464253253285e-14)
       65.0000000000000        (-0.0324881771092852,0.0934799859391897)        (-0.0324881771092777,0.0934799859391923)   (-7.45931094670027e-15,-2.59514632006130e-15)    (-2.60186476518497e-17,7.98048498850446e-14)
       70.0000000000000         (0.0774948935508736,0.0555786002081624)         (0.0774948935508778,0.0555786002081566)    (-4.13558076672871e-15,5.80091530366644e-15)     (2.11157735621609e-16,7.47040119294660e-14)
       75.0000000000000        (0.0727293015958414,-0.0565562335859552)        (0.0727293015958364,-0.0565562335859616)     (5.06539254985228e-15,6.41847686111419e-15)     (6.35895948715522e-16,8.87460844432970e-14)
       80.0000000000000       (-0.0325307891365158,-0.0830626786667345)       (-0.0325307891365211,-0.0830626786667324)    (5.27355936696949e-15,-2.09554595897998e-15)     (3.15245008574387e-16,6.36123782748413e-14)
       85.0000000000000       (-0.0862253129394623,0.00740052816598143)       (-0.0862253129394618,0.00740052816598645)   (-4.30211422042248e-16,-5.02549390990481e-15)    (-1.28438216858916e-17,5.82821759356091e-14)
       90.0000000000000        (-0.0168768846114076,0.0823933441474878)        (-0.0168768846114001,0.0823933441474894)   (-7.47318873450808e-15,-1.55431223447522e-15)    (-2.74381986741053e-16,9.07575669492427e-14)
       95.0000000000000         (0.0722405116286193,0.0385034762915498)         (0.0722405116286173,0.0385034762915536)    (1.99840144432528e-15,-3.78169717762944e-15)   (-1.85480680409825e-16,-5.22498448800228e-14)
       100.000000000000        (0.0559621684342065,-0.0568716908944974)        (0.0559621684342102,-0.0568716908944937)   (-3.70536934468646e-15,-3.71924713249427e-15)    (6.53356832722498e-16,-6.57960498615879e-14)
max(abs(diff)) =    8.17649355780075e-15
max(abs(frac)) =    9.07579817097148e-14

