

Print Kelvin functions computed by series expansions
                      x                 ber(x)                 bei(x)                 ker(x)                 kei(x)                ber'(x)                bei'(x)                ker'(x)                kei'(x)
  0.000000000000000e+00  1.000000000000000e+00  0.000000000000000e+00                    inf -7.853981633974483e-01  0.000000000000000e+00  0.000000000000000e+00                   -inf  0.000000000000000e+00
  1.000000000000000e-01  9.999984375000678e-01  2.499999565972230e-03  2.420473981038171e+00 -7.768506465366610e-01 -6.249999457465286e-05  4.999997395833402e-02 -9.960959394547498e+00  1.459748114285962e-01
  2.000000000000000e-01  9.999750000173611e-01  9.999972222229168e-03  1.733142753740298e+00 -7.581249330289003e-01 -4.999993055556716e-04  9.999916666701389e-02 -4.922948520314370e+00  2.229268146501462e-01
  3.000000000000000e-01  9.998734379449461e-01  2.249968359415046e-02  1.337218637529977e+00 -7.331019122948635e-01 -1.687488134775637e-03  1.499936718883484e-01 -3.219865253553937e+00  2.742920987316977e-01
  4.000000000000000e-01  9.996000044444366e-01  3.999822222933333e-02  1.062623902758522e+00 -7.038002120188943e-01 -3.999911111348150e-03  1.999733335111109e-01 -2.352069934295681e+00  3.095140025477275e-01
  5.000000000000000e-01  9.990234639908382e-01  6.249321838219946e-02  8.559058721186341e-01 -6.715816950943675e-01 -7.812076147507734e-03  2.499186211162102e-01 -1.819799753317353e+00  3.332037916033298e-01
  6.000000000000001e-01  9.979751139052248e-01  8.997975041006064e-02  6.931206956251799e-01 -6.374494946680870e-01 -1.349848127050306e-02  2.997975068343312e-01 -1.456538550745297e+00  3.481644251101693e-01
  7.000000000000001e-01  9.962488284440701e-01  1.224489389816138e-01  5.613782741893036e-01 -6.021754516183127e-01 -2.143303210501857e-02  3.495623450745486e-01 -1.190943319596515e+00  3.563094756288267e-01
  8.000000000000000e-01  9.936011377454146e-01  1.598862295038944e-01  4.528820936210822e-01 -5.663676507239712e-01 -3.198862270766881e-02  3.991467576870396e-01 -9.873351336409247e-01  3.590424956238216e-01
  9.000000000000000e-01  9.897513566595940e-01  2.022693634894704e-01  3.625148125931238e-01 -5.305111223831840e-01 -4.553655250586122e-02  4.484625283527837e-01 -8.258686530748763e-01  3.574431915683954e-01
  1.000000000000000e+00  9.843817812130869e-01  2.495660400366597e-01  2.867062087283160e-01 -4.949946365187199e-01 -6.244575217903096e-02  4.973965114680973e-01 -6.946038911006907e-01  3.523699133361705e-01
  1.100000000000000e+00  9.771379731639943e-01  3.017312692062659e-01  2.228445133359789e-01 -4.601295283096283e-01 -8.308179145443223e-02  5.458075625111568e-01 -5.859052784663217e-01  3.445209977585600e-01
  1.200000000000000e+00  9.676291558011335e-01  3.587044198731508e-01  1.689455928261560e-01 -4.261636043061006e-01 -1.078056419880863e-01  5.935234988400938e-01 -4.946432457759998e-01  3.344739427309463e-01
  1.300000000000000e+00  9.554287468084007e-01  4.204059656341002e-01  1.234553955570619e-01 -3.932918265292535e-01 -1.369721687821215e-01  6.403381020759297e-01 -4.172273731050196e-01  3.227117729450757e-01
  1.400000000000000e+00  9.400750566527247e-01  4.867339335889082e-01  8.512604832174159e-02 -3.616647814695226e-01 -1.709283239727892e-01  6.860081756659214e-01 -3.510550584539541e-01  3.096415839299580e-01
  1.500000000000000e+00  9.210721835462558e-01  5.575600623030867e-01  5.293491548771045e-02 -3.313955623385586e-01 -2.100110173312884e-01  7.302506739002735e-01 -2.941815969316025e-01  2.956080872607113e-01
  1.600000000000000e+00  8.978911385677053e-01  6.327256770313981e-01  2.602986155897941e-02 -3.025654735968739e-01 -2.545446384767075e-01  7.727399215628535e-01 -2.451146495362923e-01  2.809038356833873e-01
  1.700000000000000e+00  8.699712369877574e-01  7.120372923542193e-01  3.691104415071367e-03 -2.752288337950846e-01 -3.048382066335363e-01  8.131049465284601e-01 -2.026817610828958e-01  2.657771681482439e-01
  1.800000000000000e+00  8.367217942101608e-01  7.952619547756584e-01 -1.469608680203494e-02 -2.494170690216646e-01 -3.611821248040071e-01  8.509269509675146e-01 -1.659424224725158e-01  2.504385416320249e-01
  1.900000000000000e+00  7.975241669915218e-01  8.821223405745094e-01 -2.966140693732955e-02 -2.251422347880100e-01 -4.238445164986483e-01  8.857369503741903e-01 -1.341281881327828e-01  2.350656902129618e-01
  2.000000000000000e+00  7.517341827138083e-01  9.722916273066612e-01 -4.166451399150961e-02 -2.024000677647044e-01 -4.930671247094391e-01  9.170136133840363e-01 -1.066009658810526e-01  2.198079099196055e-01
  2.100000000000000e+00  6.986850014256354e-01  1.065388160849287e+00 -5.110650034423470e-02 -1.811726438301130e-01 -5.690607546531495e-01  9.441813392778269e-01 -8.282337000027717e-02  2.047896763600591e-01
  2.200000000000000e+00  6.376904571095526e-01  1.160969943770222e+00 -5.833883411837104e-02 -1.614307014170402e-01 -6.520002439938249e-01  9.666086141624914e-01 -6.233725697368964e-02  1.901137416828194e-01
  2.300000000000000e+00  5.680489261370959e-01  1.258528975115817e+00 -6.367045393363757e-02 -1.431356766578192e-01 -7.420189468103409e-01  9.836066910572893e-01 -4.474791900743280e-02  1.758638166243445e-01
  2.400000000000000e+00  4.890477721018258e-01  1.357485476450274e+00 -6.737349336152865e-02 -1.262414877404730e-01 -8.392027205462779e-01  9.944286434701106e-01 -2.971225706999703e-02  1.621069153482178e-01
  2.500000000000000e+00  3.999684171295314e-01  1.457182044159804e+00 -6.968797258904513e-02 -1.106960991556751e-01 -9.435834086048129e-01  9.982688464973242e-01 -1.692979643352932e-02  1.488954211709617e-01
  2.600000000000000e+00  3.000920903067877e-01  1.556877773663311e+00 -7.082569999026034e-02 -9.644289143933313e-02 -1.055131815171539e+00  9.942629439890699e-01 -6.135761131724315e-03  1.362689173548539e-01
  2.700000000000000e+00  1.887063039926082e-01  1.655742407252085e+00 -7.097356048532877e-02 -8.342185812487357e-02 -1.173750173304145e+00  9.814883648539675e-01  2.904341025279145e-03  1.242558171403610e-01
  2.800000000000000e+00  6.511210842734617e-02  1.752850563814438e+00 -7.029632119978690e-02 -7.157064858527490e-02 -1.299264112361119e+00  9.589654560914228e-01  1.039901195709214e-02  1.128748199031639e-01
  2.900000000000000e+00 -7.136782583144539e-02  1.847176115683254e+00 -6.893905184108440e-02 -6.082547303824321e-02 -1.431414136492964e+00  9.256593045893651e-01  1.653421485909490e-02  1.021362149516203e-01
  3.000000000000000e+00 -2.213802495986939e-01  1.937586785266043e+00 -6.702923330379873e-02 -5.112188404598669e-02 -1.569846632229404e+00  8.804823240578614e-01  2.147618686773334e-02  9.204305048030381e-02
  3.100000000000000e+00 -3.855314549772818e-01  2.022839041963734e+00 -6.467861056146007e-02 -4.239544724706495e-02 -1.714104430203820e+00  8.222976876260456e-01  2.537376189832796e-02  8.259218218184716e-02
  3.200000000000000e+00 -5.643764304845672e-01  2.101573388135251e+00 -6.198483303536673e-02 -3.458231272748491e-02 -1.863616953799321e+00  7.499236905461453e-01  2.836031407172901e-02  7.377521372356322e-02
  3.300000000000000e+00 -7.584070120727856e-01  2.172310131492460e+00 -5.903291605972516e-02 -2.761969730975278e-02 -2.017689996014582e+00  6.621391310522413e-01  3.055540421821989e-02  6.557933952585770e-02
  3.400000000000000e+00 -9.680389953149772e-01  2.233445750279041e+00 -5.589654988540604e-02 -2.144628706674223e-02 -2.175495175164222e+00  5.576898006337880e-01  3.206619156347229e-02  5.798809889846201e-02
  3.500000000000000e+00 -1.193598179589928e+00  2.283249966853914e+00 -5.263927724224149e-02 -1.600256851827009e-02 -2.336059130176373e+00  4.352961777184318e-01  3.298865769334325e-02  5.098204949828000e-02
  3.600000000000000e+00 -1.435305321718848e+00  2.319863654812664e+00 -4.931555635426821e-02 -1.123109621733742e-02 -2.498252527253529e+00  2.936624209212458e-01  3.340867875685874e-02  4.453936719615514e-02
  3.700000000000000e+00 -1.693259984269600e+00  2.341297714476542e+00 -4.597172314251141e-02 -7.076703761047076e-03 -2.660778961539917e+00  1.314867595061735e-01  3.340297354282704e-02  3.863637872552683e-02
  3.800000000000000e+00 -1.967423272739420e+00  2.345433061385530e+00 -4.264686391407269e-02 -3.486664654516192e-03 -2.822163850202121e+00 -5.252662058986702e-02  3.303994880532728e-02  3.324803289406209e-02
  3.900000000000000e+00 -2.257599466142989e+00  2.330021882265074e+00 -3.937360794638312e-02 -4.108089034757789e-04 -2.980743426984013e+00 -2.596540970171710e-01  3.238045847846324e-02  2.834831564056373e-02
  4.000000000000000e+00 -2.563416557258580e+00  2.292690322699300e+00 -3.617884789954662e-02  2.198399294972564e-03 -3.134653962838644e+00 -4.911374406307224e-01  3.147848982210777e-02  2.391061379170489e-02
  4.100000000000001e+00 -2.884305732008854e+00  2.230942780326965e+00 -3.308439482901648e-02  4.385817860431906e-03 -3.281821352655359e+00 -7.481668599270649e-01  3.038178679328141e-02  1.990803200024249e-02
  4.200000000000000e+00 -3.219479832260940e+00  2.142167986657022e+00 -3.010757365119332e-02  6.193612664429970e-03 -3.419951224365311e+00 -1.031862169457357e+00  2.913241883280626e-02  1.631366701582326e-02
  4.300000000000000e+00 -3.567910862806221e+00  2.023647069440172e+00 -2.726176418012560e-02  7.661268821104184e-03 -3.546519743786750e+00 -1.343251996524242e+00  2.776730163861774e-02  1.310084314249726e-02
  4.400000000000000e+00 -3.928306621502091e+00  1.872563795777954e+00 -2.455689226132263e-02  8.825623733349275e-03 -3.658765306412033e+00 -1.683250947234397e+00  2.631867524935849e-02  1.024331246638432e-02
  4.500000000000000e+00 -4.299086551599757e+00  1.686017203632139e+00 -2.199987504667367e-02  9.720918540153001e-03 -3.753681325876356e+00 -2.052634661521485e+00  2.481454379717163e-02  7.715423187876436e-03
  4.600000000000001e+00 -4.678356937208982e+00  1.461036835928036e+00 -1.959502405749380e-02  1.037886493259910e-02 -3.828010348001322e+00 -2.452012697246150e+00  2.327908054117689e-02  5.492259161226531e-03
  4.700000000000000e+00 -5.063885586719505e+00  1.194600796822301e+00 -1.734440935187953e-02  1.082872460532158e-02 -3.878239738974239e+00 -2.881799196097255e+00  2.173300121213639e-02  3.549753527658517e-03
  4.800000000000001e+00 -5.453076174855461e+00  8.836568537071525e-01 -1.524818783297610e-02  1.109739888851635e-02 -3.900599216286406e+00 -3.342181298942928e+00  2.019390824650902e-02  1.864779124357341e-03
  4.900000000000000e+00 -5.842942441915631e+00  5.251468109088255e-01 -1.330489849548466e-02  1.120952636417449e-02 -3.891060511368369e+00 -3.833085295695018e+00  1.867660813437011e-02  4.152181589192061e-04
  5.000000000000000e+00 -6.230082478666358e+00  1.160343815502021e-01 -1.151172719949224e-02  1.118758650987051e-02 -3.845339473262156e+00 -4.354140514843110e+00  1.719340382839274e-02 -8.199865436266940e-04
  5.100000000000001e+00 -6.610653357304574e+00 -3.466632175912497e-01 -9.864743377600294e-03  1.105200763553604e-02 -3.758900942969480e+00 -4.904640980770804e+00  1.575436394225305e-02 -1.860796587281222e-03
  5.200000000000000e+00 -6.980346402874878e+00 -8.658397274844307e-01 -8.359110917310453e-03  1.082127758358631e-02 -3.626966748093774e+00 -5.483504892972974e+00  1.436757029317004e-02 -2.726057375580737e-03
  5.300000000000001e+00 -7.334363435462961e+00 -1.444260150604925e+00 -6.989275312494714e-03  1.051205585200599e-02 -3.444527186806983e+00 -6.089232010530595e+00  1.303934520422345e-02 -3.433489992933580e-03
  5.400000000000000e+00 -7.667394351327400e+00 -2.084516693093665e+00 -5.749129041861423e-03  1.013928597374658e-02 -3.206356388743842e+00 -6.719859057845063e+00  1.177445986955661e-02 -3.999693931538317e-03
  5.500000000000000e+00 -7.973596450774417e+00 -2.788980154734066e+00 -4.632157007098847e-03  9.716307145215985e-03 -2.907031957848943e+00 -7.372913303855356e+00  1.057632499291739e-02 -4.440159139434741e-03
  5.600000000000001e+00 -8.246575961893123e+00 -3.559746593355735e+00 -3.631563745839728e-03  9.254964242418673e-03 -2.540959318134711e+00 -8.045364506914970e+00  9.447164832962152e-03 -4.769285997890726e-03
  5.700000000000000e+00 -8.479372252085206e+00 -4.398579111649337e+00 -2.740384025164744e-03  8.765715496216409e-03 -2.102401197375639e+00 -8.733575461333732e+00  8.388175722865654e-03 -5.000411962184259e-03
  5.800000000000001e+00 -8.664445263435908e+00 -5.306844640335225e+00 -1.951578317001434e-03  8.257737218547945e-03 -1.585512695553990e+00 -9.433251429416380e+00  7.399670074759612e-03 -5.145843717962562e-03
  5.900000000000000e+00 -8.793666753132380e+00 -6.285445622573309e+00 -1.258114558744694e-03  7.739025080882200e-03 -9.843823939359913e-01 -1.013938879475685e+01  6.481206828643060e-03 -5.216893817062807e-03
  6.000000000000000e+00 -8.858315966045035e+00 -7.334746540847963e+00 -6.530375083517725e-04  7.216491544419945e-03 -2.930799665080795e-01 -1.084622332865128e+01  5.631709259610318e-03 -5.223920861006176e-03
  6.100000000000001e+00 -8.849080412899324e+00 -8.454495269728721e+00 -1.295269145611400e-04  6.696059129633447e-03  4.942892423853735e-01 -1.154717852181794e+01  4.849571014132081e-03 -5.176372398244422e-03
  6.200000000000000e+00 -8.756062473778359e+00 -9.643739286319303e+00  3.190543629232323e-04  6.182749291664180e-03  1.383522212553350e+00 -1.223481449816862e+01  4.132751206691765e-03 -5.082829792517840e-03
  6.300000000000001e+00 -8.568792592550304e+00 -1.090073682528471e+01  6.991212290969884e-04  5.680766738182186e-03  2.380248360068148e+00 -1.290077809613170e+01  3.478859369105081e-03 -4.951054404715771e-03
  6.400000000000000e+00 -8.276249872685952e+00 -1.222286312750625e+01  1.016835248405457e-03  5.193579087745981e-03  3.489851325072888e+00 -1.353575477590270e+01  2.885231008280087e-03 -4.788034509134231e-03
  6.500000000000000e+00 -7.866890928233047e+00 -1.360651200106259e+01  1.278080655991332e-03  4.723991821153462e-03  4.717382012265164e+00 -1.412942308786392e+01  2.348994492169965e-03 -4.600032438794699e-03
  6.600000000000001e+00 -7.328687884785480e+00 -1.504699299076164e+01  1.488446652452069e-03  4.274218525429418e-03  6.067462486862395e+00 -1.467041251807859e+01  1.867129948244894e-03 -4.392631520276247e-03
  6.700000000000000e+00 -6.649176463396273e+00 -1.653842453822046e+01  1.653215216428805e-03  3.845946470782735e-03  7.544180362380243e+00 -1.514626561097090e+01  1.436520824412924e-03 -4.170782421630825e-03
  6.800000000000001e+00 -5.815515114723384e+00 -1.807362360884782e+01  1.777353732123288e-03  3.440397595682931e-03  9.150973358564560e+00 -1.554340535672223e+01  1.053998728718142e-03 -3.938848593000976e-03
  6.900000000000000e+00 -4.814556200379444e+00 -1.964399236532578e+01  1.865511789198138e-03  3.058385004541808e-03  1.089050375912054e+01 -1.584710892113469e+01  7.163821296121142e-04 -3.700650530360505e-03
  7.000000000000000e+00 -3.632930242507911e+00 -2.123940257957219e+01  1.922021568667276e-03  2.700365107603631e-03  1.276452256032012e+01 -1.604148888823911e+01  4.205094673608301e-04 -3.459508640982989e-03
  7.100000000000001e+00 -2.257144279974195e+00 -2.284807859689342e+01  1.950901282327777e-03  2.366485551489550e-03  1.477372317399486e+01 -1.610948328016086e+01  1.632671937716879e-04 -3.218284530536408e-03
  7.200000000000000e+00 -6.736953790976546e-01 -2.445647979724488e+01  1.955861182931784e-03  2.056629106174324e-03  1.691758463271096e+01 -1.603285571400637e+01 -5.838677359371047e-05 -2.979420570103031e-03
  7.300000000000001e+00  1.130799652671528e+00 -2.604918363926927e+01  1.940311709375919e-03  1.770453686112616e-03  1.919420434195389e+01 -1.579220715098648e+01 -2.474037276520846e-04 -2.744977635789070e-03
  7.400000000000000e+00  3.169457311623700e+00 -2.760877052304843e+01  1.907373376081267e-03  1.507428691446933e-03  2.160012053480046e+01 -1.536700078771817e+01 -4.066285521737711e-04 -2.516670944178401e-03
  7.500000000000000e+00  5.454962184384361e+00 -2.911571186716797e+01  1.859888055115277e-03  1.266867863913390e-03  2.413012470970028e+01 -1.473560173258877e+01 -5.387874114592961e-04 -2.295903932441945e-03
  7.600000000000001e+00  7.999382494360614e+00 -3.054826296450831e+01  1.800431340015507e-03  1.047958852914199e-03  2.677706447247077e+01 -1.387533320002740e+01 -6.464783792594631e-04 -2.083800158391824e-03
  7.700000000000000e+00  1.081396547597425e+01 -3.188236235878616e+01  1.731325713510756e-03  8.497896914398950e-04  2.953163736025785e+01 -1.276255104117263e+01 -7.321646675393367e-04 -1.881233213541833e-03
  7.800000000000001e+00  1.390891171092547e+01 -3.309153966976501e+01  1.654654275910161e-03  6.713723794824489e-04  3.238217639879834e+01 -1.137273850925758e+01 -7.981701387862472e-04 -1.688854662400985e-03
  7.900000000000000e+00  1.729312764527714e+01 -3.414683398857354e+01  1.572274820357933e-03  5.116637706699123e-04  3.531442833556208e+01 -9.680623230408482e+00 -8.466768124328894e-04 -1.507120035068255e-03
  8.000000000000000e+00  2.097395561073025e+01 -3.501672516488149e+01  1.485834068496672e-03  3.695839561324021e-04  3.831132570089801e+01 -7.660318413649805e+00 -8.797240991711419e-04 -1.336312914858695e-03
  8.100000000000000e+00  2.495688079993353e+01 -3.566708051375509e+01  1.396781907118338e-03  2.440323317358661e-04  4.135275407770988e+01 -5.285490385745951e+00 -8.992095197841721e-04 -1.176567172592513e-03
  8.200000000000001e+00  2.924521479594637e+01 -3.606111968061985e+01  1.306385487549022e-03  1.339015330721338e-04  4.441531620789187e+01 -2.529554574918140e+00 -9.068906864531101e-04 -1.027887408028505e-03
  8.300000000000001e+00  3.383975543199858e+01 -3.615940061643589e+01  1.215743072304321e-03  3.808941234595409e-05  4.747209483107629e+01  6.340979098827829e-01 -9.043883451333445e-04 -8.901676671513314e-04
  8.400000000000000e+00  3.873842296143614e+01 -3.591982983023926e+01  1.125797532640860e-03 -4.449077288626313e-05  5.049241643834500e+01  4.231840953125373e+00 -8.931902979711914e-04 -7.632085092836860e-04
  8.500000000000000e+00  4.393587275118545e+01 -3.529770030065938e+01  1.037349416229461e-03 -1.149017987600587e-04  5.344161843041829e+01  8.289519225905977e+00 -8.746560394143899e-04 -6.467325017638359e-04
  8.600000000000000e+00  4.942308497717931e+01 -3.424576063964199e+01  9.510695215588783e-04 -1.741753878548025e-04  5.628082249624599e+01  1.283211700441963e+01 -8.500219618472471e-04 -5.403982240608229e-04
  8.700000000000001e+00  5.518693209890022e+01 -3.271431930784772e+01  8.675109294813410e-04 -2.233064519074901e-04  5.896671737343502e+01  1.788338798743523e+01 -8.204069976365247e-04 -4.438128639279171e-04
  8.800000000000001e+00  6.120972522438370e+01 -3.065138787920072e+01  7.871204533707044e-04 -2.632485267994866e-04  6.145135451584931e+01  2.346544418428239e+01 -7.868185819290829e-04 -3.565434895449471e-04
  8.900000000000000e+00  6.746874084848507e+01 -2.800286753863351e+01  7.102494808712834e-04 -2.949102722240582e-04  6.368196057502056e+01  2.959830207627258e+01 -7.501588335117049e-04 -2.781270831349048e-04
  9.000000000000000e+00  7.393572985761618e+01 -2.471278316867826e+01  6.371641910867254e-04 -3.191529161910012e-04  6.560077099939016e+01  3.629938442311411e+01 -7.112308638390630e-04 -2.080794171632760e-04
  9.100000000000000e+00  8.057641114504025e+01 -2.072356953327354e+01  5.680551375313314e-04 -3.367885330334275e-04  6.714488946719069e+01  4.358297629547428e+01 -6.707451353022975e-04 -1.459028581223265e-04
  9.200000000000001e+00  8.734995267350557e+01 -1.597641419671215e+01  5.030461952291176e-04 -3.485790509643039e-04  6.824617829290858e+01  5.145963416923627e+01 -6.293258026559556e-04 -9.109317547029150e-05
  9.300000000000001e+00  9.420844335762212e+01 -1.041166191736502e+01  4.422028778741094e-04 -3.552358946166123e-04  6.883118538125284e+01  5.993554722016476e+01 -5.875169787614709e-04 -4.314543644312607e-05
  9.400000000000000e+00  1.010963597177788e+02 -3.969285324602050e+00  3.855400334460413e-04 -3.574201739269256e-04  6.882111374342961e+01  6.901185031367766e+01 -5.457888739996974e-04 -1.559058503630695e-06
  9.500000000000000e+00  1.079500318810799e+02  3.410573282289831e+00  3.330289339054104e-04 -3.557433399521415e-04  6.813184003484142e+01  7.868388859732221e+01 -5.045437739070735e-04  3.415790300920207e-05
  9.600000000000001e+00  1.146971141729023e+02  1.178698418832780e+01  2.846037777679555e-04 -3.507682330052830e-04  6.667398901707352e+01  8.894043407751070e+01 -4.641218162930727e-04  6.448516863599707e-05
  9.700000000000001e+00  1.212560662549572e+02  2.121753180987304e+01  2.401676242413942e-04 -3.430104584083438e-04  6.435307128564060e+01  9.976285510117364e+01 -4.248065438048343e-04  8.988727814340791e-05
  9.800000000000001e+00  1.275356515214052e+02  3.175753089606822e+01  1.995977865263399e-04 -3.329400281444350e-04  6.106969203322303e+01  1.111242402713156e+02 -3.868302100613619e-04  1.108112089625024e-04
  9.900000000000000e+00  1.334344602623168e+02  4.345915293258401e+01  1.627507045540710e-04 -3.209832146779945e-04  5.671983903020022e+01  1.229884790069103e+02 -3.503788269654251e-04  1.276845000575122e-04
  1.000000000000000e+01  1.388404659416326e+02  5.637045855390667e+01  1.294663300015486e-04 -3.075245691093187e-04  5.119525839359951e+01  1.353093017159646e+02 -3.155969342572007e-04  1.409138377184149e-04
  1.010000000000000e+01  1.436306238121367e+02  7.053433210852775e+01  9.957204567712097e-05 -2.929090599224082e-04  4.438392707490215e+01  1.480292833894124e+02 -2.825920966955664e-04  1.508840421635682e-04
  1.020000000000000e+01  1.476705219994184e+02  8.598731494758518e+01  7.288615043421487e-05 -2.774442961026580e-04  3.617063131839612e+01  1.610788153460411e+02 -2.514391141232863e-04  1.579574130587957e-04
  1.030000000000000e+01  1.508140961261169e+02  1.027583345302520e+02  4.922093434345243e-05 -2.614027984577660e-04  2.643766061616066e+01  1.743750508677637e+02 -2.221839484661814e-04  1.624733871103956e-04
  1.040000000000000e+01  1.529034195117525e+02  1.208673270672429e+02  2.838538317462280e-05 -2.450242901659294e-04  1.506562690364418e+01  1.878208315626036e+02 -1.948473775712500e-04  1.647484639057950e-04
  1.050000000000000e+01  1.537685819660004e+02  1.403237521662382e+02  1.018752007553303e-05 -2.285179865566533e-04  1.934418890685539e+00  2.013036024816537e+02 -1.694283639892546e-04  1.650763660867582e-04
  1.060000000000000e+01  1.532276711870773e+02  1.611249988089193e+02 -5.563567682997927e-06 -2.120648548356030e-04 -1.307569850457839e+01  2.146943252971498e+02 -1.459071674503321e-04  1.637284025903796e-04
  1.070000000000000e+01  1.510868717735609e+02  1.832546829879178e+02 -1.905600200302615e-05 -1.958198309779391e-04 -3.008282966940923e+01  2.278464002221264e+02 -1.242481845054044e-04  1.609539899405377e-04
  1.080000000000000e+01  1.471406978477677e+02  2.066808384725432e+02 -3.047366152486575e-05 -1.799139761402557e-04 -4.920202892971342e+01  2.405946088174290e+02 -1.044025491978573e-04  1.569813159036926e-04
  1.090000000000000e+01  1.411723762607102e+02  2.313540034637577e+02 -3.999497420181797e-05 -1.644565631409023e-04 -7.054370671372985e+01  2.527540913877040e+02 -8.631048677898434e-05  1.520181169922807e-04
  1.100000000000000e+01  1.329543982901642e+02  2.572052073505193e+02 -4.779193372428381e-05 -1.495370775614902e-04 -9.421185202819076e+01  2.641193743117753e+02 -6.990344047608232e-05  1.462525399631431e-04
  1.110000000000000e+01  1.222492586405443e+02  2.841438633998554e+02 -5.402932143283579e-05 -1.352271316648057e-04 -1.203020625479245e+02  2.744634643806862e+02 -5.510599018521134e-05  1.398540775170432e-04
  1.120000000000000e+01  1.088104013904543e+02  3.120555750100626e+02 -5.886410306743528e-05 -1.215822800872957e-04 -1.488993743029028e+02  2.835370290233526e+02 -4.183755058306815e-05  1.329745426801310e-04
  1.130000000000000e+01  9.238339329376167e+01  3.407998651377952e+02 -6.244499201102371e-05 -1.086437362545212e-04 -1.800758838109901e+02  2.910676831783379e+02 -3.001389126211507e-05  1.257490881414469e-04
  1.140000000000000e+01  7.270734550379666e+01  3.702078406822409e+02 -6.491215640380688e-05 -9.643999284492111e-05 -2.138881565677440e+02  2.967594055121520e+02 -1.954847542151583e-05  1.182972359572432e-04
  1.150000000000000e+01  4.951660533700726e+01  4.000798059789872e+02 -6.639704110966704e-05 -8.498832286107927e-05 -2.503744170849355e+02  3.002921086791422e+02 -1.035362939205697e-05  1.107239139059857e-04
  1.160000000000000e+01  2.254274009947003e+01  4.301828421271518e+02 -6.702230717792190e-05 -7.429619852672431e-05 -2.895515171856842e+02  3.013213903528934e+02 -2.341553653195660e-06  1.031204935770802e-04
  1.170000000000000e+01 -8.483164757472695e+00  4.602483716491830e+02 -6.690187325375518e-05 -6.436258823416807e-05 -3.314116810352918e+02  2.994784938192088e+02  4.574793337042138e-06  9.556579965419587e-05
  1.180000000000000e+01 -4.382787083403610e+01  4.899697309652064e+02 -6.614101943114292e-05 -5.517916044084359e-05 -3.759190274324096e+02  2.943705089888938e+02  1.048096106615048e-05  8.812711632799619e-05
  1.190000000000000e+01 -8.375299317969872e+01  5.189997763525795e+02 -6.483657057287928e-05 -4.673139618205369e-05 -4.230058722242275e+02  2.855808467448555e+02  1.546038203059652e-05  8.086114797833943e-05
  1.200000000000000e+01 -1.285116261565394e+02  5.469485524542469e+02 -6.307713755404620e-05 -3.899959509112705e-05 -4.725688163611966e+02  2.726700215595579e+02  1.959385241434575e-05  7.381496482139482e-05
  1.210000000000000e+01 -1.783445677307985e+02  5.733810559918044e+02 -6.094340352547079e-05 -3.195979107317726e-05 -5.244646280900967e+02  2.551767792801821e+02  2.295911087912827e-05  6.702687744564173e-05
  1.220000000000000e+01 -2.334761221688056e+02  5.978151311233296e+02 -5.850844030419466e-05 -2.558459399892854e-05 -5.785059311170760e+02  2.326196088507782e+02  2.563051700121832e-05  6.052731077943463e-05
  1.230000000000000e+01 -2.941094624784330e+02  6.197195368517109e+02 -5.583806574804839e-05 -1.984392650911104e-05 -6.344567142719433e+02  2.044986784913138e+02  2.767880599208183e-05  5.433961661083231e-05
  1.240000000000000e+01 -3.604215356912288e+02  6.385122310222857e+02 -5.299121477264634e-05 -1.470570134642912e-05 -6.920276822873025e+02  1.702982384469683e+02  2.917089926768313e-05  4.848082517128205e-05
  1.250000000000000e+01 -4.325574962623392e+02  6.535589197316423e+02 -5.002032060019701e-05 -1.013641019653733e-05 -7.508714717855686e+02  1.294895338181141e+02  3.016978503467271e-05  4.296237511880463e-05
  1.260000000000000e+01 -5.106246555156500e+02  6.641719253805030e+02 -4.697172414580564e-05 -6.101660233071016e-06 -8.105777614559070e+02  8.153427213890552e+01  3.073446370649435e-05  3.779077860599500e-05
  1.270000000000000e+01 -5.946859382216368e+02  6.696094311165847e+02 -4.388606544125651e-05 -2.566614341503737e-06 -8.706683107116646e+02  2.588869124362496e+01  3.091993583126396e-05  3.296826105270156e-05
  1.280000000000000e+01 -6.847528411077191e+02  6.690751639969576e+02 -4.079867596828990e-05  5.035808499087580e-07 -9.305919668543268e+02 -3.799172650640610e+01  3.077719896182884e-05  2.849331610832451e-05
  1.290000000000000e+01 -7.807778924081616e+02  6.617185838172587e+02 -3.773998889755603e-05  3.143477897538105e-06 -9.897196869362239e+02 -1.106468474209844e+02  3.035338056633918e-05  2.436127624605433e-05
  1.300000000000000e+01 -8.826466165061360e+02  6.466356491651401e+02 -3.473592357750022e-05  5.387023293224047e-06 -1.047339627111196e+03 -1.926057411997331e+02  2.969170901678808e-05  2.056475989320461e-05
  1.310000000000000e+01 -9.901690133470612e+02  6.228702368090754e+02 -3.180824984383435e-05  7.267297974067333e-06 -1.102652359286201e+03 -2.843797520908982e+02  2.883175758938705e-05  1.709416903850070e-05
  1.320000000000000e+01 -1.103070568652308e+03  5.894162949765961e+02 -2.897497688536532e-05  8.816342074169370e-06 -1.154766282327498e+03 -3.864547428152476e+02  2.780947744440709e-05  1.393804950566846e-05
  1.330000000000000e+01 -1.220982818076604e+03  5.452208153463797e+02 -2.625068276529419e-05  1.006496427180537e-05 -1.202693302918436e+03 -4.992824696376980e+02  2.665742198360022e-05  1.108348169509554e-05
  1.340000000000000e+01 -1.343433496370281e+03  4.891877126074935e+02 -2.364684166877851e-05  1.104262696571823e-05 -1.245344869389805e+03 -6.232710497538073e+02  2.540484859991921e-05  8.516403681824158e-06
  1.350000000000000e+01 -1.469836311365621e+03  4.201827041499110e+02 -2.117218099328966e-05  1.177732838186785e-05 -1.281528450420629e+03 -7.587744857479810e+02  2.407795091130538e-05  6.221922831173288e-06
  1.360000000000000e+01 -1.599480392238703e+03  3.370392857587790e+02 -1.883295124116557e-05  1.229557551596372e-05 -1.309944559400644e+03 -9.060812163559452e+02  2.269996980430733e-05  4.184554882158409e-06
  1.370000000000000e+01 -1.731519472033197e+03  2.385659019976759e+02 -1.663320242073496e-05  1.262228147425049e-05 -1.329184434410847e+03 -1.065401668211033e+03  2.129141773821175e-05  2.388472921666107e-06
  1.380000000000000e+01 -1.864960875896125e+03  1.235544121820561e+02 -1.457508420799059e-05  1.278077525057597e-05 -1.337728493161672e+03 -1.236854789757681e+03  1.987025666494446e-05  8.177148629329167e-07
  1.390000000000000e+01 -1.998654398885106e+03 -9.210045646567968e+00 -1.265905090797048e-05  1.279280945709615e-05 -1.333945691765004e+03 -1.420453556165441e+03  1.845209339990106e-05 -5.436904757516459e-07
  1.400000000000000e+01 -2.131281170574873e+03 -1.609376896524853e+02 -1.088411903538145e-05  1.267850484509836e-05 -1.316093925831291e+03 -1.616089442962940e+03  1.705031718302052e-05 -1.711483719191165e-06
  1.410000000000000e+01 -2.261342618020675e+03 -3.328211252212114e+02 -9.248065907740965e-06  1.245644057235040e-05 -1.282321621989352e+03 -1.823515876322644e+03  1.567629760756972e-05 -2.701144921957166e-06
  1.420000000000000e+01 -2.387149653922127e+03 -5.260206705985835e+02 -7.747634469978948e-06  1.214370513480389e-05 -1.230670677424176e+03 -2.042330679555753e+03  1.433953866580850e-05 -3.527746912368457e-06
  1.430000000000000e+01 -2.506812233056967e+03 -7.416478782931034e+02 -6.378650596161606e-06  1.175586294266395e-05 -1.159080914303789e+03 -2.271957548509350e+03  1.304794295720058e-05 -4.205749519314850e-06
  1.440000000000000e+01 -2.618229437190736e+03 -9.807471573732367e+02 -5.136330287314195e-06  1.130704004026484e-05 -1.065396224891920e+03 -2.511626603282262e+03  1.180775484499463e-05 -4.749182267005381e-06
  1.450000000000000e+01 -2.719080266674734e+03 -1.244275407338043e+03 -4.015219360553601e-06  1.081005211744923e-05 -9.473725915762629e+02 -2.760354080073683e+03  1.062396449924563e-05 -5.171385737412493e-06
  1.460000000000000e+01 -2.806815335762655e+03 -1.533079581514323e+03 -3.009521606145427e-06  1.027639154926874e-05 -8.026881738229357e+02 -3.016921245128747e+03  9.500277883489616e-06 -5.485009864969470e-06
  1.470000000000000e+01 -2.878649688232680e+03 -1.847872107112150e+03 -2.113078608090291e-06  9.716279237181880e-06 -6.289556610211528e+02 -3.279852632716515e+03  8.439236353297019e-06 -5.702047076283634e-06
  1.480000000000000e+01 -2.931556970104301e+03 -2.189204100341842e+03 -1.319518105447059e-06  9.138835139310686e-06 -4.237370961141084e+02 -3.547393730933291e+03  7.442547484970419e-06 -5.833648685893422e-06
  1.490000000000000e+01 -2.962265216974762e+03 -2.557436328547587e+03 -6.224120170372771e-07  8.552003691875143e-06 -1.845613796130543e+02 -3.817488262918903e+03  6.511020728794392e-06 -5.890492758453547e-06
  1.500000000000000e+01 -2.967254534635127e+03 -2.952707887344114e+03 -1.513126335339621e-08  7.962896233948413e-06  9.105533316976435e+01 -4.087755236846420e+03  5.644679731631186e-06 -5.882213798713565e-06
  1.510000000000000e+01 -2.942756973001015e+03 -3.374902579450602e+03  5.086826604383532e-07  7.377451765933074e-06  4.055861273036629e+02 -4.355465965822545e+03  4.842874204769032e-06 -5.818013050884474e-06
  1.520000000000000e+01 -2.884758914825296e+03 -3.823613003502717e+03  9.555469659972005e-07  6.800891696912004e-06  7.614665019191283e+02 -4.617521288626221e+03  4.104566414753208e-06 -5.706119054593728e-06
  1.530000000000000e+01 -2.789006321936018e+03 -4.298102385789507e+03  1.331699422735255e-06  6.237540219444782e-06  1.161064011176009e+03 -4.870429254005340e+03  3.428133823035751e-06 -5.554218205361394e-06
  1.540000000000000e+01 -2.651013202623038e+03 -4.797264215805319e+03  1.643169071030570e-06  5.691115802619606e-06  1.606644166589371e+03 -5.110283565014660e+03  2.811566446325742e-06 -5.369343398342608e-06
  1.550000000000000e+01 -2.466073684006521e+03 -5.319579777924257e+03  1.895940840768162e-06  5.164598405826837e-06  2.100332402951008e+03 -5.332743115554759e+03  2.252547346870415e-06 -5.157926352694631e-06
  1.560000000000000e+01 -2.229278092455082e+03 -5.863073706580110e+03  2.095478521368932e-06  4.660225158659159e-06  2.644071921486581e+03 -5.533012988773970e+03  1.748606337059755e-06 -4.925511348119471e-06
  1.570000000000000e+01 -1.935533463039662e+03 -6.425267731248572e+03  2.247388692921959e-06  4.180043788437615e-06  3.239577238880870e+03 -5.705827326209494e+03  1.297123162657954e-06 -4.677285687648691e-06
  1.580000000000000e+01 -1.579588915231731e+03 -7.003132820442195e+03  2.356644472456537e-06  3.725204578586272e-06  3.888283289761324e+03 -5.845434517315247e+03  8.951465133577585e-07 -4.417835498315981e-06
  1.590000000000000e+01 -1.156066346169049e+03 -7.593039980989714e+03  2.428037987556309e-06  3.296626005067083e-06  4.591289953541696e+03 -5.945585201162292e+03  5.398378561949357e-07 -4.151379926042864e-06
  1.600000000000000e+01 -6.594969043585317e+02 -8.190710020205580e+03  2.465965735609643e-06  2.894981662393548e-06  5.349301904593336e+03 -5.999523615372099e+03  2.279912223457359e-07 -3.881260454363655e-06
  1.610000000000000e+01 -8.436371517402772e+01 -8.791162634261562e+03  2.474964276188985e-06  2.520480478551690e-06  6.162563717942178e+03 -5.999982871472560e+03 -4.309094947529957e-08 -3.610640305851121e-06
  1.620000000000000e+01  5.748486656070860e+02 -9.388665246222163e+03  2.458681592543144e-06  2.172799952404603e-06  7.030790201504254e+03 -5.939184780524199e+03 -2.765063982224092e-07 -3.342155650898349e-06
  1.630000000000000e+01  1.323597593274062e+03 -9.976682081830346e+03  2.420771124889143e-06  1.851973820521380e-06  7.953091970692137e+03 -5.808844897666514e+03 -4.752400855068117e-07 -3.078267582168337e-06
  1.640000000000000e+01  2.167217997795939e+03 -1.054782404022487e+04  2.364720785408281e-06  1.556967163196532e-06  8.927896332472252e+03 -5.600183498741401e+03 -6.420277713914402e-07 -2.820837835315615e-06
  1.650000000000000e+01  3.110849906267179e+03 -1.109379999028086e+04  2.293385477969423e-06  1.287493887502933e-06  9.952863604045764e+03 -5.303943245860451e+03 -7.796170393703505e-07 -2.571563527453691e-06
  1.660000000000000e+01  4.159357376599745e+03 -1.160537020108378e+04  2.209606464020908e-06  1.042250460159266e-06  1.102479905667998e+04 -4.910414341125198e+03 -8.908828021958470e-07 -2.331464202143252e-06
  1.670000000000000e+01  5.317238417509876e+03 -1.207230269700135e+04  2.116075847879983e-06  8.208662620745599e-07  1.213956074821073e+04 -4.409468008050510e+03 -9.781142580322921e-07 -2.101827703882009e-06
  1.680000000000000e+01  6.588525500186597e+03 -1.248333341368537e+04  2.014650817727670e-06  6.217242116690613e-07  1.329196358876956e+04 -3.790599177865030e+03 -1.044151758833323e-06 -1.883181539596990e-06
  1.690000000000000e+01  7.976676305879247e+03 -1.282613112078564e+04  1.907765181385912e-06  4.436978997546248e-07  1.447568007368204e+04 -3.042979291982645e+03 -1.091017566068331e-06 -1.676877218415029e-06
  1.700000000000000e+01  9.484454401869409e+03 -1.308726816981931e+04  1.797250661184080e-06  2.857623258023523e-07  1.568313821556528e+04 -2.155520161691783e+03 -1.120584329328267e-06 -1.482212610426359e-06
  1.710000000000000e+01  1.111379959677057e+04 -1.325219822101253e+04  1.684195012785494e-06  1.468615664634854e-07  1.690541731468439e+04 -1.116949850530737e+03 -1.135629759119183e-06 -1.299862560699694e-06
  1.720000000000000e+01  1.286568779573583e+04 -1.330524220043794e+04  1.570386302773841e-06  2.543492882978171e-08  1.813214232282328e+04  8.409843711200669e+01 -1.137629141112484e-06 -1.130136297433637e-06
  1.730000000000000e+01  1.473998025787971e+04 -1.322958383772270e+04  1.457057805964723e-06 -7.956805347930640e-08  1.935137768143334e+04  1.458983467051671e+03 -1.128001258621225e-06 -9.725190466269851e-07
  1.740000000000000e+01  1.673526225296131e+04 -1.300727623418717e+04  1.344955308013596e-06 -1.692460500635207e-07  2.054952164973690e+04  3.018938090009113e+03 -1.109058302972699e-06 -8.278002496808767e-07
  1.750000000000000e+01  1.884867122308186e+04 -1.261926101055488e+04  1.235423042089678e-06 -2.456072252243757e-07  2.171120228274421e+04  4.774935372065805e+03 -1.081830760085722e-06 -6.941445462871343e-07
  1.760000000000000e+01  2.107571467874581e+04 -1.204540168129433e+04  1.128799340222031e-06 -3.090026439167559e-07  2.281917637272145e+04  6.737537772474721e+03 -1.048482772603165e-06 -5.726069502998143e-07
  1.770000000000000e+01  2.341007819804757e+04 -1.126453299798370e+04  1.026184690999798e-06 -3.601016942411661e-07  2.385423283027183e+04  8.916728432799246e+03 -1.008236722555012e-06 -4.620596882887185e-07
  1.780000000000000e+01  2.584342405385702e+04 -1.025452809548368e+04  9.271925591747276e-07 -4.016146704088897e-07  2.479510215254474e+04  1.132172368814654e+04 -9.653340384829789e-07 -3.626992111094296e-07
  1.790000000000000e+01  2.836518116754180e+04 -8.992385360621020e+03  8.334609447047114e-07 -4.331559466663748e-07  2.561837380566310e+04  1.396076597413405e+04 -9.181367204291746e-07 -2.726883394643664e-07
  1.800000000000000e+01  3.096232727977386e+04 -7.454337021846180e+03  7.441631169058383e-07 -4.563371476251632e-07  2.629842353563271e+04  1.684089638388956e+04 -8.688512025400996e-07 -1.921980583574623e-07
  1.810000000000000e+01  3.361916444003419e+04 -5.615981528055740e+03  6.593318175873719e-07 -4.716130206361413e-07  2.680735281594279e+04  1.996770622964903e+04 -8.178994903573766e-07 -1.214830263052136e-07
  1.820000000000000e+01  3.631708914719721e+04 -3.452441843414067e+03  5.801848601549864e-07 -4.808716767001897e-07  2.711494283977340e+04  2.334506708519674e+04 -7.651833584532142e-07 -5.833135219290853e-08
  1.830000000000000e+01  3.903435872454744e+04 -9.385518303391427e+02  5.062928494226071e-07 -4.840112524107099e-07  2.718862566900361e+04  2.697483893044862e+04 -7.128728611860424e-07 -4.649336915463209e-09
  1.840000000000000e+01  4.174585578414957e+04  1.950927077614713e+03  4.382759470900055e-07 -4.814501153305173e-07  2.699347535958998e+04  3.085655618979538e+04 -6.625341484323144e-07  4.229514161124825e-08
  1.850000000000000e+01  4.442285292788752e+04  5.241056700049480e+03  3.747782102436759e-07 -4.751636879518628e-07  2.649222209170227e+04  3.498709165343176e+04 -6.094815034884959e-07  8.171264198608696e-08
  1.860000000000000e+01  4.703278014575365e+04  8.956438228272596e+03  3.151235432596877e-07 -4.663961590267718e-07  2.564529254129200e+04  3.936029849772115e+04 -5.594265530817211e-07  1.162516127806157e-07
  1.870000000000000e+01  4.953899770594735e+04  1.312089146942963e+04  2.609613147797063e-07 -4.527100827544928e-07  2.441087993530916e+04  4.396663087869504e+04 -5.105466698296368e-07  1.443258952349424e-07
  1.880000000000000e+01  5.190057768563308e+04  1.775709510922481e+04  2.128308551618829e-07 -4.370667738839984e-07  2.274504743303348e+04  4.879274386398419e+04 -4.650064511224627e-07  1.670850906521082e-07
  1.890000000000000e+01  5.407209766513771e+04  2.288618597878096e+04  1.686348696239293e-07 -4.195680958218873e-07  2.060186866810541e+04  5.382107379469160e+04 -4.197790985926986e-07  1.848293322836980e-07
  1.900000000000000e+01  5.600345050097368e+04  2.852731543817780e+04  1.282933226320893e-07 -4.003450158052146e-07  1.793360946661123e+04  5.902940053176799e+04 -3.778550308197737e-07  1.980006345547736e-07
  1.910000000000000e+01  5.763967450305520e+04  3.469716115441443e+04  9.395807865075767e-08 -3.800378181040287e-07  1.469095492250686e+04  6.439039344299347e+04 -3.355162334628403e-07  2.076922100968659e-07
  1.920000000000000e+01  5.892080876710565e+04  4.140939275888415e+04  6.000118446536362e-08 -3.615568857640028e-07  1.082328615874070e+04  6.987114342823917e+04 -2.963497536256909e-07  2.116976247634739e-07
  1.930000000000000e+01  5.978177885254494e+04  4.867409012303034e+04  3.472814569249749e-08 -3.361783456057310e-07  6.279011226530702e+03  7.543268376363257e+04 -2.636079443618655e-07  2.164570105378516e-07
  1.940000000000000e+01  6.015231844641269e+04  5.649711329481167e+04  9.596988093107939e-09 -3.159657353535295e-07  1.005954691388175e+03  8.102950307065938e+04 -2.276137820445001e-07  2.176411726395600e-07
  1.950000000000000e+01  5.995693311223466e+04  6.487942349727973e+04 -1.130683813244104e-08 -2.942979335784912e-07 -5.048189482026656e+03  8.660905428495815e+04 -1.996959326788783e-07  2.198880793002900e-07
  1.960000000000000e+01  5.911491268552995e+04  7.381635500833852e+04 -3.091554390266538e-08 -2.719752956181765e-07 -1.193533710932519e+04  9.211126411211316e+04 -1.652661012485623e-07  2.166543708881363e-07
  1.970000000000000e+01  5.754039934077561e+04  8.329683822188672e+04 -4.604225978255272e-08 -2.492597559466958e-07 -1.970642041245263e+04  9.746804811418963e+04 -1.409935066476464e-07  2.103406586684287e-07
  1.980000000000000e+01  5.514251881333788e+04  9.330257473963413e+04 -5.889160092920065e-08 -2.312444848939776e-07 -2.841071754492098e+04  1.026028372709173e+05 -1.160660758614540e-07  1.977350621018559e-07
  1.990000000000000e+01  5.182558270880751e+04  1.038071659639931e+05 -7.147900760173798e-08 -2.102533471770585e-07 -3.809510059615734e+04  1.074301226022506e+05 -9.639188647270203e-08  1.984408299904317e-07
  2.000000000000000e+01  4.748937026506240e+04  1.147751973600662e+05 -7.727066986262798e-08 -1.854423317126930e-07 -4.880319784716854e+04  1.118550252234984e+05 -7.433118298649788e-08  1.847438397817314e-07



Print Kelvin functions computed by series expansions
                      x                 ber(x)                 bei(x)                 ker(x)                 kei(x)                ber'(x)                bei'(x)                ker'(x)                kei'(x)
  0.000000000000000e+00  1.000000000000000e+00  0.000000000000000e+00                    inf -7.853981633974483e-01  0.000000000000000e+00  0.000000000000000e+00                   -inf  0.000000000000000e+00
  1.000000000000000e-01  9.999984375000678e-01  2.499999565972230e-03  2.420473981038171e+00 -7.768506465366610e-01 -6.249999457465286e-05  4.999997395833402e-02 -9.960959394547498e+00  1.459748114285962e-01
  2.000000000000000e-01  9.999750000173611e-01  9.999972222229168e-03  1.733142753740298e+00 -7.581249330289003e-01 -4.999993055556716e-04  9.999916666701389e-02 -4.922948520314370e+00  2.229268146501462e-01
  3.000000000000000e-01  9.998734379449461e-01  2.249968359415046e-02  1.337218637529977e+00 -7.331019122948635e-01 -1.687488134775637e-03  1.499936718883484e-01 -3.219865253553937e+00  2.742920987316977e-01
  4.000000000000000e-01  9.996000044444366e-01  3.999822222933333e-02  1.062623902758522e+00 -7.038002120188943e-01 -3.999911111348150e-03  1.999733335111109e-01 -2.352069934295681e+00  3.095140025477275e-01
  5.000000000000000e-01  9.990234639908382e-01  6.249321838219946e-02  8.559058721186341e-01 -6.715816950943675e-01 -7.812076147507734e-03  2.499186211162102e-01 -1.819799753317353e+00  3.332037916033298e-01
  6.000000000000001e-01  9.979751139052248e-01  8.997975041006064e-02  6.931206956251799e-01 -6.374494946680870e-01 -1.349848127050306e-02  2.997975068343312e-01 -1.456538550745297e+00  3.481644251101693e-01
  7.000000000000001e-01  9.962488284440701e-01  1.224489389816138e-01  5.613782741893036e-01 -6.021754516183127e-01 -2.143303210501857e-02  3.495623450745486e-01 -1.190943319596515e+00  3.563094756288267e-01
  8.000000000000000e-01  9.936011377454146e-01  1.598862295038944e-01  4.528820936210822e-01 -5.663676507239712e-01 -3.198862270766881e-02  3.991467576870396e-01 -9.873351336409247e-01  3.590424956238216e-01
  9.000000000000000e-01  9.897513566595940e-01  2.022693634894704e-01  3.625148125931238e-01 -5.305111223831840e-01 -4.553655250586122e-02  4.484625283527837e-01 -8.258686530748763e-01  3.574431915683954e-01
  1.000000000000000e+00  9.843817812130869e-01  2.495660400366597e-01  2.867062087283160e-01 -4.949946365187199e-01 -6.244575217903096e-02  4.973965114680973e-01 -6.946038911006907e-01  3.523699133361705e-01
  1.100000000000000e+00  9.771379731639943e-01  3.017312692062659e-01  2.228445133359789e-01 -4.601295283096283e-01 -8.308179145443223e-02  5.458075625111568e-01 -5.859052784663217e-01  3.445209977585600e-01
  1.200000000000000e+00  9.676291558011335e-01  3.587044198731508e-01  1.689455928261560e-01 -4.261636043061006e-01 -1.078056419880863e-01  5.935234988400938e-01 -4.946432457759998e-01  3.344739427309463e-01
  1.300000000000000e+00  9.554287468084007e-01  4.204059656341002e-01  1.234553955570619e-01 -3.932918265292535e-01 -1.369721687821215e-01  6.403381020759297e-01 -4.172273731050196e-01  3.227117729450757e-01
  1.400000000000000e+00  9.400750566527247e-01  4.867339335889082e-01  8.512604832174159e-02 -3.616647814695226e-01 -1.709283239727892e-01  6.860081756659214e-01 -3.510550584539541e-01  3.096415839299580e-01
  1.500000000000000e+00  9.210721835462558e-01  5.575600623030867e-01  5.293491548771045e-02 -3.313955623385586e-01 -2.100110173312884e-01  7.302506739002735e-01 -2.941815969316025e-01  2.956080872607113e-01
  1.600000000000000e+00  8.978911385677053e-01  6.327256770313981e-01  2.602986155897941e-02 -3.025654735968739e-01 -2.545446384767075e-01  7.727399215628535e-01 -2.451146495362923e-01  2.809038356833873e-01
  1.700000000000000e+00  8.699712369877574e-01  7.120372923542193e-01  3.691104415071367e-03 -2.752288337950846e-01 -3.048382066335363e-01  8.131049465284601e-01 -2.026817610828958e-01  2.657771681482439e-01
  1.800000000000000e+00  8.367217942101608e-01  7.952619547756584e-01 -1.469608680203494e-02 -2.494170690216646e-01 -3.611821248040071e-01  8.509269509675146e-01 -1.659424224725158e-01  2.504385416320249e-01
  1.900000000000000e+00  7.975241669915218e-01  8.821223405745094e-01 -2.966140693732955e-02 -2.251422347880100e-01 -4.238445164986483e-01  8.857369503741903e-01 -1.341281881327828e-01  2.350656902129619e-01
  2.000000000000000e+00  7.517341827138083e-01  9.722916273066612e-01 -4.166451399150961e-02 -2.024000677647044e-01 -4.930671247094391e-01  9.170136133840363e-01 -1.066009658810526e-01  2.198079099196055e-01
  2.100000000000000e+00  6.986850014256354e-01  1.065388160849287e+00 -5.110650034423470e-02 -1.811726438301130e-01 -5.690607546531495e-01  9.441813392778269e-01 -8.282337000027717e-02  2.047896763600591e-01
  2.200000000000000e+00  6.376904571095526e-01  1.160969943770222e+00 -5.833883411837104e-02 -1.614307014170402e-01 -6.520002439938249e-01  9.666086141624914e-01 -6.233725697368964e-02  1.901137416828194e-01
  2.300000000000000e+00  5.680489261370959e-01  1.258528975115817e+00 -6.367045393363757e-02 -1.431356766578192e-01 -7.420189468103409e-01  9.836066910572893e-01 -4.474791900743280e-02  1.758638166243445e-01
  2.400000000000000e+00  4.890477721018258e-01  1.357485476450274e+00 -6.737349336152865e-02 -1.262414877404730e-01 -8.392027205462779e-01  9.944286434701106e-01 -2.971225706999703e-02  1.621069153482178e-01
  2.500000000000000e+00  3.999684171295314e-01  1.457182044159804e+00 -6.968797258904513e-02 -1.106960991556751e-01 -9.435834086048129e-01  9.982688464973242e-01 -1.692979643352932e-02  1.488954211709617e-01
  2.600000000000000e+00  3.000920903067877e-01  1.556877773663311e+00 -7.082569999026034e-02 -9.644289143933313e-02 -1.055131815171539e+00  9.942629439890699e-01 -6.135761131724315e-03  1.362689173548539e-01
  2.700000000000000e+00  1.887063039926082e-01  1.655742407252085e+00 -7.097356048532877e-02 -8.342185812487357e-02 -1.173750173304145e+00  9.814883648539675e-01  2.904341025279145e-03  1.242558171403610e-01
  2.800000000000000e+00  6.511210842734617e-02  1.752850563814438e+00 -7.029632119978690e-02 -7.157064858527490e-02 -1.299264112361119e+00  9.589654560914228e-01  1.039901195709214e-02  1.128748199031639e-01
  2.900000000000000e+00 -7.136782583144539e-02  1.847176115683254e+00 -6.893905184108440e-02 -6.082547303824321e-02 -1.431414136492964e+00  9.256593045893651e-01  1.653421485909490e-02  1.021362149516203e-01
  3.000000000000000e+00 -2.213802495986939e-01  1.937586785266043e+00 -6.702923330379873e-02 -5.112188404598669e-02 -1.569846632229404e+00  8.804823240578614e-01  2.147618686773334e-02  9.204305048030381e-02
  3.100000000000000e+00 -3.855314549772818e-01  2.022839041963734e+00 -6.467861056146007e-02 -4.239544724706473e-02 -1.714104430203820e+00  8.222976876260458e-01  2.537376189832818e-02  8.259218218184694e-02
  3.200000000000000e+00 -5.643764304845672e-01  2.101573388135251e+00 -6.198483303536673e-02 -3.458231272748513e-02 -1.863616953799321e+00  7.499236905461452e-01  2.836031407172890e-02  7.377521372356299e-02
  3.300000000000000e+00 -7.584070120727856e-01  2.172310131492460e+00 -5.903291605972516e-02 -2.761969730975300e-02 -2.017689996014582e+00  6.621391310522411e-01  3.055540421821978e-02  6.557933952585748e-02
  3.400000000000000e+00 -9.680389953149772e-01  2.233445750279041e+00 -5.589654988540604e-02 -2.144628706674223e-02 -2.175495175164222e+00  5.576898006337880e-01  3.206619156347229e-02  5.798809889846201e-02
  3.500000000000000e+00 -1.193598179589928e+00  2.283249966853914e+00 -5.263927724224149e-02 -1.600256851827031e-02 -2.336059130176373e+00  4.352961777184313e-01  3.298865769334292e-02  5.098204949828022e-02
  3.600000000000000e+00 -1.435305321718848e+00  2.319863654812664e+00 -4.931555635426821e-02 -1.123109621733742e-02 -2.498252527253529e+00  2.936624209212458e-01  3.340867875685874e-02  4.453936719615514e-02
  3.700000000000000e+00 -1.693259984269600e+00  2.341297714476542e+00 -4.597172314251141e-02 -7.076703761047076e-03 -2.660778961539917e+00  1.314867595061735e-01  3.340297354282704e-02  3.863637872552683e-02
  3.800000000000000e+00 -1.967423272739420e+00  2.345433061385530e+00 -4.264686391407269e-02 -3.486664654515748e-03 -2.822163850202122e+00 -5.252662058986659e-02  3.303994880532762e-02  3.324803289406253e-02
  3.900000000000000e+00 -2.257599466142989e+00  2.330021882265075e+00 -3.937360794638245e-02 -4.108089034755569e-04 -2.980743426984013e+00 -2.596540970171706e-01  3.238045847846269e-02  2.834831564056417e-02
  4.000000000000000e+00 -2.563416557258580e+00  2.292690322699300e+00 -3.617884789954662e-02  2.198399294972564e-03 -3.134653962838644e+00 -4.911374406307224e-01  3.147848982210777e-02  2.391061379170489e-02
  4.100000000000001e+00 -2.884305732008854e+00  2.230942780326965e+00 -3.308439482901671e-02  4.385817860431462e-03 -3.281821352655359e+00 -7.481668599270653e-01  3.038178679328107e-02  1.990803200024205e-02
  4.200000000000000e+00 -3.219479832260940e+00  2.142167986657022e+00 -3.010757365119332e-02  6.193612664429970e-03 -3.419951224365310e+00 -1.031862169457357e+00  2.913241883280537e-02  1.631366701582326e-02
  4.300000000000000e+00 -3.567910862806221e+00  2.023647069440172e+00 -2.726176418012560e-02  7.661268821104184e-03 -3.546519743786750e+00 -1.343251996524242e+00  2.776730163861774e-02  1.310084314249726e-02
  4.400000000000000e+00 -3.928306621502091e+00  1.872563795777954e+00 -2.455689226132240e-02  8.825623733349275e-03 -3.658765306412033e+00 -1.683250947234397e+00  2.631867524935849e-02  1.024331246638432e-02
  4.500000000000000e+00 -4.299086551599757e+00  1.686017203632139e+00 -2.199987504667367e-02  9.720918540153001e-03 -3.753681325876356e+00 -2.052634661521485e+00  2.481454379717163e-02  7.715423187876436e-03
  4.600000000000001e+00 -4.678356937208982e+00  1.461036835928036e+00 -1.959502405749380e-02  1.037886493259910e-02 -3.828010348001322e+00 -2.452012697246150e+00  2.327908054117689e-02  5.492259161226531e-03
  4.700000000000000e+00 -5.063885586719505e+00  1.194600796822301e+00 -1.734440935187953e-02  1.082872460532158e-02 -3.878239738974239e+00 -2.881799196097255e+00  2.173300121213684e-02  3.549753527657629e-03
  4.800000000000001e+00 -5.453076174855461e+00  8.836568537071525e-01 -1.524818783297610e-02  1.109739888851635e-02 -3.900599216286406e+00 -3.342181298942928e+00  2.019390824650902e-02  1.864779124357341e-03
  4.900000000000000e+00 -5.842942441915631e+00  5.251468109088263e-01 -1.330489849548228e-02  1.120952636417449e-02 -3.891060511368370e+00 -3.833085295695017e+00  1.867660813437011e-02  4.152181589152093e-04
  5.000000000000000e+00 -6.230082478666358e+00  1.160343815502013e-01 -1.151172719949108e-02  1.118758650986873e-02 -3.845339473262155e+00 -4.354140514843110e+00  1.719340382839407e-02 -8.199865436262499e-04
  5.100000000000001e+00 -6.610653357304573e+00 -3.466632175912504e-01 -9.864743377602569e-03  1.105200763553427e-02 -3.758900942969480e+00 -4.904640980770806e+00  1.575436394225216e-02 -1.860796587279001e-03
  5.200000000000000e+00 -6.980346402874879e+00 -8.658397274844307e-01 -8.359110917308676e-03  1.082127758358720e-02 -3.626966748093775e+00 -5.483504892972974e+00  1.436757029317093e-02 -2.726057375579849e-03
  5.300000000000001e+00 -7.334363435462961e+00 -1.444260150604924e+00 -6.989275312495602e-03  1.051205585200776e-02 -3.444527186806984e+00 -6.089232010530595e+00  1.303934520422168e-02 -3.433489992934913e-03
  5.400000000000000e+00 -7.667394351327401e+00 -2.084516693093666e+00 -5.749129041864087e-03  1.013928597374836e-02 -3.206356388743844e+00 -6.719859057845063e+00  1.177445986955572e-02 -3.999693931535209e-03
  5.500000000000000e+00 -7.973596450774417e+00 -2.788980154734066e+00 -4.632157007097071e-03  9.716307145215985e-03 -2.907031957848944e+00 -7.372913303855356e+00  1.057632499291827e-02 -4.440159139434741e-03
  5.600000000000001e+00 -8.246575961893123e+00 -3.559746593355735e+00 -3.631563745839728e-03  9.254964242418673e-03 -2.540959318134711e+00 -8.045364506914970e+00  9.447164832962152e-03 -4.769285997890726e-03
  5.700000000000000e+00 -8.479372252085208e+00 -4.398579111649335e+00 -2.740384025161635e-03  8.765715496220849e-03 -2.102401197375641e+00 -8.733575461333732e+00  8.388175722870095e-03 -5.000411962179374e-03
  5.800000000000001e+00 -8.664445263435908e+00 -5.306844640335225e+00 -1.951578317001434e-03  8.257737218547945e-03 -1.585512695553990e+00 -9.433251429416380e+00  7.399670074760500e-03 -5.145843717962784e-03
  5.900000000000000e+00 -8.793666753132378e+00 -6.285445622573309e+00 -1.258114558744694e-03  7.739025080881312e-03 -9.843823939359881e-01 -1.013938879475685e+01  6.481206828643060e-03 -5.216893817061696e-03
  6.000000000000000e+00 -8.858315966045035e+00 -7.334746540847962e+00 -6.530375083508844e-04  7.216491544421721e-03 -2.930799665080795e-01 -1.084622332865128e+01  5.631709259610318e-03 -5.223920861006176e-03
  6.100000000000001e+00 -8.849080412899324e+00 -8.454495269728719e+00 -1.295269145602518e-04  6.696059129629894e-03  4.942892423853735e-01 -1.154717852181794e+01  4.849571014132081e-03 -5.176372398244422e-03
  6.200000000000000e+00 -8.756062473778361e+00 -9.643739286319299e+00  3.190543629250087e-04  6.182749291665068e-03  1.383522212553347e+00 -1.223481449816861e+01  4.132751206693541e-03 -5.082829792530053e-03
  6.300000000000001e+00 -8.568792592550301e+00 -1.090073682528471e+01  6.991212290952120e-04  5.680766738186627e-03  2.380248360068150e+00 -1.290077809613171e+01  3.478859369099752e-03 -4.951054404714217e-03
  6.400000000000000e+00 -8.276249872685952e+00 -1.222286312750625e+01  1.016835248401904e-03  5.193579087745981e-03  3.489851325072887e+00 -1.353575477590271e+01  2.885231008274758e-03 -4.788034509136896e-03
  6.500000000000000e+00 -7.866890928233047e+00 -1.360651200106259e+01  1.278080655989555e-03  4.723991821154350e-03  4.717382012265162e+00 -1.412942308786392e+01  2.348994492164636e-03 -4.600032438793367e-03
  6.600000000000001e+00 -7.328687884785472e+00 -1.504699299076164e+01  1.488446652448516e-03  4.274218525423201e-03  6.067462486862403e+00 -1.467041251807859e+01  1.867129948234236e-03 -4.392631520272694e-03
  6.700000000000000e+00 -6.649176463396272e+00 -1.653842453822046e+01  1.653215216427029e-03  3.845946470781847e-03  7.544180362380243e+00 -1.514626561097090e+01  1.436520824409371e-03 -4.170782421630825e-03
  6.800000000000001e+00 -5.815515114723387e+00 -1.807362360884783e+01  1.777353732128617e-03  3.440397595684708e-03  9.150973358564560e+00 -1.554340535672223e+01  1.053998728718142e-03 -3.938848592997424e-03
  6.900000000000000e+00 -4.814556200379444e+00 -1.964399236532578e+01  1.865511789198138e-03  3.058385004541808e-03  1.089050375912054e+01 -1.584710892113469e+01  7.163821296138906e-04 -3.700650530360505e-03
  7.000000000000000e+00 -3.632930242507905e+00 -2.123940257957220e+01  1.922021568663723e-03  2.700365107592528e-03  1.276452256032013e+01 -1.604148888823912e+01  4.205094673555010e-04 -3.459508640972331e-03
  7.100000000000001e+00 -2.257144279974199e+00 -2.284807859689342e+01  1.950901282324224e-03  2.366485551499764e-03  1.477372317399486e+01 -1.610948328016086e+01  1.632671937876751e-04 -3.218284530536408e-03
  7.200000000000000e+00 -6.736953790976546e-01 -2.445647979724488e+01  1.955861182931784e-03  2.056629106174324e-03  1.691758463271096e+01 -1.603285571400637e+01 -5.838677359371047e-05 -2.979420570099478e-03
  7.300000000000001e+00  1.130799652671519e+00 -2.604918363926927e+01  1.940311709383025e-03  1.770453686119833e-03  1.919420434195388e+01 -1.579220715098648e+01 -2.474037276485319e-04 -2.744977635826373e-03
  7.400000000000000e+00  3.169457311623703e+00 -2.760877052304843e+01  1.907373376081267e-03  1.507428691444268e-03  2.160012053480047e+01 -1.536700078771817e+01 -4.066285521933111e-04 -2.516670944185506e-03
  7.500000000000000e+00  5.454962184384360e+00 -2.911571186716797e+01  1.859888055115277e-03  1.266867863914278e-03  2.413012470970028e+01 -1.473560173258877e+01 -5.387874114575197e-04 -2.295903932438392e-03
  7.600000000000001e+00  7.999382494360604e+00 -3.054826296450830e+01  1.800431340022612e-03  1.047958852922193e-03  2.677706447247076e+01 -1.387533320002739e+01 -6.464783792452522e-04 -2.083800158395377e-03
  7.700000000000000e+00  1.081396547597426e+01 -3.188236235878617e+01  1.731325713503651e-03  8.497896914310132e-04  2.953163736025786e+01 -1.276255104117262e+01 -7.321646675499949e-04 -1.881233213584466e-03
  7.800000000000001e+00  1.390891171092546e+01 -3.309153966976501e+01  1.654654275910161e-03  6.713723795019888e-04  3.238217639879833e+01 -1.137273850925757e+01 -7.981701387791418e-04 -1.688854662386774e-03
  7.900000000000000e+00  1.729312764527713e+01 -3.414683398857354e+01  1.572274820343722e-03  5.116637706752414e-04  3.531442833556207e+01 -9.680623230408479e+00 -8.466768124151258e-04 -1.507120035054044e-03
  8.000000000000000e+00  2.097395561073024e+01 -3.501672516488150e+01  1.485834068493119e-03  3.695839561466130e-04  3.831132570089800e+01 -7.660318413649809e+00 -8.797240991595956e-04 -1.336312914851590e-03
  8.100000000000000e+00  2.495688079993353e+01 -3.566708051375509e+01  1.396781907118338e-03  2.440323317323134e-04  4.135275407770987e+01 -5.285490385745955e+00 -8.992095198152583e-04 -1.176567172578302e-03
  8.200000000000001e+00  2.924521479594640e+01 -3.606111968061987e+01  1.306385487524153e-03  1.339015330898974e-04  4.441531620789188e+01 -2.529554574918137e+00 -9.068906864790893e-04 -1.027887408056927e-03
  8.300000000000001e+00  3.383975543199856e+01 -3.615940061643589e+01  1.215743072304321e-03  3.808941237082308e-05  4.747209483107628e+01  6.340979098827900e-01 -9.043883451135271e-04 -8.901676671442260e-04
  8.400000000000000e+00  3.873842296143615e+01 -3.591982983023926e+01  1.125797532640860e-03 -4.449077289692127e-05  5.049241643834502e+01  4.231840953125373e+00 -8.931902980564566e-04 -7.632085092978969e-04
  8.500000000000000e+00  4.393587275118546e+01 -3.529770030065939e+01  1.037349416225908e-03 -1.149017987742695e-04  5.344161843041831e+01  8.289519225905984e+00 -8.746560394232716e-04 -6.467325017851522e-04
  8.600000000000000e+00  4.942308497717932e+01 -3.424576063964198e+01  9.510695215659837e-04 -1.741753878690133e-04  5.628082249624600e+01  1.283211700441965e+01 -8.500219617939564e-04 -5.403982240679284e-04
  8.700000000000001e+00  5.518693209890022e+01 -3.271431930784771e+01  8.675109294919991e-04 -2.233064519430172e-04  5.896671737343502e+01  1.788338798743523e+01 -8.204069976240902e-04 -4.438128638710737e-04
  8.800000000000001e+00  6.120972522438370e+01 -3.065138787920068e+01  7.871204534062315e-04 -2.632485267994866e-04  6.145135451584927e+01  2.346544418428240e+01 -7.868185819006612e-04 -3.565434894952091e-04
  8.900000000000000e+00  6.746874084848506e+01 -2.800286753863348e+01  7.102494809494431e-04 -2.949102722169528e-04  6.368196057502058e+01  2.959830207627263e+01 -7.501588334761777e-04 -2.781270830283233e-04
  9.000000000000000e+00  7.393572985761618e+01 -2.471278316867825e+01  6.371641910654091e-04 -3.191529161767903e-04  6.560077099939015e+01  3.629938442311412e+01 -7.112308638284048e-04 -2.080794171206435e-04
  9.100000000000000e+00  8.057641114504024e+01 -2.072356953327360e+01  5.680551374034337e-04 -3.367885330192166e-04  6.714488946719065e+01  4.358297629547423e+01 -6.707451352951921e-04 -1.459028580654831e-04
  9.200000000000001e+00  8.734995267350554e+01 -1.597641419671215e+01  5.030461952575394e-04 -3.485790509500930e-04  6.824617829290858e+01  5.145963416923627e+01 -6.293258026701665e-04 -9.109317547029150e-05
  9.300000000000001e+00  9.420844335762210e+01 -1.041166191736504e+01  4.422028778314768e-04 -3.552358947018774e-04  6.883118538125289e+01  5.993554722016472e+01 -5.875169788183143e-04 -4.314543635786094e-05
  9.400000000000000e+00  1.010963597177788e+02 -3.969285324602023e+00  3.855400335521786e-04 -3.574201739127147e-04  6.882111374342958e+01  6.901185031367770e+01 -5.457888738717998e-04 -1.559058453892703e-06
  9.500000000000000e+00  1.079500318810799e+02  3.410573282289875e+00  3.330289339400494e-04 -3.557433399947740e-04  6.813184003484142e+01  7.868388859732227e+01 -5.045437738075975e-04  3.415790289551524e-05
  9.600000000000001e+00  1.146971141729023e+02  1.178698418832782e+01  2.846037777874955e-04 -3.507682329910722e-04  6.667398901707352e+01  8.894043407751074e+01 -4.641218162646510e-04  6.448516874968391e-05
  9.700000000000001e+00  1.212560662549572e+02  2.121753180987312e+01  2.401676243088957e-04 -3.430104584225546e-04  6.435307128564061e+01  9.976285510117370e+01 -4.248065438190451e-04  8.988727812919706e-05
  9.800000000000001e+00  1.275356515214052e+02  3.175753089606819e+01  1.995977864410747e-04 -3.329400281444350e-04  6.106969203322311e+01  1.111242402713156e+02 -3.868302100897836e-04  1.108112087848667e-04
  9.900000000000000e+00  1.334344602623167e+02  4.345915293258403e+01  1.627507046251253e-04 -3.209832146779945e-04  5.671983903020021e+01  1.229884790069102e+02 -3.503788271217445e-04  1.276845000646176e-04
  1.000000000000000e+01  1.388404659416327e+02  5.637045855390673e+01  1.294663302147114e-04 -3.075245691377404e-04  5.119525839359962e+01  1.353093017159648e+02 -3.155969342003573e-04  1.409138375763064e-04
  1.010000000000000e+01  1.436306238121367e+02  7.053433210852782e+01  9.957204590449464e-05 -2.929090599224082e-04  4.438392707490212e+01  1.480292833894125e+02 -2.825920968376749e-04  1.508840420711977e-04
  1.020000000000000e+01  1.476705219994184e+02  8.598731494758530e+01  7.288615024947376e-05 -2.774442962163448e-04  3.617063131839611e+01  1.610788153460412e+02 -2.514391140095995e-04  1.579574130623485e-04
  1.030000000000000e+01  1.508140961261171e+02  1.027583345302519e+02  4.922093451398268e-05 -2.614027983440792e-04  2.643766061616077e+01  1.743750508677637e+02 -2.221839482388077e-04  1.624733869647343e-04
  1.040000000000000e+01  1.529034195117522e+02  1.208673270672429e+02  2.838538350147246e-05 -2.450242898532906e-04  1.506562690364401e+01  1.878208315626037e+02 -1.948473771165027e-04  1.647484640425745e-04
  1.050000000000000e+01  1.537685819660004e+02  1.403237521662381e+02  1.018751993342448e-05 -2.285179864429665e-04  1.934418890685532e+00  2.013036024816536e+02 -1.694283640745198e-04  1.650763666605215e-04
  1.060000000000000e+01  1.532276711870774e+02  1.611249988089192e+02 -5.563567398780833e-06 -2.120648545940185e-04 -1.307569850457837e+01  2.146943252971500e+02 -1.459071675924406e-04  1.637284026294594e-04
  1.070000000000000e+01  1.510868717735609e+02  1.832546829879178e+02 -1.905600203144786e-05 -1.958198310916259e-04 -3.008282966940924e+01  2.278464002221264e+02 -1.242481845338261e-04  1.609539900648826e-04
  1.080000000000000e+01  1.471406978477679e+02  2.066808384725428e+02 -3.047366104169669e-05 -1.799139758560386e-04 -4.920202892971334e+01  2.405946088174286e+02 -1.044025489420619e-04  1.569813162944911e-04
  1.090000000000000e+01  1.411723762607100e+02  2.313540034637578e+02 -3.999497440076993e-05 -1.644565624303596e-04 -7.054370671372999e+01  2.527540913877042e+02 -8.631048612528502e-05  1.520181165375334e-04
  1.100000000000000e+01  1.329543982901641e+02  2.572052073505194e+02 -4.779193403692261e-05 -1.495370773341165e-04 -9.421185202819127e+01  2.641193743117753e+02 -6.990344053292574e-05  1.462525409436921e-04
  1.110000000000000e+01  1.222492586405440e+02  2.841438633998554e+02 -5.402932129072724e-05 -1.352271319632337e-04 -1.203020625479247e+02  2.744634643806862e+02 -5.510598921887322e-05  1.398540779291579e-04
  1.120000000000000e+01  1.088104013904541e+02  3.120555750100628e+02 -5.886410241373596e-05 -1.215822798883437e-04 -1.488993743029029e+02  2.835370290233530e+02 -4.183755015674251e-05  1.329745420548534e-04
  1.130000000000000e+01  9.238339329376156e+01  3.407998651377953e+02 -6.244499189733688e-05 -1.086437362829429e-04 -1.800758838109902e+02  2.910676831783380e+02 -3.001389134738019e-05  1.257490884540857e-04
  1.140000000000000e+01  7.270734550379687e+01  3.702078406822408e+02 -6.491215737014500e-05 -9.643999290176453e-05 -2.138881565677442e+02  2.967594055121519e+02 -1.954847536467241e-05  1.182972363551471e-04
  1.150000000000000e+01  4.951660533700687e+01  4.000798059789874e+02 -6.639704059807627e-05 -8.498832323766692e-05 -2.503744170849358e+02  3.002921086791425e+02 -1.035362856782740e-05  1.107239147017935e-04
  1.160000000000000e+01  2.254274009947046e+01  4.301828421271519e+02 -6.702230734845216e-05 -7.429619875054527e-05 -2.895515171856837e+02  3.013213903528936e+02 -2.341553795304208e-06  1.031204934349716e-04
  1.170000000000000e+01 -8.483164757472496e+00  4.602483716491824e+02 -6.690187382218937e-05 -6.436258907260850e-05 -3.314116810352916e+02  2.994784938192087e+02  4.574795525513764e-06  9.556579959735245e-05
  1.180000000000000e+01 -4.382787083403575e+01  4.899697309652069e+02 -6.614101795321403e-05 -5.517916071795526e-05 -3.759190274324096e+02  2.943705089888948e+02  1.048096228828399e-05  8.812711621430935e-05
  1.190000000000000e+01 -8.375299317969859e+01  5.189997763525796e+02 -6.483656943601090e-05 -4.673139537203497e-05 -4.230058722242273e+02  2.855808467448558e+02  1.546038623700952e-05  8.086115116157089e-05
  1.200000000000000e+01 -1.285116261565395e+02  5.469485524542472e+02 -6.307713726982911e-05 -3.899959482112081e-05 -4.725688163611966e+02  2.726700215595579e+02  1.959385173222472e-05  7.381496220659756e-05
  1.210000000000000e+01 -1.783445677307989e+02  5.733810559918046e+02 -6.094340301388002e-05 -3.195979189740683e-05 -5.244646280900976e+02  2.551767792801825e+02  2.295911050964605e-05  6.702687568349575e-05
  1.220000000000000e+01 -2.334761221688054e+02  5.978151311233300e+02 -5.850844024735125e-05 -2.558459399892854e-05 -5.785059311170759e+02  2.326196088507788e+02  2.563051697279661e-05  6.052731089312147e-05
  1.230000000000000e+01 -2.941094624784338e+02  6.197195368517106e+02 -5.583806677122993e-05 -1.984392724807549e-05 -6.344567142719446e+02  2.044986784913127e+02  2.767880670262457e-05  5.433961752032701e-05
  1.240000000000000e+01 -3.604215356912289e+02  6.385122310222855e+02 -5.299121301050036e-05 -1.470570168748964e-05 -6.920276822873019e+02  1.702982384469680e+02  2.917089682341611e-05  4.848082801345299e-05
  1.250000000000000e+01 -4.325574962623382e+02  6.535589197316425e+02 -5.002032060019701e-05 -1.013641048075442e-05 -7.508714717855668e+02  1.294895338181154e+02  3.016978537573323e-05  4.296237329981523e-05
  1.260000000000000e+01 -5.106246555156508e+02  6.641719253805030e+02 -4.697172482792666e-05 -6.101661426782812e-06 -8.105777614559086e+02  8.153427213890546e+01  3.073446252699341e-05  3.779078042498440e-05
  1.270000000000000e+01 -5.946859382216358e+02  6.696094311165857e+02 -4.388606714655907e-05 -2.566616956301004e-06 -8.706683107116629e+02  2.588869124362555e+01  3.091993220394329e-05  3.296826105270156e-05
  1.280000000000000e+01 -6.847528411077205e+02  6.690751639969590e+02 -4.079867483142152e-05  5.035843742007273e-07 -9.305919668543287e+02 -3.799172650640541e+01  3.077720087318880e-05  2.849331940524280e-05
  1.290000000000000e+01 -7.807778924081629e+02  6.617185838172600e+02 -3.773998764700082e-05  3.143481194456399e-06 -9.897196869362233e+02 -1.106468474209833e+02  3.035337419987627e-05  2.436128090721468e-05
  1.300000000000000e+01 -8.826466165061375e+02  6.466356491651410e+02 -3.473592465752517e-05  5.387023065850371e-06 -1.047339627111197e+03 -1.926057411997332e+02  2.969170125766141e-05  2.056477057976736e-05
  1.310000000000000e+01 -9.901690133470632e+02  6.228702368090755e+02 -3.180824927540016e-05  7.267298769875197e-06 -1.102652359286203e+03 -2.843797520908989e+02  2.883175292822671e-05  1.709418029349763e-05
  1.320000000000000e+01 -1.103070568652308e+03  5.894162949765966e+02 -2.897497870435473e-05  8.816340482553642e-06 -1.154766282327499e+03 -3.864547428152482e+02  2.780947284009017e-05  1.393804848248692e-05
  1.330000000000000e+01 -1.220982818076606e+03  5.452208153463823e+02 -2.625068390216256e-05  1.006496506761323e-05 -1.202693302918438e+03 -4.992824696376937e+02  2.665741857299508e-05  1.108348294565076e-05
  1.340000000000000e+01 -1.343433496370278e+03  4.891877126074934e+02 -2.364683996347594e-05  1.104262992157601e-05 -1.245344869389803e+03 -6.232710497538076e+02  2.540484661039955e-05  8.516408115610830e-06
  1.350000000000000e+01 -1.469836311365623e+03  4.201827041499088e+02 -2.117218411967769e-05  1.177733247459400e-05 -1.281528450420631e+03 -7.587744857479835e+02  2.407794988812384e-05  6.221927719707310e-06
  1.360000000000000e+01 -1.599480392238703e+03  3.370392857587813e+02 -1.883295635707327e-05  1.229557938131620e-05 -1.309944559400644e+03 -9.060812163559426e+02  2.269995638926048e-05  4.184546696706093e-06
  1.370000000000000e+01 -1.731519472033198e+03  2.385659019976745e+02 -1.663320901457155e-05  1.262228852283442e-05 -1.329184434410844e+03 -1.065401668211038e+03  2.129139693352045e-05  2.388477014392265e-06
  1.380000000000000e+01 -1.864960875896126e+03  1.235544121820600e+02 -1.457508484747905e-05  1.278078457289666e-05 -1.337728493161672e+03 -1.236854789757679e+03  1.987024461413966e-05  8.177246400009608e-07
  1.390000000000000e+01 -1.998654398885104e+03 -9.210045646565401e+00 -1.265904616332136e-05  1.279281423194334e-05 -1.333945691765006e+03 -1.420453556165444e+03  1.845208839768020e-05 -5.436672836367507e-07
  1.400000000000000e+01 -2.131281170574875e+03 -1.609376896524862e+02 -1.088412516025983e-05  1.267850257136161e-05 -1.316093925831294e+03 -1.616089442962945e+03  1.705031468191009e-05 -1.711479626465007e-06
  1.410000000000000e+01 -2.261342618020681e+03 -3.328211252212143e+02 -9.248054482213774e-06  1.245644966729742e-05 -1.282321621989359e+03 -1.823515876322647e+03  1.567630783938512e-05 -2.701143557715113e-06
  1.420000000000000e+01 -2.387149653922121e+03 -5.260206705985764e+02 -7.747635322630231e-06  1.214370013258304e-05 -1.230670677424172e+03 -2.042330679555745e+03  1.433953752894013e-05 -3.527711214701412e-06
  1.430000000000000e+01 -2.506812233056960e+03 -7.416478782930959e+02 -6.378635589499027e-06  1.175585043711180e-05 -1.159080914303786e+03 -2.271957548509342e+03  1.304794568568468e-05 -4.205754521535710e-06
  1.440000000000000e+01 -2.618229437190734e+03 -9.807471573732361e+02 -5.136323352417094e-06  1.130704822571715e-05 -1.065396224891914e+03 -2.511626603282261e+03  1.180774938802642e-05 -4.749199206344201e-06
  1.450000000000000e+01 -2.719080266674739e+03 -1.244275407338038e+03 -4.015215949948470e-06  1.081006030290155e-05 -9.473725915762697e+02 -2.760354080073678e+03  1.062397359419265e-05 -5.171360385247681e-06
  1.460000000000000e+01 -2.806815335762652e+03 -1.533079581514326e+03 -3.009524107255857e-06  1.027638836603728e-05 -8.026881738229284e+02 -3.016921245128745e+03  9.500249234406510e-06 -5.485025553753076e-06
  1.470000000000000e+01 -2.878649688232684e+03 -1.847872107112139e+03 -2.113075652232510e-06  9.716290151118301e-06 -6.289556610211564e+02 -3.279852632716498e+03  8.439245448244037e-06 -5.702002340512990e-06
  1.480000000000000e+01 -2.931556970104312e+03 -2.189204100341834e+03 -1.319512193731498e-06  9.138846053247107e-06 -4.237370961141192e+02 -3.547393730933294e+03  7.442588866979349e-06 -5.833642035213416e-06
  1.490000000000000e+01 -2.962265216974775e+03 -2.557436328547577e+03 -6.223806394700659e-07  8.552033705200301e-06 -1.845613796130670e+02 -3.817488262918896e+03  6.511048923130147e-06 -5.890479116033021e-06
  1.500000000000000e+01 -2.967254534635137e+03 -2.952707887344114e+03 -1.511898517492227e-08  7.962897598190466e-06  9.105533316976232e+01 -4.087755236846413e+03  5.644683369609993e-06 -5.882243129917697e-06
  1.510000000000000e+01 -2.942756973001007e+03 -3.374902579450601e+03  5.086662895337213e-07  7.377467227343004e-06  4.055861273036712e+02 -4.355465965822542e+03  4.842873750021681e-06 -5.818015949898836e-06
  1.520000000000000e+01 -2.884758914825307e+03 -3.823613003502710e+03  9.555651558912359e-07  6.800913070037495e-06  7.614665019190919e+02 -4.617521288626207e+03  4.104643721802859e-06 -5.706106890102092e-06
  1.530000000000000e+01 -2.789006321936034e+03 -4.298102385789496e+03  1.331684870820027e-06  6.237588877411326e-06  1.161064011175994e+03 -4.870429254005345e+03  3.428106992942048e-06 -5.554178869715543e-06
  1.540000000000000e+01 -2.651013202623056e+03 -4.797264215805317e+03  1.643156338104745e-06  5.691190835932503e-06  1.606644166589362e+03 -5.110283565014663e+03  2.811523245327407e-06 -5.369327027437976e-06
  1.550000000000000e+01 -2.466073684006525e+03 -5.319579777924246e+03  1.895910827443004e-06  5.164587037143065e-06  2.100332402951000e+03 -5.332743115554752e+03  2.252503691124730e-06 -5.157896566743148e-06
  1.560000000000000e+01 -2.229278092455106e+03 -5.863073706580100e+03  2.095507625199389e-06  4.660329750549863e-06  2.644071921486568e+03 -5.533012988773959e+03  1.748662725731265e-06 -4.925468147121137e-06
  1.570000000000000e+01 -1.935533463039647e+03 -6.425267731248567e+03  2.247382326459046e-06  4.179970346740447e-06  3.239577238880855e+03 -5.705827326209496e+03  1.297126800636761e-06 -4.677197921409970e-06
  1.580000000000000e+01 -1.579588915231772e+03 -7.003132820442166e+03  2.356609911657870e-06  3.725237320395536e-06  3.888283289761299e+03 -5.845434517315218e+03  8.951656127464958e-07 -4.417775926413015e-06
  1.590000000000000e+01 -1.156066346169077e+03 -7.593039980989728e+03  2.427987965347711e-06  3.296757654425164e-06  4.591289953541668e+03 -5.945585201162292e+03  5.397996574174613e-07 -4.151275788899511e-06
  1.600000000000000e+01 -6.594969043585506e+02 -8.190710020205627e+03  2.465953002683818e-06  2.895127522606344e-06  5.349301904593309e+03 -5.999523615372152e+03  2.280421540490352e-07 -3.881140401063021e-06
  1.610000000000000e+01 -8.436371517404392e+01 -8.791162634261582e+03  2.474970642651897e-06  2.520525939075924e-06  6.162563717942153e+03 -5.999982871472586e+03 -4.310004442231730e-08 -3.610560270317364e-06
  1.620000000000000e+01  5.748486656070706e+02 -9.388665246222199e+03  2.458574272168335e-06  2.172848382997472e-06  7.030790201504252e+03 -5.939184780524228e+03 -2.766491888905875e-07 -3.342051968502346e-06
  1.630000000000000e+01  1.323597593274030e+03 -9.976682081830342e+03  2.420732926111668e-06  1.851889464887790e-06  7.953091970692110e+03 -5.808844897666509e+03 -4.752937456942163e-07 -3.078243025811389e-06
  1.640000000000000e+01  2.167217997795911e+03 -1.054782404022487e+04  2.364564352319576e-06  1.557120185680105e-06  8.927896332472195e+03 -5.600183498741401e+03 -6.421078069251962e-07 -2.820836925820913e-06
  1.650000000000000e+01  3.110849906267193e+03 -1.109379999028086e+04  2.293429133715108e-06  1.287545273953583e-06  9.952863604045755e+03 -5.303943245860458e+03 -7.795861165504903e-07 -2.571438017184846e-06
  1.660000000000000e+01  4.159357376599688e+03 -1.160537020108375e+04  2.209671947639436e-06  1.042510120896623e-06  1.102479905667996e+04 -4.910414341125169e+03 -8.908928066375665e-07 -2.331295036128722e-06
  1.670000000000000e+01  5.317238417509830e+03 -1.207230269700131e+04  2.116014002240263e-06  8.208262443076819e-07  1.213956074821065e+04 -4.409468008050497e+03 -9.781406333786435e-07 -2.101640347973444e-06
  1.680000000000000e+01  6.588525500186608e+03 -1.248333341368540e+04  2.014730853261426e-06  6.218069756869227e-07  1.329196358876958e+04 -3.790599177865060e+03 -1.044328200805467e-06 -1.883094228105620e-06
  1.690000000000000e+01  7.976676305879214e+03 -1.282613112078572e+04  1.907752448460087e-06  4.438943506102078e-07  1.447568007368207e+04 -3.042979291982719e+03 -1.090981186280260e-06 -1.676429747021757e-06
  1.700000000000000e+01  9.484454401869349e+03 -1.308726816981938e+04  1.796948708943091e-06  2.858896550606005e-07  1.568313821556518e+04 -2.155520161691939e+03 -1.120874685511808e-06 -1.481803337810561e-06
  1.710000000000000e+01  1.111379959677052e+04 -1.325219822101261e+04  1.684045855654404e-06  1.471471477998421e-07  1.690541731468433e+04 -1.116949850530879e+03 -1.135581101152638e-06 -1.299542418564670e-06
  1.720000000000000e+01  1.286568779573582e+04 -1.330524220043796e+04  1.570233507663943e-06  2.566957846283913e-08  1.813214232282315e+04  8.409843711196635e+01 -1.137282481522561e-06 -1.129856173065491e-06
  1.730000000000000e+01  1.473998025787959e+04 -1.322958383772261e+04  1.457079633837566e-06 -7.902781362645328e-08  1.935137768143321e+04  1.458983467051723e+03 -1.127771156461677e-06 -9.726554708322510e-07
  1.740000000000000e+01  1.673526225296114e+04 -1.300727623418709e+04  1.345022610621527e-06 -1.690314093139023e-07  2.054952164973667e+04  3.018938090009062e+03 -1.109156528400490e-06 -8.267325029009953e-07
  1.750000000000000e+01  1.884867122308172e+04 -1.261926101055488e+04  1.235224772244692e-06 -2.450178726576269e-07  2.171120228274399e+04  4.774935372065741e+03 -1.082187282008817e-06 -6.931913958396763e-07
  1.760000000000000e+01  2.107571467874571e+04 -1.204540168129441e+04  1.129046722780913e-06 -3.083332558162510e-07  2.281917637272137e+04  6.737537772474557e+03 -1.048313606588636e-06 -5.714355211239308e-07
  1.770000000000000e+01  2.341007819804741e+04 -1.126453299798367e+04  1.025970050250180e-06 -3.595596353989094e-07  2.385423283027178e+04  8.916728432799224e+03 -1.008821527648252e-06 -4.612920747604221e-07
  1.780000000000000e+01  2.584342405385688e+04 -1.025452809548368e+04  9.278519428335130e-07 -4.006251401733607e-07  2.479510215254485e+04  1.132172368814658e+04 -9.651776053942740e-07 -3.614550223574042e-07
  1.790000000000000e+01  2.836518116754163e+04 -8.992385360621045e+03  8.327569958055392e-07 -4.321300366427749e-07  2.561837380566274e+04  1.396076597413400e+04 -9.179348126053810e-07 -2.713350113481283e-07
  1.800000000000000e+01  3.096232727977363e+04 -7.454337021846391e+03  7.436483429046348e-07 -4.552603058982641e-07  2.629842353563242e+04  1.684089638388950e+04 -8.690622053109109e-07 -1.912376319523901e-07
  1.810000000000000e+01  3.361916444003387e+04 -5.615981528056066e+03  6.591626515728422e-07 -4.710600478574634e-07  2.680735281594251e+04  1.996770622964867e+04 -8.177557901944965e-07 -1.206281012855470e-07
  1.820000000000000e+01  3.631708914719700e+04 -3.452441843414284e+03  5.797378435090650e-07 -4.795656423084438e-07  2.711494283977342e+04  2.334506708519656e+04 -7.658672984689474e-07 -5.785113899037242e-08
  1.830000000000000e+01  3.903435872454732e+04 -9.385518303391286e+02  5.058964234194718e-07 -4.829926183447242e-07  2.718862566900358e+04  2.697483893044863e+04 -7.138405635487288e-07 -4.100002115592360e-09
  1.840000000000000e+01  4.174585578414945e+04  1.950927077614195e+03  4.364869710116182e-07 -4.808607627637684e-07  2.699347535958984e+04  3.085655618979482e+04 -6.623158697038889e-07  4.329558578319848e-08
  1.850000000000000e+01  4.442285292788722e+04  5.241056700049183e+03  3.731620381586254e-07 -4.738831194117665e-07  2.649222209170223e+04  3.498709165343139e+04 -6.117516022641212e-07  8.436836651526392e-08
  1.860000000000000e+01  4.703278014575356e+04  8.956438228272260e+03  3.152663339278661e-07 -4.641842679120600e-07  2.564529254129206e+04  3.936029849772093e+04 -5.601650627795607e-07  1.184744178317487e-07
  1.870000000000000e+01  4.953899770594700e+04  1.312089146942938e+04  2.611759555293247e-07 -4.506800905801356e-07  2.441087993530869e+04  4.396663087869454e+04 -5.112087819725275e-07  1.465668901801109e-07
  1.880000000000000e+01  5.190057768563269e+04  1.775709510922455e+04  2.126253093592823e-07 -4.352914402261376e-07  2.274504743303245e+04  4.879274386398366e+04 -4.637768142856658e-07  1.705739123281091e-07
  1.890000000000000e+01  5.407209766513738e+04  2.288618597878057e+04  1.682965375948697e-07 -4.163157427683473e-07  2.060186866810498e+04  5.382107379469118e+04 -4.194298526272178e-07  1.870321284513921e-07
  1.900000000000000e+01  5.600345050097373e+04  2.852731543817748e+04  1.289445208385587e-07 -3.981476766057312e-07  1.793360946661134e+04  5.902940053176759e+04 -3.775276127271354e-07  1.998978405026719e-07
  1.910000000000000e+01  5.763967450305468e+04  3.469716115441397e+04  9.396899258717895e-08 -3.775785444304347e-07  1.469095492250594e+04  6.439039344299347e+04 -3.376771928742528e-07  2.103024598909542e-07
  1.920000000000000e+01  5.892080876710542e+04  4.140939275888338e+04  5.893889465369284e-08 -3.562963684089482e-07  1.082328615874094e+04  6.987114342823852e+04 -2.976375981234014e-07  2.166652848245576e-07
  1.930000000000000e+01  5.978177885254421e+04  4.867409012302978e+04  3.327295416966081e-08 -3.338500391691923e-07  6.279011226529226e+03  7.543268376363131e+04 -2.624146873131394e-07  2.227670847787522e-07
  1.940000000000000e+01  6.015231844641099e+04  5.649711329481088e+04  8.039933163672686e-09 -3.114619175903499e-07  1.005954691386420e+03  8.102950307065852e+04 -2.311571734026074e-07  2.244032657472417e-07
  1.950000000000000e+01  5.995693311223423e+04  6.487942349727904e+04 -1.275475369766355e-08 -2.891538315452635e-07 -5.048189482027064e+03  8.660905428495769e+04 -1.985317794606090e-07  2.216052052972373e-07
  1.960000000000000e+01  5.911491268552921e+04  7.381635500833736e+04 -3.162858774885535e-08 -2.680244506336749e-07 -1.193533710932619e+04  9.211126411211223e+04 -1.650332706049085e-07  2.189572114730254e-07
  1.970000000000000e+01  5.754039934077357e+04  8.329683822188585e+04 -4.567846190184355e-08 -2.443921403028071e-07 -1.970642041245511e+04  9.746804811418823e+04 -1.418229658156633e-07  2.157848939532414e-07
  1.980000000000000e+01  5.514251881333684e+04  9.330257473963343e+04 -6.018672138452530e-08 -2.242522896267474e-07 -2.841071754492123e+04  1.026028372709150e+05 -1.145963324233890e-07  2.071210474241525e-07
  1.990000000000000e+01  5.182558270880518e+04  1.038071659639922e+05 -6.955815479159355e-08 -2.028900780715048e-07 -3.809510059616106e+04  1.074301226022506e+05 -9.743962436914444e-08  1.999105734284967e-07
  2.000000000000000e+01  4.748937026506096e+04  1.147751973600648e+05 -8.067581802606583e-08 -1.822045305743814e-07 -4.880319784717161e+04  1.118550252234960e+05 -7.283233571797609e-08  1.915759639814496e-07

