
k      = 0
index  = 0
indexp = 0

k      = 1
index  = 3
indexp = 6

k      = 2
index  = 9
indexp = 14

k      = 3
index  = 17
indexp = 24

k      = 4
index  = 27
indexp = 36

k      = 5
index  = 39
indexp = 50

k      = 6
index  = 53
indexp = 66

k      = 7
index  = 69
indexp = 84

k      = 8
index  = 87
indexp = 104

k      = 9
index  = 107
indexp = 126

k      = 10
index  = 129
indexp = 150

k      = 11
index  = 153
indexp = 176

k      = 12
index  = 179
indexp = 204

k      = 13
index  = 207
indexp = 234

k      = 14
index  = 237
indexp = 266

k      = 15
index  = 269
indexp = 300

k      = 16
index  = 303
indexp = 336

k      = 17
index  = 339
indexp = 374

k      = 18
index  = 377
indexp = 414

k      = 19
index  = 417
indexp = 456

k      = 20
index  = 459
indexp = 500

k      = 0
index  = 0
indexp = 1

k      = 1
index  = 3
indexp = 6

k      = 2
index  = 10
indexp = 15

k      = 3
index  = 21
indexp = 28

k      = 4
index  = 36
indexp = 45

k      = 5
index  = 55
indexp = 66

k      = 6
index  = 78
indexp = 91

k      = 7
index  = 105
indexp = 120

k      = 8
index  = 136
indexp = 153

k      = 9
index  = 171
indexp = 190

k      = 10
index  = 210
indexp = 231

k      = 11
index  = 253
indexp = 276

k      = 12
index  = 300
indexp = 325

k      = 13
index  = 351
indexp = 378

k      = 14
index  = 406
indexp = 435

k      = 15
index  = 465
indexp = 496

k      = 16
index  = 528
indexp = 561

k      = 17
index  = 595
indexp = 630

k      = 18
index  = 666
indexp = 703

k      = 19
index  = 741
indexp = 780

k      = 20
index  = 820
indexp = 861

lambda	   mu
 1e+00	-1e+00
 1e-01	-1e-01
 8e-02	-1e-01
 1e-01	-1e-01
 3e-01	-3e-01
 9e-01	-9e-01
 3e+00	-4e+00
 1e+01	-2e+01
 8e+01	-8e+01
 5e+02	-5e+02
 3e+03	-3e+03
 2e+04	-2e+04
 2e+05	-2e+05
 2e+06	-2e+06
 2e+07	-2e+07
 2e+08	-2e+08
 2e+09	-2e+09
 2e+10	-3e+10
 3e+11	-3e+11
 4e+12	-4e+12
 6e+13	-6e+13
 9e+14	-9e+14
 1e+16	-1e+16
 2e+17	-2e+17
 4e+18	-4e+18
 7e+19	-7e+19
 1e+21	-1e+21
 3e+22	-3e+22
 5e+23	-6e+23
 1e+25	-1e+25
 3e+26	-3e+26
 6e+27	-6e+27
 1e+29	-1e+29
 3e+30	-3e+30
 8e+31	-8e+31
 2e+33	-2e+33
 5e+34	-5e+34
 1e+36	-1e+36
 4e+37	-4e+37
 1e+39	-1e+39
 3e+40	-3e+40
 1e+42	-1e+42
 3e+43	-3e+43
 9e+44	-1e+45
 3e+46	-3e+46
 1e+48	-1e+48
 3e+49	-3e+49
 1e+51	-1e+51
 4e+52	-4e+52
 1e+54	-1e+54

u
( 1e+00)
( 0e+00, 1e-01, 0e+00,-2e-01, 0e+00)
( 0e+00, 0e+00, 7e-02, 0e+00,-4e-01, 0e+00, 3e-01, 0e+00)
( 0e+00, 0e+00, 0e+00, 7e-02, 0e+00,-9e-01, 0e+00, 2e+00, 0e+00,-1e+00, 0e+00)
( 0e+00, 0e+00, 0e+00, 0e+00, 1e-01, 0e+00,-2e+00, 0e+00, 9e+00, 0e+00,-1e+01, 0e+00, 5e+00, 0e+00)
( 0e+00, 0e+00, 0e+00, 0e+00, 0e+00, 2e-01, 0e+00,-7e+00, 0e+00, 4e+01, 0e+00,-9e+01, 0e+00, 8e+01, 0e+00,-3e+01, 0e+00)
( 0e+00, 0e+00, 0e+00, 0e+00, 0e+00, 0e+00, 6e-01, 0e+00,-3e+01, 0e+00, 2e+02, 0e+00,-7e+02, 0e+00, 1e+03, 0e+00,-8e+02, 0e+00, 2e+02, 0e+00)
( 0e+00, 0e+00, 0e+00, 0e+00, 0e+00, 0e+00, 0e+00, 2e+00, 0e+00,-1e+02, 0e+00, 1e+03, 0e+00,-5e+03, 0e+00, 1e+04, 0e+00,-1e+04, 0e+00, 8e+03, 0e+00,-2e+03, 0e+00)
( 0e+00, 0e+00, 0e+00, 0e+00, 0e+00, 0e+00, 0e+00, 0e+00, 6e+00, 0e+00,-5e+02, 0e+00, 7e+03, 0e+00,-4e+04, 0e+00, 1e+05, 0e+00,-2e+05, 0e+00, 2e+05, 0e+00,-1e+05, 0e+00, 2e+04, 0e+00)
( 0e+00, 0e+00, 0e+00, 0e+00, 0e+00, 0e+00, 0e+00, 0e+00, 0e+00, 2e+01, 0e+00,-2e+03, 0e+00, 5e+04, 0e+00,-3e+05, 0e+00, 1e+06, 0e+00,-3e+06, 0e+00, 4e+06, 0e+00,-3e+06, 0e+00, 1e+06, 0e+00,-2e+05, 0e+00)
( 0e+00, 0e+00, 0e+00, 0e+00, 0e+00, 0e+00, 0e+00, 0e+00, 0e+00, 0e+00, 1e+02, 0e+00,-1e+04, 0e+00, 3e+05, 0e+00,-3e+06, 0e+00, 1e+07, 0e+00,-4e+07, 0e+00, 7e+07, 0e+00,-7e+07, 0e+00, 5e+07, 0e+00,-2e+07, 0e+00, 3e+06, 0e+00)
( 0e+00, 0e+00, 0e+00, 0e+00, 0e+00, 0e+00, 0e+00, 0e+00, 0e+00, 0e+00, 0e+00, 6e+02, 0e+00,-8e+04, 0e+00, 2e+06, 0e+00,-2e+07, 0e+00, 1e+08, 0e+00,-5e+08, 0e+00, 1e+09, 0e+00,-2e+09, 0e+00, 2e+09, 0e+00,-9e+08, 0e+00, 3e+08, 0e+00,-5e+07, 0e+00)
( 0e+00, 0e+00, 0e+00, 0e+00, 0e+00, 0e+00, 0e+00, 0e+00, 0e+00, 0e+00, 0e+00, 0e+00, 3e+03, 0e+00,-5e+05, 0e+00, 2e+07, 0e+00,-2e+08, 0e+00, 2e+09, 0e+00,-7e+09, 0e+00, 2e+10, 0e+00,-3e+10, 0e+00, 4e+10, 0e+00,-3e+10, 0e+00, 2e+10, 0e+00,-6e+09, 0e+00, 8e+08, 0e+00)
( 0e+00, 0e+00, 0e+00, 0e+00, 0e+00, 0e+00, 0e+00, 0e+00, 0e+00, 0e+00, 0e+00, 0e+00, 0e+00, 2e+04, 0e+00,-4e+06, 0e+00, 1e+08, 0e+00,-2e+09, 0e+00, 2e+10, 0e+00,-9e+10, 0e+00, 3e+11, 0e+00,-6e+11, 0e+00, 1e+12, 0e+00,-1e+12, 0e+00, 8e+11, 0e+00,-4e+11, 0e+00, 1e+11, 0e+00,-1e+10, 0e+00)
( 0e+00, 0e+00, 0e+00, 0e+00, 0e+00, 0e+00, 0e+00, 0e+00, 0e+00, 0e+00, 0e+00, 0e+00, 0e+00, 0e+00, 1e+05, 0e+00,-3e+07, 0e+00, 1e+09, 0e+00,-2e+10, 0e+00, 2e+11, 0e+00,-1e+12, 0e+00, 5e+12, 0e+00,-1e+13, 0e+00, 2e+13, 0e+00,-3e+13, 0e+00, 3e+13, 0e+00,-2e+13, 0e+00, 9e+12, 0e+00,-2e+12, 0e+00, 3e+11, 0e+00)
( 0e+00, 0e+00, 0e+00, 0e+00, 0e+00, 0e+00, 0e+00, 0e+00, 0e+00, 0e+00, 0e+00, 0e+00, 0e+00, 0e+00, 0e+00, 8e+05, 0e+00,-2e+08, 0e+00, 1e+10, 0e+00,-2e+11, 0e+00, 2e+12, 0e+00,-2e+13, 0e+00, 7e+13, 0e+00,-2e+14, 0e+00, 5e+14, 0e+00,-9e+14, 0e+00, 1e+15, 0e+00,-9e+14, 0e+00, 5e+14, 0e+00,-2e+14, 0e+00, 5e+13, 0e+00,-6e+12, 0e+00)
( 0e+00, 0e+00, 0e+00, 0e+00, 0e+00, 0e+00, 0e+00, 0e+00, 0e+00, 0e+00, 0e+00, 0e+00, 0e+00, 0e+00, 0e+00, 0e+00, 6e+06, 0e+00,-2e+09, 0e+00, 1e+11, 0e+00,-3e+12, 0e+00, 3e+13, 0e+00,-2e+14, 0e+00, 1e+15, 0e+00,-4e+15, 0e+00, 1e+16, 0e+00,-2e+16, 0e+00, 3e+16, 0e+00,-3e+16, 0e+00, 3e+16, 0e+00,-2e+16, 0e+00, 6e+15, 0e+00,-1e+15, 0e+00, 1e+14, 0e+00)
( 0e+00, 0e+00, 0e+00, 0e+00, 0e+00, 0e+00, 0e+00, 0e+00, 0e+00, 0e+00, 0e+00, 0e+00, 0e+00, 0e+00, 0e+00, 0e+00, 0e+00, 5e+07, 0e+00,-2e+10, 0e+00, 1e+12, 0e+00,-3e+13, 0e+00, 4e+14, 0e+00,-3e+15, 0e+00, 2e+16, 0e+00,-8e+16, 0e+00, 2e+17, 0e+00,-6e+17, 0e+00, 1e+18, 0e+00,-1e+18, 0e+00, 1e+18, 0e+00,-9e+17, 0e+00, 4e+17, 0e+00,-2e+17, 0e+00, 3e+16, 0e+00,-3e+15, 0e+00)
( 0e+00, 0e+00, 0e+00, 0e+00, 0e+00, 0e+00, 0e+00, 0e+00, 0e+00, 0e+00, 0e+00, 0e+00, 0e+00, 0e+00, 0e+00, 0e+00, 0e+00, 0e+00, 4e+08, 0e+00,-2e+11, 0e+00, 1e+13, 0e+00,-3e+14, 0e+00, 5e+15, 0e+00,-5e+16, 0e+00, 3e+17, 0e+00,-2e+18, 0e+00, 5e+18, 0e+00,-1e+19, 0e+00, 3e+19, 0e+00,-4e+19, 0e+00, 5e+19, 0e+00,-4e+19, 0e+00, 3e+19, 0e+00,-1e+19, 0e+00, 4e+18, 0e+00,-9e+17, 0e+00, 8e+16, 0e+00)
( 0e+00, 0e+00, 0e+00, 0e+00, 0e+00, 0e+00, 0e+00, 0e+00, 0e+00, 0e+00, 0e+00, 0e+00, 0e+00, 0e+00, 0e+00, 0e+00, 0e+00, 0e+00, 0e+00, 4e+09, 0e+00,-2e+12, 0e+00, 1e+14, 0e+00,-4e+15, 0e+00, 7e+16, 0e+00,-8e+17, 0e+00, 6e+18, 0e+00,-3e+19, 0e+00, 1e+20, 0e+00,-3e+20, 0e+00, 8e+20, 0e+00,-1e+21, 0e+00, 2e+21, 0e+00,-2e+21, 0e+00, 2e+21, 0e+00,-1e+21, 0e+00, 4e+20, 0e+00,-1e+20, 0e+00, 3e+19, 0e+00,-2e+18, 0e+00)

v
( 1e+00)
( 0e+00,-4e-01, 0e+00, 3e-01, 0e+00)
( 0e+00, 0e+00,-1e-01, 0e+00, 5e-01, 0e+00,-4e-01, 0e+00)
( 0e+00, 0e+00, 0e+00,-1e-01, 0e+00, 1e+00, 0e+00,-2e+00, 0e+00, 1e+00, 0e+00)
( 0e+00, 0e+00, 0e+00, 0e+00,-1e-01, 0e+00, 3e+00, 0e+00,-1e+01, 0e+00, 1e+01, 0e+00,-5e+00, 0e+00)
( 0e+00, 0e+00, 0e+00, 0e+00, 0e+00,-3e-01, 0e+00, 9e+00, 0e+00,-5e+01, 0e+00, 1e+02, 0e+00,-9e+01, 0e+00, 3e+01, 0e+00)
( 0e+00, 0e+00, 0e+00, 0e+00, 0e+00, 0e+00,-7e-01, 0e+00, 3e+01, 0e+00,-2e+02, 0e+00, 8e+02, 0e+00,-1e+03, 0e+00, 8e+02, 0e+00,-2e+02, 0e+00)
( 0e+00, 0e+00, 0e+00, 0e+00, 0e+00, 0e+00, 0e+00,-2e+00, 0e+00, 1e+02, 0e+00,-1e+03, 0e+00, 6e+03, 0e+00,-1e+04, 0e+00, 1e+04, 0e+00,-8e+03, 0e+00, 2e+03, 0e+00)
( 0e+00, 0e+00, 0e+00, 0e+00, 0e+00, 0e+00, 0e+00, 0e+00,-7e+00, 0e+00, 5e+02, 0e+00,-8e+03, 0e+00, 4e+04, 0e+00,-1e+05, 0e+00, 2e+05, 0e+00,-2e+05, 0e+00, 1e+05, 0e+00,-2e+04, 0e+00)
( 0e+00, 0e+00, 0e+00, 0e+00, 0e+00, 0e+00, 0e+00, 0e+00, 0e+00,-3e+01, 0e+00, 3e+03, 0e+00,-5e+04, 0e+00, 4e+05, 0e+00,-1e+06, 0e+00, 3e+06, 0e+00,-4e+06, 0e+00, 3e+06, 0e+00,-1e+06, 0e+00, 3e+05, 0e+00)
( 0e+00, 0e+00, 0e+00, 0e+00, 0e+00, 0e+00, 0e+00, 0e+00, 0e+00, 0e+00,-1e+02, 0e+00, 2e+04, 0e+00,-3e+05, 0e+00, 3e+06, 0e+00,-1e+07, 0e+00, 4e+07, 0e+00,-7e+07, 0e+00, 8e+07, 0e+00,-5e+07, 0e+00, 2e+07, 0e+00,-3e+06, 0e+00)
( 0e+00, 0e+00, 0e+00, 0e+00, 0e+00, 0e+00, 0e+00, 0e+00, 0e+00, 0e+00, 0e+00,-6e+02, 0e+00, 9e+04, 0e+00,-2e+06, 0e+00, 3e+07, 0e+00,-1e+08, 0e+00, 5e+08, 0e+00,-1e+09, 0e+00, 2e+09, 0e+00,-2e+09, 0e+00, 1e+09, 0e+00,-3e+08, 0e+00, 5e+07, 0e+00)
( 0e+00, 0e+00, 0e+00, 0e+00, 0e+00, 0e+00, 0e+00, 0e+00, 0e+00, 0e+00, 0e+00, 0e+00,-3e+03, 0e+00, 6e+05, 0e+00,-2e+07, 0e+00, 2e+08, 0e+00,-2e+09, 0e+00, 7e+09, 0e+00,-2e+10, 0e+00, 3e+10, 0e+00,-4e+10, 0e+00, 4e+10, 0e+00,-2e+10, 0e+00, 6e+09, 0e+00,-8e+08, 0e+00)
( 0e+00, 0e+00, 0e+00, 0e+00, 0e+00, 0e+00, 0e+00, 0e+00, 0e+00, 0e+00, 0e+00, 0e+00, 0e+00,-2e+04, 0e+00, 4e+06, 0e+00,-2e+08, 0e+00, 2e+09, 0e+00,-2e+10, 0e+00, 9e+10, 0e+00,-3e+11, 0e+00, 7e+11, 0e+00,-1e+12, 0e+00, 1e+12, 0e+00,-8e+11, 0e+00, 4e+11, 0e+00,-1e+11, 0e+00, 2e+10, 0e+00)
( 0e+00, 0e+00, 0e+00, 0e+00, 0e+00, 0e+00, 0e+00, 0e+00, 0e+00, 0e+00, 0e+00, 0e+00, 0e+00, 0e+00,-1e+05, 0e+00, 3e+07, 0e+00,-1e+09, 0e+00, 2e+10, 0e+00,-2e+11, 0e+00, 1e+12, 0e+00,-5e+12, 0e+00, 1e+13, 0e+00,-2e+13, 0e+00, 3e+13, 0e+00,-3e+13, 0e+00, 2e+13, 0e+00,-9e+12, 0e+00, 2e+12, 0e+00,-3e+11, 0e+00)
( 0e+00, 0e+00, 0e+00, 0e+00, 0e+00, 0e+00, 0e+00, 0e+00, 0e+00, 0e+00, 0e+00, 0e+00, 0e+00, 0e+00, 0e+00,-9e+05, 0e+00, 2e+08, 0e+00,-1e+10, 0e+00, 2e+11, 0e+00,-3e+12, 0e+00, 2e+13, 0e+00,-8e+13, 0e+00, 2e+14, 0e+00,-5e+14, 0e+00, 9e+14, 0e+00,-1e+15, 0e+00, 9e+14, 0e+00,-6e+14, 0e+00, 2e+14, 0e+00,-6e+13, 0e+00, 6e+12, 0e+00)
( 0e+00, 0e+00, 0e+00, 0e+00, 0e+00, 0e+00, 0e+00, 0e+00, 0e+00, 0e+00, 0e+00, 0e+00, 0e+00, 0e+00, 0e+00, 0e+00,-7e+06, 0e+00, 2e+09, 0e+00,-1e+11, 0e+00, 3e+12, 0e+00,-3e+13, 0e+00, 2e+14, 0e+00,-1e+15, 0e+00, 5e+15, 0e+00,-1e+16, 0e+00, 2e+16, 0e+00,-3e+16, 0e+00, 4e+16, 0e+00,-3e+16, 0e+00, 2e+16, 0e+00,-6e+15, 0e+00, 1e+15, 0e+00,-1e+14, 0e+00)
( 0e+00, 0e+00, 0e+00, 0e+00, 0e+00, 0e+00, 0e+00, 0e+00, 0e+00, 0e+00, 0e+00, 0e+00, 0e+00, 0e+00, 0e+00, 0e+00, 0e+00,-5e+07, 0e+00, 2e+10, 0e+00,-1e+12, 0e+00, 3e+13, 0e+00,-4e+14, 0e+00, 4e+15, 0e+00,-2e+16, 0e+00, 9e+16, 0e+00,-3e+17, 0e+00, 6e+17, 0e+00,-1e+18, 0e+00, 1e+18, 0e+00,-1e+18, 0e+00, 9e+17, 0e+00,-5e+17, 0e+00, 2e+17, 0e+00,-3e+16, 0e+00, 3e+15, 0e+00)
( 0e+00, 0e+00, 0e+00, 0e+00, 0e+00, 0e+00, 0e+00, 0e+00, 0e+00, 0e+00, 0e+00, 0e+00, 0e+00, 0e+00, 0e+00, 0e+00, 0e+00, 0e+00,-5e+08, 0e+00, 2e+11, 0e+00,-1e+13, 0e+00, 4e+14, 0e+00,-6e+15, 0e+00, 5e+16, 0e+00,-3e+17, 0e+00, 2e+18, 0e+00,-6e+18, 0e+00, 1e+19, 0e+00,-3e+19, 0e+00, 4e+19, 0e+00,-5e+19, 0e+00, 4e+19, 0e+00,-3e+19, 0e+00, 1e+19, 0e+00,-5e+18, 0e+00, 9e+17, 0e+00,-8e+16, 0e+00)
( 0e+00, 0e+00, 0e+00, 0e+00, 0e+00, 0e+00, 0e+00, 0e+00, 0e+00, 0e+00, 0e+00, 0e+00, 0e+00, 0e+00, 0e+00, 0e+00, 0e+00, 0e+00, 0e+00,-4e+09, 0e+00, 2e+12, 0e+00,-1e+14, 0e+00, 4e+15, 0e+00,-8e+16, 0e+00, 8e+17, 0e+00,-6e+18, 0e+00, 3e+19, 0e+00,-1e+20, 0e+00, 4e+20, 0e+00,-8e+20, 0e+00, 1e+21, 0e+00,-2e+21, 0e+00, 2e+21, 0e+00,-2e+21, 0e+00, 1e+21, 0e+00,-4e+20, 0e+00, 1e+20, 0e+00,-3e+19, 0e+00, 2e+18, 0e+00)

uentry
   1   0   0  1e+00
   2   1   1  1e-01
   3   2   2  7e-02
   4   1   3 -2e-01
   5   3   3  7e-02
   6   2   4 -4e-01
   7   4   4  1e-01
   8   3   5 -9e-01
   9   5   5  2e-01
  10   2   6  3e-01
  11   4   6 -2e+00
  12   6   6  6e-01
  13   3   7  2e+00
  14   5   7 -7e+00
  15   7   7  2e+00
  16   4   8  9e+00
  17   6   8 -3e+01
  18   8   8  6e+00
  19   3   9 -1e+00
  20   5   9  4e+01
  21   7   9 -1e+02
  22   9   9  2e+01
  23   4  10 -1e+01
  24   6  10  2e+02
  25   8  10 -5e+02
  26  10  10  1e+02
  27   5  11 -9e+01
  28   7  11  1e+03
  29   9  11 -2e+03
  30  11  11  6e+02
  31   4  12  5e+00
  32   6  12 -7e+02
  33   8  12  7e+03
  34  10  12 -1e+04
  35  12  12  3e+03
  36   5  13  8e+01
  37   7  13 -5e+03
  38   9  13  5e+04
  39  11  13 -8e+04
  40  13  13  2e+04
  41   6  14  1e+03
  42   8  14 -4e+04
  43  10  14  3e+05
  44  12  14 -5e+05
  45  14  14  1e+05
  46   5  15 -3e+01
  47   7  15  1e+04
  48   9  15 -3e+05
  49  11  15  2e+06
  50  13  15 -4e+06
  51  15  15  8e+05
  52   6  16 -8e+02
  53   8  16  1e+05
  54  10  16 -3e+06
  55  12  16  2e+07
  56  14  16 -3e+07
  57  16  16  6e+06
  58   7  17 -1e+04
  59   9  17  1e+06
  60  11  17 -2e+07
  61  13  17  1e+08
  62  15  17 -2e+08
  63  17  17  5e+07
  64   6  18  2e+02
  65   8  18 -2e+05
  66  10  18  1e+07
  67  12  18 -2e+08
  68  14  18  1e+09
  69  16  18 -2e+09
  70  18  18  4e+08
  71   7  19  8e+03
  72   9  19 -3e+06
  73  11  19  1e+08
  74  13  19 -2e+09
  75  15  19  1e+10
  76  17  19 -2e+10
  77  19  19  4e+09
  78   8  20  2e+05
  79  10  20 -4e+07
  80  12  20  2e+09
  81  14  20 -2e+10
  82  16  20  1e+11
  83  18  20 -2e+11
  84   7  21 -2e+03
  85   9  21  4e+06
  86  11  21 -5e+08
  87  13  21  2e+10
  88  15  21 -2e+11
  89  17  21  1e+12
  90  19  21 -2e+12
  91   8  22 -1e+05
  92  10  22  7e+07
  93  12  22 -7e+09
  94  14  22  2e+11
  95  16  22 -3e+12
  96  18  22  1e+13
  97   9  23 -3e+06
  98  11  23  1e+09
  99  13  23 -9e+10
 100  15  23  2e+12
 101  17  23 -3e+13
 102  19  23  1e+14
 103   8  24  2e+04
 104  10  24 -7e+07
 105  12  24  2e+10
 106  14  24 -1e+12
 107  16  24  3e+13
 108  18  24 -3e+14
 109   9  25  1e+06
 110  11  25 -2e+09
 111  13  25  3e+11
 112  15  25 -2e+13
 113  17  25  4e+14
 114  19  25 -4e+15
 115  10  26  5e+07
 116  12  26 -3e+10
 117  14  26  5e+12
 118  16  26 -2e+14
 119  18  26  5e+15
 120   9  27 -2e+05
 121  11  27  2e+09
 122  13  27 -6e+11
 123  15  27  7e+13
 124  17  27 -3e+15
 125  19  27  7e+16
 126  10  28 -2e+07
 127  12  28  4e+10
 128  14  28 -1e+13
 129  16  28  1e+15
 130  18  28 -5e+16
 131  11  29 -9e+08
 132  13  29  1e+12
 133  15  29 -2e+14
 134  17  29  2e+16
 135  19  29 -8e+17
 136  10  30  3e+06
 137  12  30 -3e+10
 138  14  30  2e+13
 139  16  30 -4e+15
 140  18  30  3e+17
 141  11  31  3e+08
 142  13  31 -1e+12
 143  15  31  5e+14
 144  17  31 -8e+16
 145  19  31  6e+18
 146  12  32  2e+10
 147  14  32 -3e+13
 148  16  32  1e+16
 149  18  32 -2e+18
 150  11  33 -5e+07
 151  13  33  8e+11
 152  15  33 -9e+14
 153  17  33  2e+17
 154  19  33 -3e+19
 155  12  34 -6e+09
 156  14  34  3e+13
 157  16  34 -2e+16
 158  18  34  5e+18
 159  13  35 -4e+11
 160  15  35  1e+15
 161  17  35 -6e+17
 162  19  35  1e+20
 163  12  36  8e+08
 164  14  36 -2e+13
 165  16  36  3e+16
 166  18  36 -1e+19
 167  13  37  1e+11
 168  15  37 -9e+14
 169  17  37  1e+18
 170  19  37 -3e+20
 171  14  38  9e+12
 172  16  38 -3e+16
 173  18  38  3e+19
 174  13  39 -1e+10
 175  15  39  5e+14
 176  17  39 -1e+18
 177  19  39  8e+20
 178  14  40 -2e+12
 179  16  40  3e+16
 180  18  40 -4e+19
 181  15  41 -2e+14
 182  17  41  1e+18
 183  19  41 -1e+21
 184  14  42  3e+11
 185  16  42 -2e+16
 186  18  42  5e+19
 187  15  43  5e+13
 188  17  43 -9e+17
 189  19  43  2e+21
 190  16  44  6e+15
 191  18  44 -4e+19
 192  15  45 -6e+12
 193  17  45  4e+17
 194  19  45 -2e+21
 195  16  46 -1e+15
 196  18  46  3e+19
 197  17  47 -2e+17
 198  19  47  2e+21
 199  16  48  1e+14
 200  18  48 -1e+19
 201  17  49  3e+16
 202  19  49 -1e+21
 203  18  50  4e+18
 204  17  51 -3e+15
 205  19  51  4e+20
 206  18  52 -9e+17
 207  19  53 -1e+20
 208  18  54  8e+16
 209  19  55  3e+19
 210  19  57 -2e+18

ventry
   1   0   0  1e+00
   2   1   1 -4e-01
   3   2   2 -1e-01
   4   1   3  3e-01
   5   3   3 -1e-01
   6   2   4  5e-01
   7   4   4 -1e-01
   8   3   5  1e+00
   9   5   5 -3e-01
  10   2   6 -4e-01
  11   4   6  3e+00
  12   6   6 -7e-01
  13   3   7 -2e+00
  14   5   7  9e+00
  15   7   7 -2e+00
  16   4   8 -1e+01
  17   6   8  3e+01
  18   8   8 -7e+00
  19   3   9  1e+00
  20   5   9 -5e+01
  21   7   9  1e+02
  22   9   9 -3e+01
  23   4  10  1e+01
  24   6  10 -2e+02
  25   8  10  5e+02
  26  10  10 -1e+02
  27   5  11  1e+02
  28   7  11 -1e+03
  29   9  11  3e+03
  30  11  11 -6e+02
  31   4  12 -5e+00
  32   6  12  8e+02
  33   8  12 -8e+03
  34  10  12  2e+04
  35  12  12 -3e+03
  36   5  13 -9e+01
  37   7  13  6e+03
  38   9  13 -5e+04
  39  11  13  9e+04
  40  13  13 -2e+04
  41   6  14 -1e+03
  42   8  14  4e+04
  43  10  14 -3e+05
  44  12  14  6e+05
  45  14  14 -1e+05
  46   5  15  3e+01
  47   7  15 -1e+04
  48   9  15  4e+05
  49  11  15 -2e+06
  50  13  15  4e+06
  51  15  15 -9e+05
  52   6  16  8e+02
  53   8  16 -1e+05
  54  10  16  3e+06
  55  12  16 -2e+07
  56  14  16  3e+07
  57  16  16 -7e+06
  58   7  17  1e+04
  59   9  17 -1e+06
  60  11  17  3e+07
  61  13  17 -2e+08
  62  15  17  2e+08
  63  17  17 -5e+07
  64   6  18 -2e+02
  65   8  18  2e+05
  66  10  18 -1e+07
  67  12  18  2e+08
  68  14  18 -1e+09
  69  16  18  2e+09
  70  18  18 -5e+08
  71   7  19 -8e+03
  72   9  19  3e+06
  73  11  19 -1e+08
  74  13  19  2e+09
  75  15  19 -1e+10
  76  17  19  2e+10
  77  19  19 -4e+09
  78   8  20 -2e+05
  79  10  20  4e+07
  80  12  20 -2e+09
  81  14  20  2e+10
  82  16  20 -1e+11
  83  18  20  2e+11
  84   7  21  2e+03
  85   9  21 -4e+06
  86  11  21  5e+08
  87  13  21 -2e+10
  88  15  21  2e+11
  89  17  21 -1e+12
  90  19  21  2e+12
  91   8  22  1e+05
  92  10  22 -7e+07
  93  12  22  7e+09
  94  14  22 -2e+11
  95  16  22  3e+12
  96  18  22 -1e+13
  97   9  23  3e+06
  98  11  23 -1e+09
  99  13  23  9e+10
 100  15  23 -3e+12
 101  17  23  3e+13
 102  19  23 -1e+14
 103   8  24 -2e+04
 104  10  24  8e+07
 105  12  24 -2e+10
 106  14  24  1e+12
 107  16  24 -3e+13
 108  18  24  4e+14
 109   9  25 -1e+06
 110  11  25  2e+09
 111  13  25 -3e+11
 112  15  25  2e+13
 113  17  25 -4e+14
 114  19  25  4e+15
 115  10  26 -5e+07
 116  12  26  3e+10
 117  14  26 -5e+12
 118  16  26  2e+14
 119  18  26 -6e+15
 120   9  27  3e+05
 121  11  27 -2e+09
 122  13  27  7e+11
 123  15  27 -8e+13
 124  17  27  4e+15
 125  19  27 -8e+16
 126  10  28  2e+07
 127  12  28 -4e+10
 128  14  28  1e+13
 129  16  28 -1e+15
 130  18  28  5e+16
 131  11  29  1e+09
 132  13  29 -1e+12
 133  15  29  2e+14
 134  17  29 -2e+16
 135  19  29  8e+17
 136  10  30 -3e+06
 137  12  30  4e+10
 138  14  30 -2e+13
 139  16  30  5e+15
 140  18  30 -3e+17
 141  11  31 -3e+08
 142  13  31  1e+12
 143  15  31 -5e+14
 144  17  31  9e+16
 145  19  31 -6e+18
 146  12  32 -2e+10
 147  14  32  3e+13
 148  16  32 -1e+16
 149  18  32  2e+18
 150  11  33  5e+07
 151  13  33 -8e+11
 152  15  33  9e+14
 153  17  33 -3e+17
 154  19  33  3e+19
 155  12  34  6e+09
 156  14  34 -3e+13
 157  16  34  2e+16
 158  18  34 -6e+18
 159  13  35  4e+11
 160  15  35 -1e+15
 161  17  35  6e+17
 162  19  35 -1e+20
 163  12  36 -8e+08
 164  14  36  2e+13
 165  16  36 -3e+16
 166  18  36  1e+19
 167  13  37 -1e+11
 168  15  37  9e+14
 169  17  37 -1e+18
 170  19  37  4e+20
 171  14  38 -9e+12
 172  16  38  4e+16
 173  18  38 -3e+19
 174  13  39  2e+10
 175  15  39 -6e+14
 176  17  39  1e+18
 177  19  39 -8e+20
 178  14  40  2e+12
 179  16  40 -3e+16
 180  18  40  4e+19
 181  15  41  2e+14
 182  17  41 -1e+18
 183  19  41  1e+21
 184  14  42 -3e+11
 185  16  42  2e+16
 186  18  42 -5e+19
 187  15  43 -6e+13
 188  17  43  9e+17
 189  19  43 -2e+21
 190  16  44 -6e+15
 191  18  44  4e+19
 192  15  45  6e+12
 193  17  45 -5e+17
 194  19  45  2e+21
 195  16  46  1e+15
 196  18  46 -3e+19
 197  17  47  2e+17
 198  19  47 -2e+21
 199  16  48 -1e+14
 200  18  48  1e+19
 201  17  49 -3e+16
 202  19  49  1e+21
 203  18  50 -5e+18
 204  17  51  3e+15
 205  19  51 -4e+20
 206  18  52  9e+17
 207  19  53  1e+20
 208  18  54 -8e+16
 209  19  55 -3e+19
 210  19  57  2e+18

u
 1e+00
-2e-01
 1e-01
 3e-01
-4e-01
 7e-02
-1e+00
 2e+00
-9e-01
 7e-02
 5e+00
-1e+01
 9e+00
-2e+00
 1e-01
-3e+01
 8e+01
-9e+01
 4e+01
-7e+00
 2e-01
 2e+02
-8e+02
 1e+03
-7e+02
 2e+02
-3e+01
 6e-01
-2e+03
 8e+03
-1e+04
 1e+04
-5e+03
 1e+03
-1e+02
 2e+00
 2e+04
-1e+05
 2e+05
-2e+05
 1e+05
-4e+04
 7e+03
-5e+02
 6e+00
-2e+05
 1e+06
-3e+06
 4e+06
-3e+06
 1e+06
-3e+05
 5e+04
-2e+03
 2e+01
 3e+06
-2e+07
 5e+07
-7e+07
 7e+07
-4e+07
 1e+07
-3e+06
 3e+05
-1e+04
 1e+02
-5e+07
 3e+08
-9e+08
 2e+09
-2e+09
 1e+09
-5e+08
 1e+08
-2e+07
 2e+06
-8e+04
 6e+02
 8e+08
-6e+09
 2e+10
-3e+10
 4e+10
-3e+10
 2e+10
-7e+09
 2e+09
-2e+08
 2e+07
-5e+05
 3e+03
-1e+10
 1e+11
-4e+11
 8e+11
-1e+12
 1e+12
-6e+11
 3e+11
-9e+10
 2e+10
-2e+09
 1e+08
-4e+06
 2e+04
 3e+11
-2e+12
 9e+12
-2e+13
 3e+13
-3e+13
 2e+13
-1e+13
 5e+12
-1e+12
 2e+11
-2e+10
 1e+09
-3e+07
 1e+05
-6e+12
 5e+13
-2e+14
 5e+14
-9e+14
 1e+15
-9e+14
 5e+14
-2e+14
 7e+13
-2e+13
 2e+12
-2e+11
 1e+10
-2e+08
 8e+05
 1e+14
-1e+15
 6e+15
-2e+16
 3e+16
-3e+16
 3e+16
-2e+16
 1e+16
-4e+15
 1e+15
-2e+14
 3e+13
-3e+12
 1e+11
-2e+09
 6e+06
-3e+15
 3e+16
-2e+17
 4e+17
-9e+17
 1e+18
-1e+18
 1e+18
-6e+17
 2e+17
-8e+16
 2e+16
-3e+15
 4e+14
-3e+13
 1e+12
-2e+10
 5e+07
 8e+16
-9e+17
 4e+18
-1e+19
 3e+19
-4e+19
 5e+19
-4e+19
 3e+19
-1e+19
 5e+18
-2e+18
 3e+17
-5e+16
 5e+15
-3e+14
 1e+13
-2e+11
 4e+08
-2e+18
 3e+19
-1e+20
 4e+20
-1e+21
 2e+21
-2e+21
 2e+21
-1e+21
 8e+20
-3e+20
 1e+20
-3e+19
 6e+18
-8e+17
 7e+16
-4e+15
 1e+14
-2e+12
 4e+09

v
 1e+00
 3e-01
-4e-01
-4e-01
 5e-01
-1e-01
 1e+00
-2e+00
 1e+00
-1e-01
-5e+00
 1e+01
-1e+01
 3e+00
-1e-01
 3e+01
-9e+01
 1e+02
-5e+01
 9e+00
-3e-01
-2e+02
 8e+02
-1e+03
 8e+02
-2e+02
 3e+01
-7e-01
 2e+03
-8e+03
 1e+04
-1e+04
 6e+03
-1e+03
 1e+02
-2e+00
-2e+04
 1e+05
-2e+05
 2e+05
-1e+05
 4e+04
-8e+03
 5e+02
-7e+00
 3e+05
-1e+06
 3e+06
-4e+06
 3e+06
-1e+06
 4e+05
-5e+04
 3e+03
-3e+01
-3e+06
 2e+07
-5e+07
 8e+07
-7e+07
 4e+07
-1e+07
 3e+06
-3e+05
 2e+04
-1e+02
 5e+07
-3e+08
 1e+09
-2e+09
 2e+09
-1e+09
 5e+08
-1e+08
 3e+07
-2e+06
 9e+04
-6e+02
-8e+08
 6e+09
-2e+10
 4e+10
-4e+10
 3e+10
-2e+10
 7e+09
-2e+09
 2e+08
-2e+07
 6e+05
-3e+03
 2e+10
-1e+11
 4e+11
-8e+11
 1e+12
-1e+12
 7e+11
-3e+11
 9e+10
-2e+10
 2e+09
-2e+08
 4e+06
-2e+04
-3e+11
 2e+12
-9e+12
 2e+13
-3e+13
 3e+13
-2e+13
 1e+13
-5e+12
 1e+12
-2e+11
 2e+10
-1e+09
 3e+07
-1e+05
 6e+12
-6e+13
 2e+14
-6e+14
 9e+14
-1e+15
 9e+14
-5e+14
 2e+14
-8e+13
 2e+13
-3e+12
 2e+11
-1e+10
 2e+08
-9e+05
-1e+14
 1e+15
-6e+15
 2e+16
-3e+16
 4e+16
-3e+16
 2e+16
-1e+16
 5e+15
-1e+15
 2e+14
-3e+13
 3e+12
-1e+11
 2e+09
-7e+06
 3e+15
-3e+16
 2e+17
-5e+17
 9e+17
-1e+18
 1e+18
-1e+18
 6e+17
-3e+17
 9e+16
-2e+16
 4e+15
-4e+14
 3e+13
-1e+12
 2e+10
-5e+07
-8e+16
 9e+17
-5e+18
 1e+19
-3e+19
 4e+19
-5e+19
 4e+19
-3e+19
 1e+19
-6e+18
 2e+18
-3e+17
 5e+16
-6e+15
 4e+14
-1e+13
 2e+11
-5e+08
 2e+18
-3e+19
 1e+20
-4e+20
 1e+21
-2e+21
 2e+21
-2e+21
 1e+21
-8e+20
 4e+20
-1e+20
 3e+19
-6e+18
 8e+17
-8e+16
 4e+15
-1e+14
 2e+12
-4e+09
