x	berv(x)	beiv(x)
-20	113,602.519	-44,584.375
-19.9	102,901.8722	-49,027.2642
-19.8	92,640.573	-52,461.751
-19.7	82,854.8613	-54,985.7743
-19.6	73,572.0573	-56,692.9417
-19.5	64,811.459	-57,672.2406
-19.4	56,585.194	-58,007.8285
-19.3	48,899.031	-57,778.89363
-19.2	41,753.14	-57,059.57836
-19.1	35,142.81	-55,918.9577
-19	29,059.113	-54,421.0663
-18.9	23,489.525	-52,624.9673
-18.8	18,418.503	-50,584.8573
-18.7	13,828.004	-48,350.2016
-18.6	9,697.974	-45,965.8942
-18.5	6,006.78	-43,472.4397
-18.4	2,731.6107	-40,906.1496
-18.3	-151.1701	-38,299.3531
-18.2	-2,665.7047	-35,680.6152
-18.1	-4,836.3605	-33,074.9614
-18	-6,687.4816	-30,504.1057
-17.9	-8,243.1736	-27,986.6781
-17.8	-9,527.1173	-25,538.4525
-17.7	-10,562.4107	-23,172.5689
-17.6	-11,371.4357	-20,899.753
-17.5	-11,975.7492	-18,728.5275
-17.4	-12,395.9945	-16,665.4177
-17.3	-12,651.8333	-14,715.1475
-17.2	-12,761.8942	-12,880.8274
-17.1	-12,743.738	-11,164.1324
-17	-12,613.83631	-9,565.4705
-16.9	-12,387.56283	-8,084.1403
-16.8	-12,079.196	-6,718.4792
-16.7	-11,701.93046	-5,466.001
-16.6	-11,267.89745	-4,323.5229
-16.5	-10,788.19158	-3,287.2831
-16.4	-10,272.90377	-2,353.0483
-16.3	-9,731.15888	-1,516.2116
-16.2	-9,171.15726	-771.8816
-16.1	-8,600.21917	-114.962
-16	-8,024.83148	459.7762
-15.9	-7,450.69587	957.6314
-15.8	-6,882.7779	1,383.9149
-15.7	-6,325.3562	1,743.9022
-15.6	-5,782.0722	2,042.7898
-15.5	-5,255.9781	2,285.65953
-15.4	-4,749.5851	2,477.44718
-15.3	-4,264.9098	2,622.91732
-15.2	-3,803.518743	2,726.642488
-15.1	-3,366.572221	2,792.986819
-15	-2,954.86529	2,826.093604
-14.9	-2,568.86723	2,829.876441
-14.8	-2,208.75879	2,808.013537
-14.7	-1,874.46722	2,763.944851
-14.6	-1,565.69922	2,700.871722
-14.5	-1,281.9715	2,621.758672
-14.4	-1,022.63931	2,529.3371
-14.3	-786.92261	2,426.11056
-14.2	-573.93029	2,314.36145
-14.1	-382.68213	2,196.15876
-14	-212.12886	2,073.36674
-13.9	-61.1703	1,947.654386
-13.8	71.32848	1,820.5053
-13.7	186.52258	1,693.22807
-13.6	285.574509	1,566.96685
-13.5	369.642873	1,442.71204
-13.4	439.872616	1,321.31099
-13.3	497.38657	1,203.47861
-13.2	543.2783	1,089.80784
-13.1	578.606109	980.77981
-13	604.388127	876.77378
-12.9	621.598366	778.076638
-12.8	631.1636828	684.892098
-12.7	633.9615358	597.349398
-12.6	630.818469	515.511595
-12.5	622.509237	439.383382
-12.4	609.7565061	368.918428
-12.3	593.2310473	304.026243
-12.2	573.55237	244.578564
-12.1	551.289726	190.415264
-12	526.963436	141.349793
-11.9	501.046474	97.174167
-11.8	473.966277	57.66351
-11.7	446.106721	22.580173
-11.6	417.81024	-8.322557
-11.5	389.380035	-35.297138
-11.4	361.082354	-58.598822
-11.3	333.148811	-78.483054
-11.2	305.778713	-95.2031987
-11.1	279.141381	-109.008573
-11	253.37844	-120.1427612
-10.9	228.606065	-128.8421986
-10.8	204.917168	-135.3349911
-10.7	182.383508	-139.8399618
-10.6	161.057728	-142.5658982
-10.5	140.975302	-143.7109831
-10.4	122.156377	-143.4623906
-10.3	104.607532	-141.99603
-10.2	88.323424	-139.4764213
-10.1	73.288334	-136.0566859
-10	59.4776104	-131.8786392
-9.9	46.8590047	-127.0729703
-9.8	35.39391	-121.7594972
-9.7	25.0384983	-116.0474844
-9.6	15.7447543	-110.0360138
-9.5	7.4614251	-103.8143973
-9.4	0.1348711	-97.4626236
-9.3	-6.2901661	-91.0518298
-9.2	-11.8698792	-84.6447917
-9.1	-16.6607886	-78.2964247
-9	-20.7192091	-72.0542909
-8.9	-24.1007861	-65.9591063
-8.8	-26.8600948	-60.0452442
-8.7	-29.0503008	-54.3412306
-8.6	-30.72287429	-48.8702282
-8.5	-31.9273555	-43.650506
-8.4	-32.71116663	-38.6958935
-8.3	-33.11946524	-34.0162151
-8.2	-33.19503647	-29.6177061
-8.1	-32.9782189	-25.5034067
-8	-32.5068613	-21.6735351
-7.9	-31.81630608	-18.1258374
-7.8	-30.939397	-14.855916
-7.7	-29.9065074	-11.8575347
-7.6	-28.7455861	-9.1229017
-7.5	-27.48221872	-6.6429309
-7.4	-26.1397022	-4.4074812
-7.3	-24.73912882	-2.40557528
-7.2	-23.2994798	-0.6255978
-7.1	-21.83772471	0.94452503
-7	-20.36892603	2.31716511
-6.9	-18.9063472	3.50484912
-6.8	-17.46156265	4.52013201
-6.7	-16.0445682	5.37548603
-6.6	-14.663892	6.08320431
-6.5	-13.32670369	6.65531807
-6.4	-12.0389215	7.10352645
-6.3	-10.80531743	7.43913792
-6.2	-9.62961824	7.67302236
-6.1	-8.51460351	7.81557296
-6	-7.46219923	7.876676898
-5.9	-6.47356711	7.86569404
-5.8	-5.54918928	7.791442833
-5.7	-4.68894829	7.66219258
-5.6	-3.89220224	7.48566136
-5.5	-3.15785498	7.269019005
-5.4	-2.48442156	7.01889425
-5.3	-1.87008872	6.74138578
-5.2	-1.31277071	6.44207628
-5.1	-0.81016055	6.126049243
-5	-0.35977667	5.797907902
-4.9	0.04099467	5.461795879
-4.8	0.3948611	5.121419217
-4.7	0.70458986	4.78006937
-4.6	0.97297727	4.44064688
-4.5	1.20282163	4.10568541
-4.4	1.3968996	3.77737592
-4.3	1.55794556	3.45759076
-4.2	1.68863396	3.14790744
-4.1	1.791564273	2.84963199
-4	1.86924846	2.563821689
-3.9	1.924100717	2.29130706
-3.8	1.958429266	2.032713126
-3.7	1.974430026	1.788479668
-3.6	1.974181992	1.55888061
-3.5	1.959644131	1.344042373
-3.4	1.932653631	1.143961151
-3.3	1.894925348	0.958519209
-3.2	1.848052313	0.787500059
-3.1	1.793507137	0.630602595
-3	1.732644221	0.487454177
-2.9	1.666702614	0.357622671
-2.8	1.596809441	0.240627487
-2.7	1.523983785	0.135949629
-2.6	1.449140932	0.043040792
-2.5	1.373096898	-0.038668444
-2.4	1.296573172	-0.109761303
-2.3	1.22020159	-0.170828332
-2.2	1.1445293	-0.222461712
-2.1	1.070023746	-0.265250309
-2	0.997077652	-0.299775437
-1.9	0.926013936	-0.326607272
-1.8	0.857090547	-0.346301888
-1.7	0.790505185	-0.3593988584
-1.6	0.7263998786	-0.3664193986
-1.5	0.664865418	-0.367864989
-1.4	0.60594561	-0.364216456
-1.3	0.5496413636	-0.3559334649
-1.2	0.495914591	-0.3434543903
-1.1	0.4446919268	-0.3271965305
-1	0.395868261	-0.3075566314
-0.9	0.3493101	-0.2849116898
-0.8	0.3048587511	-0.259620007
-0.7	0.262333347	-0.2320224623
-0.6	0.2215337177	-0.2024439824
-0.5	0.1822431238	-0.1711951797
-0.4	0.1442308645	-0.1385741359
-0.3	0.1072547768	-0.1048683082
-0.2	0.07106364176	-0.07035653596
-0.1	0.03539951482	-0.03531112648
0	0	0
0.1	-0.03539951482	0.03531112648
0.2	-0.07106364176	0.07035653596
0.3	-0.1072547768	0.1048683082
0.4	-0.1442308645	0.1385741359
0.5	-0.1822431238	0.1711951797
0.6	-0.2215337177	0.2024439824
0.7	-0.262333347	0.2320224623
0.8	-0.3048587511	0.259620007
0.9	-0.3493101	0.2849116898
1	-0.395868261	0.3075566314
1.1	-0.4446919268	0.3271965305
1.2	-0.495914591	0.3434543903
1.3	-0.5496413636	0.3559334649
1.4	-0.60594561	0.364216456
1.5	-0.664865418	0.367864989
1.6	-0.7263998786	0.3664193986
1.7	-0.790505185	0.3593988584
1.8	-0.857090547	0.346301888
1.9	-0.926013936	0.326607272
2	-0.997077652	0.299775437
2.1	-1.070023746	0.265250309
2.2	-1.1445293	0.222461712
2.3	-1.22020159	0.170828332
2.4	-1.296573172	0.109761303
2.5	-1.373096898	0.038668444
2.6	-1.449140932	-0.043040792
2.7	-1.523983785	-0.135949629
2.8	-1.596809441	-0.240627487
2.9	-1.666702614	-0.357622671
3	-1.732644221	-0.487454177
3.1	-1.793507137	-0.630602595
3.2	-1.848052313	-0.787500059
3.3	-1.894925348	-0.958519209
3.4	-1.932653631	-1.143961151
3.5	-1.959644131	-1.344042373
3.6	-1.974181992	-1.55888061
3.7	-1.974430026	-1.788479668
3.8	-1.958429266	-2.032713126
3.9	-1.924100717	-2.29130706
4	-1.86924846	-2.563821689
4.1	-1.791564273	-2.84963199
4.2	-1.68863396	-3.14790744
4.3	-1.55794556	-3.45759076
4.4	-1.3968996	-3.77737592
4.5	-1.20282163	-4.10568541
4.6	-0.97297727	-4.44064688
4.7	-0.70458986	-4.78006937
4.8	-0.3948611	-5.121419217
4.9	-0.04099467	-5.461795879
5	0.35977667	-5.797907902
5.1	0.81016055	-6.126049243
5.2	1.31277071	-6.44207628
5.3	1.87008872	-6.74138578
5.4	2.48442156	-7.01889425
5.5	3.15785498	-7.269019005
5.6	3.89220224	-7.48566136
5.7	4.68894829	-7.66219258
5.8	5.54918928	-7.791442833
5.9	6.47356711	-7.86569404
6	7.46219923	-7.876676898
6.1	8.51460351	-7.81557296
6.2	9.62961824	-7.67302236
6.3	10.80531743	-7.43913792
6.4	12.0389215	-7.10352645
6.5	13.32670369	-6.65531807
6.6	14.663892	-6.08320431
6.7	16.0445682	-5.37548603
6.8	17.46156265	-4.52013201
6.9	18.9063472	-3.50484912
7	20.36892603	-2.31716511
7.1	21.83772471	-0.94452503
7.2	23.2994798	0.6255978
7.3	24.73912882	2.40557528
7.4	26.1397022	4.4074812
7.5	27.48221872	6.6429309
7.6	28.7455861	9.1229017
7.7	29.9065074	11.8575347
7.8	30.939397	14.855916
7.9	31.81630608	18.1258374
8	32.5068613	21.6735351
8.1	32.9782189	25.5034067
8.2	33.19503647	29.6177061
8.3	33.11946524	34.0162151
8.4	32.71116663	38.6958935
8.5	31.9273555	43.650506
8.6	30.72287429	48.8702282
8.7	29.0503008	54.3412306
8.8	26.8600948	60.0452442
8.9	24.1007861	65.9591063
9	20.7192091	72.0542909
9.1	16.6607886	78.2964247
9.2	11.8698792	84.6447917
9.3	6.2901661	91.0518298
9.4	-0.1348711	97.4626236
9.5	-7.4614251	103.8143973
9.6	-15.7447543	110.0360138
9.7	-25.0384983	116.0474844
9.8	-35.39391	121.7594972
9.9	-46.8590047	127.0729703
10	-59.4776104	131.8786392
10.1	-73.288334	136.0566859
10.2	-88.323424	139.4764213
10.3	-104.607532	141.99603
10.4	-122.156377	143.4623906
10.5	-140.975302	143.7109831
10.6	-161.057728	142.5658982
10.7	-182.383508	139.8399618
10.8	-204.917168	135.3349911
10.9	-228.606065	128.8421986
11	-253.37844	120.1427612
11.1	-279.141381	109.008573
11.2	-305.778713	95.2031987
11.3	-333.148811	78.483054
11.4	-361.082354	58.598822
11.5	-389.380035	35.297138
11.6	-417.81024	8.322557
11.7	-446.106721	-22.580173
11.8	-473.966277	-57.66351
11.9	-501.046474	-97.174167
12	-526.963436	-141.349793
12.1	-551.289726	-190.415264
12.2	-573.55237	-244.578564
12.3	-593.2310473	-304.026243
12.4	-609.7565061	-368.918428
12.5	-622.509237	-439.383382
12.6	-630.818469	-515.511595
12.7	-633.9615358	-597.349398
12.8	-631.1636828	-684.892098
12.9	-621.598366	-778.076638
13	-604.388127	-876.77378
13.1	-578.606109	-980.77981
13.2	-543.2783	-1,089.80784
13.3	-497.38657	-1,203.47861
13.4	-439.872616	-1,321.31099
13.5	-369.642873	-1,442.71204
13.6	-285.574509	-1,566.96685
13.7	-186.52258	-1,693.22807
13.8	-71.32848	-1,820.5053
13.9	61.1703	-1,947.654386
14	212.12886	-2,073.36674
14.1	382.68213	-2,196.15876
14.2	573.93029	-2,314.36145
14.3	786.92261	-2,426.11056
14.4	1,022.63931	-2,529.3371
14.5	1,281.9715	-2,621.758672
14.6	1,565.69922	-2,700.871722
14.7	1,874.46722	-2,763.944851
14.8	2,208.75879	-2,808.013537
14.9	2,568.86723	-2,829.876441
15	2,954.86529	-2,826.093604
15.1	3,366.572221	-2,792.986819
15.2	3,803.518743	-2,726.642488
15.3	4,264.9098	-2,622.91732
15.4	4,749.5851	-2,477.44718
15.5	5,255.9781	-2,285.65953
15.6	5,782.0722	-2,042.7898
15.7	6,325.3562	-1,743.9022
15.8	6,882.7779	-1,383.9149
15.9	7,450.69587	-957.6314
16	8,024.83148	-459.7762
16.1	8,600.21917	114.962
16.2	9,171.15726	771.8816
16.3	9,731.15888	1,516.2116
16.4	10,272.90377	2,353.0483
16.5	10,788.19158	3,287.2831
16.6	11,267.89745	4,323.5229
16.7	11,701.93046	5,466.001
16.8	12,079.196	6,718.4792
16.9	12,387.56283	8,084.1403
17	12,613.83631	9,565.4705
17.1	12,743.738	11,164.1324
17.2	12,761.8942	12,880.8274
17.3	12,651.8333	14,715.1475
17.4	12,395.9945	16,665.4177
17.5	11,975.7492	18,728.5275
17.6	11,371.4357	20,899.753
17.7	10,562.4107	23,172.5689
17.8	9,527.1173	25,538.4525
17.9	8,243.1736	27,986.6781
18	6,687.4816	30,504.1057
18.1	4,836.3605	33,074.9614
18.2	2,665.7047	35,680.6152
18.3	151.1701	38,299.3531
18.4	-2,731.6107	40,906.1496
18.5	-6,006.78	43,472.4397
18.6	-9,697.974	45,965.8942
18.7	-13,828.004	48,350.2016
18.8	-18,418.503	50,584.8573
18.9	-23,489.525	52,624.9673
19	-29,059.113	54,421.0663
19.1	-35,142.81	55,918.9577
19.2	-41,753.14	57,059.57836
19.3	-48,899.031	57,778.89363
19.4	-56,585.194	58,007.8285
19.5	-64,811.459	57,672.2406
19.6	-73,572.0573	56,692.9417
19.7	-82,854.8613	54,985.7743
19.8	-92,640.573	52,461.751
19.9	-102,901.8722	49,027.2642
20	-113,602.519	44,584.375
