  2pi =        6.2831853071795864769252867665590057684
        0.16666666666666666666666666666666666667
      -0.033333333333333333333333333333333333333
      -0.023809523809523809523809523809523809524
       0.033333333333333333333333333333333333333
       0.075757575757575757575757575757575757576
       -0.25311355311355311355311355311355311355
        -1.1666666666666666666666666666666666667
         7.0921568627450980392156862745098039215
         54.971177944862155388471177944862155388
        -529.12424242424242424242424242424242424
        -6192.1231884057971014492753623188405797
         86580.253113553113553113553113553113552
         1425517.1666666666666666666666666666667
        -27298231.067816091954022988505747126437
        -601580873.90064236838430386817483591678
         15116315767.092156862745098039215686275
         429614643061.16666666666666666666666667
        -13711655205088.332772159087948561632772
        -488332318973593.16666666666666666666667
         19296579341940068.148632668144863266815
         841693047573682615.00055370985603543744
        -40338071854059455413.076811594202898551
        -2115074863808199160560.1453900709219858
         120866265222965259346027.31193708252532
         7500866746076964366855720.0757575757576
        -503877810148106891413789303.05220125787
        -36528776484818123335110430842.971177945
         2849876930245088222626914643291.0678161
         238654274996836276446459819192192.14972
        -21399949257225333665810744765191097.393
        -2050097572347809756992173309567231025.2
     2.0938005911346378409095185290027970185e+38
     2.2752696488463515559649260352769264582e+40
    -2.6257710286239576047303049736158202082e+42
    -3.2125082102718032518204792304264985245e+44
     4.1598278166794710913917074495262358938e+46
     5.6920695482035280023883456219121058646e+48
    -8.2183629419784575692290653468617333017e+50
    -1.2502904327166993016732339829702895525e+53
     2.0015583233248370274925329198813298769e+55
     3.3674982915364374233396676903338753017e+57
    -5.9470970503135447718660496844051540843e+59
    -1.1011910323627977559564130790437691605e+62
      2.135525954525350118865838501904106568e+64
      4.332889698664119241961661305937920622e+66
    -9.1885528241669328226200555215501897141e+68
    -2.0346896776329074493455027990220020066e+71
     4.7003833958035731078575255535006060656e+73
     1.1318043445484249270675186257733934268e+76
    -2.8382249570693706959264156336481764739e+78
    -7.4064248979678850629750827140920984179e+80
     2.0096454802756604483465619672715363188e+83
     5.6657170050805941445719346030519356964e+85
    -1.6584511154136216915823713374319912302e+88
    -5.0368859950492377419289421915180154815e+90
     1.5861468237658186369363401572966438783e+93
     5.1756743617545626984073240682507122563e+95
    -1.7488921840217117339690025877618159146e+98
   -6.1160519994952185255824525264264167783e+100
    2.2122776912707834942288323456712932447e+103
    8.2722776798770969854221062459984595735e+105
   -3.1958925111415709583591634369180814875e+108
   -1.2750082223387792982310024302926679867e+111
    5.2500923086774133899402824624565175449e+113
    2.2301817894241625209869298198838728145e+116
   -9.7684521930955204438633513398980239305e+118
   -4.4098361978452954272272622874813169194e+121
    2.0508570886464088839729337727583015487e+124
    9.8214433279791277107572969602097521046e+126
   -4.8412600798208880508789196709963412764e+129
   -2.4553088801480982609783467404088690401e+132
    1.2806926804084747548782513278601785723e+135
     6.867616710466858119210188859846440044e+137
   -3.7846468581969104694978995416379556817e+140
   -2.1426101250665291550871323135148272098e+143
     1.245672713718369500701964296163760722e+146
    7.4345787551000152543679668394052061316e+148
    -4.553579530464170489406333322332127488e+151
   -2.8612112816858868345363847251017232525e+154
    1.8437723552033869727688202653628785489e+157
    1.2181154536221046699501316506599521357e+160
   -8.2482187185314121548481845729689344737e+162
   -5.7225877937832943329651649814297861596e+165
    4.0668530525059104726767969383115865563e+168
    2.9596092064642050062875269581585187045e+171
   -2.2049522565189457509031175227344598485e+174
   -1.6812597072889599805831152515136066577e+177
    1.3116736213556957648645280635581715301e+180
    1.0467894009478038082183285392982308965e+183
   -8.5432893578833707718598254629908277466e+185
   -7.1287821322486542352288406677143822478e+188
    6.0802931455535899300084711868647745851e+191
    5.2996776424849923930094291004324726627e+194
   -4.7194259168745862644364622901337991114e+197
   -4.2928413791402981089416829654107466908e+200
    3.9876744968232207443447765554293879514e+203
    3.7819780419358882713894418116139332793e+206
   -3.6614233683681191243685808215119734878e+209
    -3.617609027237286234885546092989140895e+212
    3.6470772645191354362138308865549944908e+215
