http://www.befria.nu/elias/pi/binpi.html

11.

00100100 00111111 01101010 10001000 10000101 10100011 00001000 11010011
00010011 00011001 10001010 00101110 00000011 01110000 01110011 01000100
10100100 00001001 00111000 00100010 00101001 10011111 00110001 11010000
00001000 00101110 11111010 10011000 11101100 01001110 01101100 10001001

01000101 00101000 00100001 11100110 00111000 11010000 00010011 01110111
10111110 01010100 01100110 11001111 00110100 11101001 00001100 01101100
11000000 10101100 00101001 10110111 11001001 01111100 01010000 11011101
00111111 10000100 11010101 10110101 10110101 01000111 00001001 00010111

10010010 00010110 11010101 11011001 10001001 01111001 11111011 00011011
11010001 00110001 00001011 10100110 10011000 11011111 10110101 10101100
00101111 11111101 01110010 11011011 11010000 00011010 11011111 10110111
10111000 11100001 10101111 11101101 01101010 00100110 01111110 10010110

10111010 01111100 10010000 01000101 11110001 00101100 01111111 10011001
00100100 10100001 10011001 01000111 10110011 10010001 01101100 11110111
00001000 00000001 11110010 11100010 10000101 10001110 11111100 00010110
01100011 01101001 00100000 11011000 01110001 01010111 01001110 01101001
