  n =                       0
                      x                     f1                     f2                  delta                   frac
      0.250000000000000       4.89334963741421       4.89334963741421  -8.88178419700125e-16  -1.81507246673971e-16
      0.500000000000000       1.90547226473018       1.90547226473018   1.33226762955019e-15   6.99179754127169e-16
      0.750000000000000      0.989322194595138      0.989322194595138   1.11022302462516e-16   1.12220571891596e-16
       1.00000000000000      0.577863674895461      0.577863674895461  -1.11022302462516e-16  -1.92125422112058e-16
       1.25000000000000      0.360032546013684      0.360032546013684   2.77555756156289e-16   7.70918516199200e-16
       1.50000000000000      0.233661357305541      0.233661357305540   3.33066907387547e-16   1.42542571535276e-15
       1.75000000000000      0.155979126894070      0.155979126894070  -2.49800180540660e-16  -1.60149749209909e-15
       2.00000000000000      0.106292082896909      0.106292082896909   1.38777878078145e-17   1.30562760928058e-16
       2.25000000000000     0.0735825399061364     0.0735825399061364  -1.38777878078145e-17  -1.88601641442621e-16
       2.50000000000000     0.0515755257293538     0.0515755257293537   6.93889390390723e-18   1.34538500689640e-16
       2.75000000000000     0.0365155089321273     0.0365155089321273       0.00000000000000       0.00000000000000
       3.00000000000000     0.0260684480380424     0.0260684480380424   3.46944695195361e-18   1.33089892689068e-16
       3.25000000000000     0.0187404256112156     0.0187404256112156       0.00000000000000       0.00000000000000
       3.50000000000000     0.0135525539881700     0.0135525539881700   1.73472347597681e-18   1.27999746578471e-16
       3.75000000000000    0.00985109034803067    0.00985109034803067   1.73472347597681e-18   1.76094565646086e-16
       4.00000000000000    0.00719253457233135    0.00719253457233135   8.67361737988404e-19   1.20591945616086e-16
       4.25000000000000    0.00527204852442335    0.00527204852442335       0.00000000000000       0.00000000000000
       4.50000000000000    0.00387777132369961    0.00387777132369961   4.33680868994202e-19   1.11837659519449e-16
       4.75000000000000    0.00286106337802335    0.00286106337802335   4.33680868994202e-19   1.51580308330612e-16
       5.00000000000000    0.00211678847926043    0.00211678847926043       0.00000000000000       0.00000000000000
       5.00000000000000    0.00211678847926043    0.00211678847926043       0.00000000000000       0.00000000000000
       10.0000000000000   7.13140429076575e-06   7.13140429076575e-06   1.69406589450860e-21   2.37550112914254e-16
       15.0000000000000   3.20340160934869e-08   3.20340160934869e-08       0.00000000000000       0.00000000000000
       20.0000000000000   1.61882626954324e-10   1.61882626954324e-10   2.58493941422821e-26   1.59679853413644e-16
       25.0000000000000   8.72605248392768e-13   8.72605248392768e-13   2.01948391736579e-28   2.31431557521048e-16
       30.0000000000000   4.89963992899523e-15   4.89963992899523e-15   7.88860905221012e-31   1.61003852661227e-16
       35.0000000000000   2.82972978481481e-17   2.82972978481481e-17       0.00000000000000       0.00000000000000
       40.0000000000000   1.66832481478387e-19   1.66832481478387e-19   2.40741243048404e-35   1.44301182188908e-16
       45.0000000000000   9.99207482602028e-22   9.99207482602029e-22  -1.88079096131566e-37  -1.88228270310577e-16
       50.0000000000000   6.05934635297587e-24   6.05934635297587e-24       0.00000000000000       0.00000000000000
       55.0000000000000   3.71159587049575e-26   3.71159587049575e-26       0.00000000000000       0.00000000000000
       60.0000000000000   2.29244915693061e-28   2.29244915693061e-28       0.00000000000000       0.00000000000000
       65.0000000000000   1.42582162315353e-30   1.42582162315353e-30   3.50324616081204e-46   2.45700170619085e-16
       70.0000000000000   8.92088834646149e-33   8.92088834646149e-33       0.00000000000000       0.00000000000000
       75.0000000000000   5.61012413390023e-35   5.61012413390023e-35   1.06910588403688e-50   1.90567242100153e-16
       80.0000000000000   3.54381741304781e-37   3.54381741304781e-37       0.00000000000000       0.00000000000000
       85.0000000000000   2.24734624974610e-39   2.24734624974610e-39       0.00000000000000       0.00000000000000
       90.0000000000000   1.43012499238615e-41   1.43012499238615e-41   2.54894705781192e-57   1.78232467188692e-16
       95.0000000000000   9.12894290598823e-44   9.12894290598823e-44  -1.99136488891557e-59  -2.18137511585192e-16
       100.000000000000   5.84348167853147e-46   5.84348167853147e-46   2.33363072919793e-61   3.99356215622532e-16
max(abs(diff)) =    1.33226762955019e-15
max(abs(frac)) =    1.60149749209909e-15

  n =                       1
                      x                     f1                     f2                  delta                   frac
      0.250000000000000       24.4667481870710       24.4667481870710   3.55271367880050e-15   1.45205797339176e-16
      0.500000000000000       5.71641679419054       5.71641679419054   8.88178419700125e-16   1.55373278694927e-16
      0.750000000000000       2.30841845405532       2.30841845405532   1.33226762955019e-15   5.77134369728210e-16
       1.00000000000000       1.15572734979092       1.15572734979092   4.44089209850063e-16   3.84250844224117e-16
       1.25000000000000      0.648058582824631      0.648058582824631   1.11022302462516e-16   1.71315225822044e-16
       1.50000000000000      0.389435595509234      0.389435595509234   2.77555756156289e-16   7.12712857676381e-16
       1.75000000000000      0.245110056547825      0.245110056547825  -2.77555756156289e-17  -1.13237196411047e-16
       2.00000000000000      0.159438124345364      0.159438124345364   2.77555756156289e-17   1.74083681237411e-16
       2.25000000000000      0.106285890975530      0.106285890975530  -1.38777878078145e-17  -1.30570367152583e-16
       2.50000000000000     0.0722057360210953     0.0722057360210952   1.38777878078145e-17   1.92197858128058e-16
       2.75000000000000     0.0497938758165373     0.0497938758165373       0.00000000000000       0.00000000000000
       3.00000000000000     0.0347579307173898     0.0347579307173898   6.93889390390723e-18   1.99634839033603e-16
       3.25000000000000     0.0245067104146666     0.0245067104146666       0.00000000000000       0.00000000000000
       3.50000000000000     0.0174247122705043     0.0174247122705043   3.46944695195361e-18   1.99110716899844e-16
       3.75000000000000     0.0124780477741722     0.0124780477741722   1.73472347597681e-18   1.39022025510068e-16
       4.00000000000000    0.00899066821541419    0.00899066821541419   1.73472347597681e-18   1.92947112985738e-16
       4.25000000000000    0.00651253053017002    0.00651253053017002       0.00000000000000       0.00000000000000
       4.50000000000000    0.00473949828452174    0.00473949828452174   8.67361737988404e-19   1.83007079213645e-16
       4.75000000000000    0.00346339251023879    0.00346339251023879   8.67361737988404e-19   2.50437031154924e-16
       5.00000000000000    0.00254014617511252    0.00254014617511252   4.33680868994202e-19   1.70730674180588e-16
       5.00000000000000    0.00254014617511252    0.00254014617511252   4.33680868994202e-19   1.70730674180588e-16
       10.0000000000000   7.84454471984233e-06   7.84454471984233e-06   1.69406589450860e-21   2.15954648103867e-16
       15.0000000000000   3.41696171663860e-08   3.41696171663860e-08  -6.61744490042422e-24  -1.93664590042117e-16
       20.0000000000000   1.69976758302040e-10   1.69976758302040e-10  -2.58493941422821e-26  -1.52076050870137e-16
       25.0000000000000   9.07509458328479e-13   9.07509458328479e-13   3.02922587604869e-28   3.33795515655357e-16
       30.0000000000000   5.06296125996174e-15   5.06296125996174e-15   7.88860905221012e-31   1.55810179994736e-16
       35.0000000000000   2.91057920723809e-17   2.91057920723809e-17       0.00000000000000       0.00000000000000
       40.0000000000000   1.71003293515347e-19   1.71003293515347e-19   7.22223729145213e-35   4.22344923479732e-16
       45.0000000000000   1.02141209332652e-21   1.02141209332652e-21  -1.88079096131566e-37  -1.84136351390782e-16
       50.0000000000000   6.18053328003539e-24   6.18053328003539e-24       0.00000000000000       0.00000000000000
       55.0000000000000   3.77907943177749e-26   3.77907943177749e-26       0.00000000000000       0.00000000000000
       60.0000000000000   2.33065664287946e-28   2.33065664287946e-28       0.00000000000000       0.00000000000000
       65.0000000000000   1.44775734043282e-30   1.44775734043282e-30   3.50324616081204e-46   2.41977440761220e-16
       70.0000000000000   9.04832960855380e-33   9.04832960855380e-33  -1.36845553156720e-48  -1.51238470609375e-16
       75.0000000000000   5.68492578901890e-35   5.68492578901890e-35   1.06910588403688e-50   1.88059778388309e-16
       80.0000000000000   3.58811513071091e-37   3.58811513071091e-37   4.17619485951906e-53   1.16389656055758e-16
       85.0000000000000   2.27378561739017e-39   2.27378561739017e-39   3.26265223399926e-55   1.43489879126956e-16
       90.0000000000000   1.44601527007933e-41   1.44601527007933e-41   2.54894705781192e-57   1.76273868648157e-16
       95.0000000000000   9.22503704184074e-44   9.22503704184074e-44  -1.99136488891557e-59  -2.15865245839513e-16
       100.000000000000   5.90191649531679e-46   5.90191649531678e-46   1.55575381946529e-61   2.63601462457117e-16
max(abs(diff)) =    3.55271367880050e-15
max(abs(frac)) =    7.12712857676381e-16

  n =                       2
                      x                     f1                     f2                  delta                   frac
      0.250000000000000       298.494327882267       298.494327882267  -5.68434188608080e-14  -1.90433832575969e-16
      0.500000000000000       36.2039730298734       36.2039730298734   7.10542735760100e-15   1.96260983614644e-16
      0.750000000000000       10.2229960108164       10.2229960108164   1.77635683940025e-15   1.73760885509569e-16
       1.00000000000000       4.04504572426823       4.04504572426822   2.66453525910038e-15   6.58715732955629e-16
       1.25000000000000       1.91537314479280       1.91537314479280   2.22044604925031e-16   1.15927596420932e-16
       1.50000000000000       1.01253254832401       1.01253254832401   2.22044604925031e-16   2.19296263900425e-16
       1.75000000000000      0.576167795261771      0.576167795261770   3.33066907387547e-16   5.78072759579047e-16
       2.00000000000000      0.345449269414955      0.345449269414955       0.00000000000000       0.00000000000000
       2.25000000000000      0.215297061206844      0.215297061206844   5.55111512312578e-17   2.57835155389912e-16
       2.50000000000000      0.138222408954668      0.138222408954668   8.32667268468867e-17   6.02411197117793e-16
       2.75000000000000     0.0908361007319862     0.0908361007319862  -1.38777878078145e-17  -1.52778330377271e-16
       3.00000000000000     0.0608263787554322     0.0608263787554322   6.93889390390723e-18   1.14077050876344e-16
       3.25000000000000     0.0413620044555233     0.0413620044555233       0.00000000000000       0.00000000000000
       3.50000000000000     0.0284880216486022     0.0284880216486022       0.00000000000000       0.00000000000000
       3.75000000000000     0.0198335285673684     0.0198335285673684  -3.46944695195361e-18  -1.74928376469621e-16
       4.00000000000000     0.0139355357338920     0.0139355357338920   3.46944695195361e-18   2.48964016755791e-16
       4.25000000000000    0.00986912889866101    0.00986912889866101  -1.73472347597681e-18  -1.75772704337884e-16
       4.50000000000000    0.00703743684671411    0.00703743684671411       0.00000000000000       0.00000000000000
       4.75000000000000    0.00504846917396364    0.00504846917396364   1.73472347597681e-18   3.43613760171748e-16
       5.00000000000000    0.00364087618432794    0.00364087618432794       0.00000000000000       0.00000000000000
       5.00000000000000    0.00364087618432794    0.00364087618432794       0.00000000000000       0.00000000000000
       10.0000000000000   9.48476770671845e-06   9.48476770671845e-06   1.69406589450860e-21   1.78609107454326e-16
       15.0000000000000   3.88679395267641e-08   3.88679395267641e-08  -6.61744490042422e-24  -1.70254584652410e-16
       20.0000000000000   1.87379140699630e-10   1.87379140699630e-10   2.58493941422821e-26   1.37952357160816e-16
       25.0000000000000   9.81506383392186e-13   9.81506383392186e-13       0.00000000000000       0.00000000000000
       30.0000000000000   5.40593605499141e-15   5.40593605499141e-15   7.88860905221012e-31   1.45924941989027e-16
       35.0000000000000   3.07920800257807e-17   3.07920800257807e-17       0.00000000000000       0.00000000000000
       40.0000000000000   1.79657728492038e-19   1.79657728492038e-19   4.81482486096809e-35   2.67999874059493e-16
       45.0000000000000   1.06730162215713e-21   1.06730162215713e-21  -1.88079096131566e-37  -1.76219254451650e-16
       50.0000000000000   6.43017834977800e-24   6.43017834977800e-24       0.00000000000000       0.00000000000000
       55.0000000000000   3.91772747586543e-26   3.91772747586543e-26       0.00000000000000       0.00000000000000
       60.0000000000000   2.40898198907458e-28   2.40898198907458e-28       0.00000000000000       0.00000000000000
       65.0000000000000   1.49264119271197e-30   1.49264119271197e-30   1.75162308040602e-46   1.17350578890531e-16
       70.0000000000000   9.30867390111380e-33   9.30867390111380e-33       0.00000000000000       0.00000000000000
       75.0000000000000   5.83752116546098e-35   5.83752116546098e-35   1.06910588403688e-50   1.83143812884566e-16
       80.0000000000000   3.67837173044947e-37   3.67837173044947e-37       0.00000000000000       0.00000000000000
       85.0000000000000   2.32759750683046e-39   2.32759750683046e-39   3.26265223399926e-55   1.40172526582660e-16
       90.0000000000000   1.47832550138879e-41   1.47832550138879e-41       0.00000000000000       0.00000000000000
       95.0000000000000   9.42025986520425e-44   9.42025986520426e-44  -1.99136488891557e-59  -2.11391715028064e-16
       100.000000000000   6.02053917339097e-46   6.02053917339097e-46   2.33363072919793e-61   3.87611584608883e-16
max(abs(diff)) =    5.68434188608080e-14
max(abs(frac)) =    6.58715732955629e-16

  n =                       5
                      x                     f1                     f2                  delta                   frac
      0.250000000000000       6059048.28138866       6059048.28138866   9.31322574615479e-10   1.53707732859001e-16
      0.500000000000000       93693.9767290477       93693.9767290477       0.00000000000000       0.00000000000000
      0.750000000000000       8084.85089891976       8084.85089891976   1.81898940354586e-12   2.24987377786880e-16
       1.00000000000000       1404.78659367087       1404.78659367087   4.54747350886464e-13   3.23712763871243e-16
       1.25000000000000       357.141340656175       357.141340656175   5.68434188608080e-14   1.59162248639067e-16
       1.50000000000000       115.246973897699       115.246973897699   5.68434188608080e-14   4.93231335612039e-16
       1.75000000000000       43.7612725687258       43.7612725687258   1.42108547152020e-14   3.24735865322113e-16
       2.00000000000000       18.6907984519034       18.6907984519034   3.55271367880050e-15   1.90078218859543e-16
       2.25000000000000       8.72247495338187       8.72247495338187  -1.77635683940025e-15  -2.03652844965926e-16
       2.50000000000000       4.36064880978599       4.36064880978599   8.88178419700125e-16   2.03680337133986e-16
       2.75000000000000       2.30289357857427       2.30289357857427   4.44089209850063e-16   1.92839657890314e-16
       3.00000000000000       1.27156096541118       1.27156096541118  -6.66133814775094e-16  -5.23870921564260e-16
       3.25000000000000      0.728395628605023      0.728395628605023  -2.22044604925031e-16  -3.04840661043336e-16
       3.50000000000000      0.430289355715197      0.430289355715197  -1.66533453693773e-16  -3.87026663527322e-16
       3.75000000000000      0.260897152429720      0.260897152429720   5.55111512312578e-17   2.12770245724362e-16
       4.00000000000000      0.161754764322479      0.161754764322479   5.55111512312578e-17   3.43180934816789e-16
       4.25000000000000      0.102234562660829      0.102234562660829  -2.77555756156289e-17  -2.71489160742146e-16
       4.50000000000000     0.0657057942123166     0.0657057942123166   4.16333634234434e-17   6.33633059649391e-16
       4.75000000000000     0.0428522078949960     0.0428522078949960       0.00000000000000       0.00000000000000
       5.00000000000000     0.0283107758370207     0.0283107758370207   1.04083408558608e-17   3.67645906837012e-16
       5.00000000000000     0.0283107758370207     0.0283107758370207   1.04083408558608e-17   3.67645906837012e-16
       10.0000000000000   2.90529845103651e-05   2.90529845103651e-05   1.01643953670516e-20   3.49857184669798e-16
       15.0000000000000   8.36415278871185e-08   8.36415278871185e-08   1.32348898008484e-23   1.58233477259168e-16
       20.0000000000000   3.35291549889401e-10   3.35291549889401e-10  -5.16987882845642e-26  -1.54190549393856e-16
       25.0000000000000   1.56841715511680e-12   1.56841715511680e-12   6.05845175209737e-28   3.86278085031925e-16
       30.0000000000000   8.00320796112996e-15   8.00320796112995e-15   1.57772181044202e-30   1.97136175656651e-16
       35.0000000000000   4.31457209159928e-17   4.31457209159928e-17       0.00000000000000       0.00000000000000
       40.0000000000000   2.41501006052149e-19   2.41501006052149e-19   9.62964972193618e-35   3.98741598610847e-16
       45.0000000000000   1.38892818971845e-21   1.38892818971845e-21  -1.88079096131566e-37  -1.35413117484275e-16
       50.0000000000000   8.15293670607157e-24   8.15293670607156e-24   1.46936793852786e-39   1.80225603546463e-16
       55.0000000000000   4.86244143321345e-26   4.86244143321345e-26       0.00000000000000       0.00000000000000
       60.0000000000000   2.93705203031465e-28   2.93705203031465e-28   4.48415508583941e-44   1.52675371071279e-16
       65.0000000000000   1.79254923787002e-30   1.79254923787002e-30   3.50324616081204e-46   1.95433748027739e-16
       70.0000000000000   1.10349488373263e-32   1.10349488373263e-32  -1.36845553156720e-48  -1.24011044522320e-16
       75.0000000000000   6.84262625787884e-35   6.84262625787884e-35  -1.06910588403688e-50  -1.56242039787848e-16
       80.0000000000000   4.26941375259010e-37   4.26941375259010e-37   1.67047794380762e-52   3.91266351918739e-16
       85.0000000000000   2.67817528237967e-39   2.67817528237967e-39       0.00000000000000       0.00000000000000
       90.0000000000000   1.68786258279781e-41   1.68786258279781e-41   2.54894705781192e-57   1.51016266595991e-16
       95.0000000000000   1.06811432526837e-43   1.06811432526837e-43  -5.97409466674670e-59  -5.59312287591092e-16
       100.000000000000   6.78387052335164e-46   6.78387052335163e-46   3.11150763893057e-61   4.58662592132331e-16
max(abs(diff)) =    9.31322574615479e-10
max(abs(frac)) =    6.33633059649391e-16

  n =                      10
                      x                     f1                     f2                  delta                   frac
      0.250000000000000   4.30652703529015e+15   4.30652703529015e+15      -1.00000000000000  -2.32205671021087e-16
      0.500000000000000       2092451307900.83       2092451307900.83   0.000488281250000000   2.33353697721095e-16
      0.750000000000000       23992996405.4579       23992996405.4579  -1.14440917968750e-05  -4.76976347742532e-16
       1.00000000000000       1001775282.23352       1001775282.23352   1.19209289550781e-07   1.18998034454390e-16
       1.25000000000000       84792362.9817519       84792362.9817518   4.47034835815430e-08   5.27211201687628e-16
       1.50000000000000       11208602.9848598       11208602.9848598  -3.72529029846191e-09  -3.32359911711916e-16
       1.75000000000000       2013380.53468661       2013380.53468661       0.00000000000000       0.00000000000000
       2.00000000000000       452287.165167764       452287.165167764   1.74622982740402e-10   3.86088742260971e-16
       2.25000000000000       120436.619416843       120436.619416843  -5.82076609134674e-11  -4.83305336826208e-16
       2.50000000000000       36650.7739509461       36650.7739509461   4.36557456851006e-11   1.19112752553411e-15
       2.75000000000000       12418.5084030966       12418.5084030966   3.63797880709171e-12   2.92948129437554e-16
       3.00000000000000       4595.83963997699       4595.83963997700  -3.63797880709171e-12  -7.91580884469225e-16
       3.25000000000000       1830.75820548164       1830.75820548164   4.54747350886464e-13   2.48392906023779e-16
       3.50000000000000       776.149234840427       776.149234840427  -5.68434188608080e-13  -7.32377438631306e-16
       3.75000000000000       347.063991618300       347.063991618300       0.00000000000000       0.00000000000000
       4.00000000000000       162.512069744431       162.512069744431   8.52651282912120e-14   5.24669511780272e-16
       4.25000000000000       79.2155362846040       79.2155362846040       0.00000000000000       0.00000000000000
       4.50000000000000       40.0004023637257       40.0004023637257       0.00000000000000       0.00000000000000
       4.75000000000000       20.8389467051080       20.8389467051080  -3.55271367880050e-15  -1.70484320972407e-16
       5.00000000000000       11.1621781719491       11.1621781719491   7.10542735760100e-15   6.36562796986810e-16
       5.00000000000000       11.1621781719491       11.1621781719491   7.10542735760100e-15   6.36562796986810e-16
       10.0000000000000   0.000990762291443907   0.000990762291443906   6.50521303491303e-19   6.56586659695388e-16
       15.0000000000000   9.99357524124153e-07   9.99357524124152e-07   2.11758236813575e-22   2.11894373836993e-16
       20.0000000000000   2.25314680152426e-09   2.25314680152426e-09  -8.27180612553028e-25  -3.67122378352550e-16
       25.0000000000000   7.34377514977311e-12   7.34377514977310e-12   3.23117426778526e-27   4.39988180722703e-16
       30.0000000000000   2.92674524382423e-14   2.92674524382423e-14       0.00000000000000       0.00000000000000
       35.0000000000000   1.31866638230350e-16   1.31866638230350e-16       0.00000000000000       0.00000000000000
       40.0000000000000   6.44211160213842e-19   6.44211160213842e-19   1.92592994438724e-34   2.98959419415822e-16
       45.0000000000000   3.33020020499826e-21   3.33020020499826e-21       0.00000000000000       0.00000000000000
       50.0000000000000   1.79404410875704e-23   1.79404410875704e-23   2.93873587705572e-39   1.63805107283106e-16
       55.0000000000000   9.97107034188262e-26   9.97107034188262e-26       0.00000000000000       0.00000000000000
       60.0000000000000   5.67783012002623e-28   5.67783012002623e-28  -8.96831017167883e-44  -1.57953126143151e-16
       65.0000000000000   3.29613092102099e-30   3.29613092102099e-30   1.40129846432482e-45   4.25134346268855e-16
       70.0000000000000   1.94369466046976e-32   1.94369466046976e-32  -5.47382212626882e-48  -2.81619445563835e-16
       75.0000000000000   1.16108337531240e-34   1.16108337531240e-34   2.13821176807376e-50   1.84156608693019e-16
       80.0000000000000   7.01124992390177e-37   7.01124992390177e-37   8.35238971903811e-53   1.19128398070140e-16
       85.0000000000000   4.27274821199404e-39   4.27274821199404e-39   6.52530446799852e-55   1.52719143376652e-16
       90.0000000000000   2.62438972233287e-41   2.62438972233286e-41   1.01957882312477e-56   3.88501301635356e-16
       95.0000000000000   1.62292271462072e-43   1.62292271462072e-43  -7.96545955566226e-59  -4.90809542802153e-16
       100.000000000000   1.00957646143456e-45   1.00957646143456e-45   3.11150763893057e-61   3.08199305133291e-16
max(abs(diff)) =        1.00000000000000
max(abs(frac)) =    1.19112752553411e-15

  n =                      20
                      x                     f1                     f2                  delta                   frac
      0.250000000000000   2.20776196992349e+36   2.20776196992349e+36   8.85443715538058e+20   4.01059411114298e-16
      0.500000000000000   1.05021562413268e+30   1.05021562413268e+30       422212465065984.   4.02024551305518e-16
      0.750000000000000   2.09711652547284e+26   2.09711652547284e+26      -206158430208.000  -9.83056628965896e-16
       1.00000000000000   4.95991763320369e+23   4.95991763320369e+23      -134217728.000000  -2.70604751783563e-16
       1.25000000000000   4.54187351445792e+21   4.54187351445792e+21       7340032.00000000   1.61608023134833e-15
       1.50000000000000   9.78601765553578e+19   9.78601765553578e+19      -49152.0000000000  -5.02267640731218e-16
       1.75000000000000   3.80371357834007e+18   3.80371357834007e+18      -2048.00000000000  -5.38421192295384e-16
       2.00000000000000   2.27598681918043e+17   2.27598681918043e+17       32.0000000000000   1.40598353779232e-16
       2.25000000000000   1.89264584135269e+16   1.89264584135269e+16      -8.00000000000000  -4.22688694588646e-16
       2.50000000000000   2.03974511528775e+15   2.03974511528775e+15       3.25000000000000   1.59333633189827e-15
       2.75000000000000       271054298478617.       271054298478617.     0.0937500000000000   3.45871659391507e-16
       3.00000000000000       42809295307663.3       42809295307663.3    -0.0781250000000000  -1.82495412359696e-15
       3.25000000000000       7814337739435.11       7814337739435.10    0.00683593750000000   8.74794221588658e-16
       3.50000000000000       1613210668525.40       1613210668525.41   -0.00170898437500000  -1.05936838154073e-15
       3.75000000000000       370221718737.450       370221718737.450  -6.10351562500000e-05  -1.64861090424801e-16
       4.00000000000000       93149579165.2578       93149579165.2577   6.10351562500000e-05   6.55238132012565e-16
       4.25000000000000       25405146003.1381       25405146003.1381       0.00000000000000       0.00000000000000
       4.50000000000000       7440532377.70940       7440532377.70940       0.00000000000000       0.00000000000000
       4.75000000000000       2321723647.55138       2321723647.55139  -2.38418579101562e-06  -1.02690334981517e-15
       5.00000000000000       766744623.538339       766744623.538339   5.96046447753906e-07   7.77372842868200e-16
       5.00000000000000       766744623.538339       766744623.538339   5.96046447753906e-07   7.77372842868200e-16
       10.0000000000000       145.175000149493       145.175000149493   1.98951966012828e-13   1.37042855731330e-15
       15.0000000000000    0.00678540455874966    0.00678540455874966   8.67361737988404e-19   1.27827564366808e-16
       20.0000000000000   2.40949955444572e-06   2.40949955444572e-06   4.23516473627150e-22   1.75769475800786e-16
       25.0000000000000   2.30266551473943e-09   2.30266551473943e-09   4.13590306276514e-25   1.79613714466608e-16
       30.0000000000000   3.84740186952435e-12   3.84740186952435e-12  -8.07793566946316e-28  -2.09958198893890e-16
       35.0000000000000   9.08670479477134e-15   9.08670479477134e-15   1.57772181044202e-30   1.73629698122236e-16
       40.0000000000000   2.69878398210452e-17   2.69878398210452e-17   2.15704153771370e-32   7.99264243458136e-16
       45.0000000000000   9.40250104948664e-20   9.40250104948663e-20   3.61111864572607e-35   3.84059371726763e-16
       50.0000000000000   3.67748301663384e-22   3.67748301663384e-22   1.88079096131566e-37   5.11434302431457e-16
       55.0000000000000   1.56837756581477e-24   1.56837756581477e-24       0.00000000000000       0.00000000000000
       60.0000000000000   7.14892091754282e-27   7.14892091754283e-27  -1.43492962746861e-42  -2.00719751137185e-16
       65.0000000000000   3.43345970230501e-29   3.43345970230501e-29   1.68155815718978e-44   4.89756194331008e-16
       70.0000000000000   1.71950404826803e-31   1.71950404826803e-31  -6.56858655152258e-47  -3.82004715728282e-16
       75.0000000000000   8.90988845788107e-34   8.90988845788107e-34   5.13170824337702e-49   5.75956508056828e-16
       80.0000000000000   4.74851858886415e-36   4.74851858886415e-36   6.68191177523049e-52   1.40715712704598e-16
       85.0000000000000   2.59093223701809e-38   2.59093223701809e-38       0.00000000000000       0.00000000000000
       90.0000000000000   1.44206364706845e-40   1.44206364706845e-40   4.07831529249908e-56   2.82811046571337e-16
       95.0000000000000   8.16353435848317e-43   8.16353435848317e-43  -1.59309191113245e-58  -1.95147327269712e-16
       100.000000000000   4.68935421826122e-45   4.68935421826122e-45   2.48920611114446e-60   5.30820662139581e-16
max(abs(diff)) =    8.85443715538058e+20
max(abs(frac)) =    1.82495412359696e-15

  n =                      50
                      x                     f1                     f2                  delta                   frac
      0.250000000000000  2.17005802387466e+109  2.17005802387466e+109   1.25155490385991e+94   5.76737990454857e-16
      0.500000000000000   9.62787205864144e+93   9.62787205864144e+93   7.41069371118824e+78   7.69712524849851e-16
      0.750000000000000   1.00505698936164e+85   1.00505698936164e+85  -2.41561122137670e+70  -2.40345696507315e-15
       1.00000000000000   4.25947019605696e+78   4.25947019605696e+78   2.46825683598181e+63   5.79475080789790e-16
       1.25000000000000   4.84966001849692e+73   4.84966001849690e+73   1.25542034707734e+59   2.58867702537721e-15
       1.50000000000000   4.42547689462371e+69   4.42547689462372e+69  -1.07274687860612e+55  -2.42402548730815e-15
       1.75000000000000   1.69782199850955e+66   1.69782199850955e+66  -3.36729977241040e+51  -1.98330553813440e-15
       2.00000000000000   1.86314775505046e+63   1.86314775505046e+63   7.30750818665451e+47   3.92213025877628e-16
       2.25000000000000   4.56183168081191e+60   4.56183168081192e+60  -1.07043576952947e+46  -2.34650430885462e-15
       2.50000000000000   2.10331394147635e+58   2.10331394147635e+58   6.41146424457755e+43   3.04826783969171e-15
       2.75000000000000   1.61808144888454e+56   1.61808144888454e+56   1.74224571863520e+41   1.07673548809070e-15
       3.00000000000000   1.89947449228844e+54   1.89947449228844e+54  -7.82649443918158e+39  -4.12034721758880e-15
       3.25000000000000   3.17937922855682e+52   3.17937922855681e+52   7.97536797470950e+37   2.50846703126059e-15
       3.50000000000000   7.19824282437535e+50   7.19824282437538e+50  -2.32614899262360e+36  -3.23155115682757e-15
       3.75000000000000   2.11413143046214e+49   2.11413143046214e+49   7.78844528780224e+33   3.68399295123280e-16
       4.00000000000000   7.78796488986081e+47   7.78796488986081e+47   9.73555660975280e+32   1.25007710582101e-15
       4.25000000000000   3.50051710051158e+46   3.50051710051158e+46  -2.53530120045646e+31  -7.24264766507193e-16
       4.50000000000000   1.87646681938943e+45   1.87646681938944e+45  -4.43677710079880e+30  -2.36443141704069e-15
       4.75000000000000   1.17691203533593e+44   1.17691203533593e+44  -2.57491528171359e+29  -2.18785703978175e-15
       5.00000000000000   8.49795875736954e+42   8.49795875736953e+42   1.85691005892807e+28   2.18512481873101e-15
       5.00000000000000   8.49795875736954e+42   8.49795875736953e+42   1.85691005892807e+28   2.18512481873101e-15
       10.0000000000000   2.59020657165833e+27   2.59020657165832e+27       7696581394432.00   2.97141605563314e-15
       15.0000000000000   1.45540329257526e+18   1.45540329257526e+18      -256.000000000000  -1.75896262778835e-16
       20.0000000000000       262403485212.243       262403485212.242   0.000518798828125000   1.97710342035044e-15
       25.0000000000000       1015834.43183685       1015834.43183685   1.97906047105789e-09   1.94821164653704e-15
       30.0000000000000       25.5136803680791       25.5136803680791   7.10542735760100e-15   2.78494801811926e-16
       35.0000000000000    0.00221051523023893    0.00221051523023894  -1.30104260698261e-18  -5.88569845249144e-16
       40.0000000000000   4.55714121717786e-07   4.55714121717785e-07   8.47032947254300e-22   1.85869365658774e-15
       45.0000000000000   1.76740714603208e-10   1.76740714603208e-10   2.58493941422821e-25   1.46256023691628e-15
       50.0000000000000   1.10246016239614e-13   1.10246016239614e-13   6.31088724176809e-29   5.72436760712669e-16
       55.0000000000000   9.91966288653732e-17   9.91966288653733e-17  -6.16297582203915e-32  -6.21288837386134e-16
       60.0000000000000   1.19079123469041e-19   1.19079123469041e-19  -4.81482486096809e-35  -4.04338285393902e-16
       65.0000000000000   1.80061808329661e-22   1.80061808329661e-22   3.29138418230241e-37   1.82791909780028e-15
       70.0000000000000   3.28455173662658e-25   3.28455173662658e-25  -1.83670992315982e-40  -5.59196526782747e-16
       75.0000000000000   6.99202271899632e-28   6.99202271899631e-28   1.34524652575182e-42   1.92397333334885e-15
       80.0000000000000   1.69271828986460e-30   1.69271828986460e-30   3.50324616081204e-46   2.06959786621805e-16
       85.0000000000000   4.56621321860032e-33   4.56621321860032e-33       0.00000000000000       0.00000000000000
       90.0000000000000   1.35027159093885e-35   1.35027159093885e-35   2.67276471009220e-51   1.97942749297852e-16
       95.0000000000000   4.31951200288667e-38   4.31951200288667e-38  -2.61012178719941e-53  -6.04263117096353e-16
       100.000000000000   1.47876163321122e-40   1.47876163321122e-40   1.22349458774972e-55   8.27377827684661e-16
max(abs(diff)) =    1.25155490385991e+94
max(abs(frac)) =    4.12034721758880e-15

  n =                     100
                      x                     f1                     f2                  delta                   frac
      0.250000000000000  6.72970799842704e+247  6.72970799842704e+247  2.48402894768113e+232   3.69113927121613e-16
      0.500000000000000  2.65315156790384e+217  2.65315156790384e+217  1.46966499319720e+202   5.53931788510045e-16
      0.750000000000000  4.34714275565628e+199  4.34714275565630e+199 -2.03956989241639e+185  -4.69174813677925e-15
       1.00000000000000  1.04451364487963e+187  1.04451364487962e+187  5.79680628452589e+171   5.54976597284561e-16
       1.25000000000000  1.69976557125367e+177  1.69976557125366e+177  1.05724474171765e+163   6.21994444173783e-15
       1.50000000000000  1.70739112412273e+169  1.70739112412274e+169 -8.04468475796556e+154  -4.71168242841776e-15
       1.75000000000000  2.94999128622767e+162  2.94999128622769e+162 -1.35858496909752e+148  -4.60538638008933e-15
       2.00000000000000  4.08894423676845e+156  4.08894423676845e+156  3.81072821083495e+141   9.31958958150680e-16
       2.25000000000000  2.78001515211827e+151  2.78001515211829e+151 -1.33738325270392e+137  -4.81070490455734e-15
       2.50000000000000  6.62590206686152e+146  6.62590206686147e+146  4.17009521995771e+132   6.29362640419009e-15
       2.75000000000000  4.35664200129439e+142  4.35664200129438e+142  8.12305574449457e+127   1.86452220358734e-15
       3.00000000000000  6.62123446102310e+138  6.62123446102314e+138 -4.75960297528979e+124  -7.18839213942337e-15
       3.25000000000000  2.03358191968233e+135  2.03358191968232e+135  1.06517807471085e+121   5.23794032785877e-15
       3.50000000000000  1.13701920461670e+132  1.13701920461670e+132 -5.35867284270965e+117  -4.71291322165142e-15
       3.75000000000000  1.06538141499257e+129  1.06538141499257e+129 -6.15656346818664e+113  -5.77874119216693e-16
       4.00000000000000  1.56491465648149e+126  1.56491465648149e+126  3.90797485773566e+111   2.49724471654080e-15
       4.25000000000000  3.41207241822470e+123  3.41207241822471e+123 -7.04562774832150e+108  -2.06491155073060e-15
       4.50000000000000  1.05548111273930e+121  1.05548111273930e+121 -5.96309640157419e+106  -5.64964766266456e-15
       4.75000000000000  4.46002999935362e+118  4.46002999935364e+118 -2.15015495249069e+104  -4.82094280263204e-15
       5.00000000000000  2.49323804143571e+116  2.49323804143570e+116  1.18986439428196e+102   4.77236579302629e-15
       5.00000000000000  2.49323804143571e+116  2.49323804143570e+116  1.18986439428196e+102   4.77236579302629e-15
       10.0000000000000   8.14750762433343e+85   8.14750762433339e+85   4.41711766194596e+71   5.42143421720009e-15
       15.0000000000000   9.77167613158767e+67   9.77167613158767e+67  -5.98631070650738e+52  -6.12618615874526e-16
       20.0000000000000   1.51948213559182e+55   1.51948213559181e+55   7.89455091256577e+40   5.19555362162318e-15
       25.0000000000000   1.41707360016394e+45   1.41707360016393e+45   4.91214607588439e+30   3.46640151599475e-15
       30.0000000000000   7.23809827763470e+36   7.23809827763470e+36  -3.54177486215223e+21  -4.89323953101896e-16
       35.0000000000000   5.65557603338341e+29   5.65557603338342e+29  -1.33700613937562e+15  -2.36404944692390e-15
       40.0000000000000   3.16116950714108e+23   3.16116950714107e+23       1140850688.00000   3.60895132457409e-15
       45.0000000000000   7.75044012781787e+17   7.75044012781783e+17       3328.00000000000   4.29394969203770e-15
       50.0000000000000       5975311343975.95       5975311343975.94    0.00195312500000000   3.26865812936937e-16
       55.0000000000000       114365072.376071       114365072.376071  -3.27825546264648e-07  -2.86648309185384e-15
       60.0000000000000       4568.11478945964       4568.11478945965  -1.00044417195022e-11  -2.19005917771292e-15
       65.0000000000000      0.334052446295771      0.334052446295770   1.16573417585641e-15   3.48967411789068e-15
       70.0000000000000   4.04253270865579e-05   4.04253270865579e-05  -6.77626357803440e-20  -1.67624211512877e-15
       75.0000000000000   7.47788362377054e-09   7.47788362377051e-09   2.81241408268029e-23   3.76097599826275e-15
       80.0000000000000   1.98459044384796e-12   1.98459044384796e-12   3.63507105125842e-27   1.83164796672623e-15
       85.0000000000000   7.17901218139809e-16   7.17901218139809e-16  -4.93038065763132e-31  -6.86777029074653e-16
       90.0000000000000   3.39416456735907e-19   3.39416456735907e-19   5.29630734706490e-34   1.56041560211851e-15
       95.0000000000000   2.02581466395019e-22   2.02581466395019e-22  -1.41059322098675e-37  -6.96309117555794e-16
       100.000000000000   1.48279652923433e-25   1.48279652923432e-25   2.52547614434476e-40   1.70318455334451e-15
max(abs(diff)) =   2.48402894768113e+232
max(abs(frac)) =    7.18839213942337e-15

