                      s                     f1                     f2                  delta                   frac
      -10.0000000000000       0.00000000000000       0.00000000000000       0.00000000000000                      -
      -9.80000000000000       5.99958339946442       5.99958339946442   3.55271367880050e-15   5.92160062166592e-16
      -9.60000000000000       9.01643325194152       9.01643325194150   2.13162820728030e-14   2.36415902798515e-15
      -9.40000000000000       9.84396278660461       9.84396278660460   5.32907051820075e-15   5.41354191774516e-16
      -9.20000000000000       9.21655174611094       9.21655174611094       0.00000000000000       0.00000000000000
      -9.00000000000000       7.75000000000000       7.75000000000000  -8.88178419700125e-16  -1.14603667058081e-16
      -8.80000000000000       5.91936353071874       5.91936353071873   6.21724893790088e-15   1.05032389135019e-15
      -8.60000000000000       4.06125305209805       4.06125305209805   1.77635683940025e-15   4.37391321499305e-16
      -8.40000000000000       2.39035607599301       2.39035607599301       0.00000000000000       0.00000000000000
      -8.20000000000000       1.02262991575778       1.02262991575778   6.66133814775094e-16   6.51392849466451e-16
      -8.00000000000000       0.00000000000000       0.00000000000000       0.00000000000000                      -
      -7.80000000000000     -0.686652231798228     -0.686652231798229   1.33226762955019e-15  -1.94023636399054e-15
      -7.60000000000000      -1.07794276130219      -1.07794276130219   2.22044604925031e-16  -2.05989235139716e-16
      -7.40000000000000      -1.23055514848625      -1.23055514848625  -8.88178419700125e-16   7.21770512108057e-16
      -7.20000000000000      -1.20590915420997      -1.20590915420997  -4.66293670342566e-15   3.86673961893962e-15
      -7.00000000000000      -1.06250000000000      -1.06250000000000   2.22044604925031e-16  -2.08983157576500e-16
      -6.80000000000000     -0.851279888983987     -0.851279888983986  -8.88178419700125e-16   1.04334476967402e-15
      -6.60000000000000     -0.613396470143902     -0.613396470143901  -7.77156117237610e-16   1.26697194239688e-15
      -6.40000000000000     -0.379636670296981     -0.379636670296981  -4.44089209850063e-16   1.16977427260297e-15
      -6.20000000000000     -0.171008560746392     -0.171008560746392  -8.32667268468867e-17   4.86915546703961e-16
      -6.00000000000000       0.00000000000000       0.00000000000000       0.00000000000000                      -
      -5.80000000000000      0.127838363437119      0.127838363437119       0.00000000000000       0.00000000000000
      -5.60000000000000      0.212238084601233      0.212238084601233   8.32667268468867e-17   3.92326980350081e-16
      -5.40000000000000      0.256653003094366      0.256653003094366   1.66533453693773e-16   6.48866179962612e-16
      -5.20000000000000      0.266893202347014      0.266893202347014  -1.11022302462516e-16  -4.15980255346349e-16
      -5.00000000000000      0.250000000000000      0.250000000000000   5.55111512312578e-17   2.22044604925031e-16
      -4.80000000000000      0.213372411284223      0.213372411284223   5.55111512312578e-17   2.60160865676838e-16
      -4.60000000000000      0.164131320592785      0.164131320592785   1.11022302462516e-16   6.76423622630596e-16
      -4.40000000000000      0.108693288155328      0.108693288155328  -6.93889390390723e-17  -6.38392123531233e-16
      -4.20000000000000     0.0525190332077858     0.0525190332077858   2.08166817117217e-17   3.96364526158788e-16
      -4.00000000000000       0.00000000000000       0.00000000000000       0.00000000000000                      -
      -3.80000000000000    -0.0455517660311797    -0.0455517660311797  -3.46944695195361e-17   7.61649273834699e-16
      -3.60000000000000    -0.0818413342602991    -0.0818413342602993   2.22044604925031e-16  -2.71311076404022e-15
      -3.40000000000000     -0.107482227670692     -0.107482227670692  -1.38777878078145e-17   1.29117046683604e-16
      -3.20000000000000     -0.121862280566743     -0.121862280566743   6.93889390390723e-17  -5.69404566502171e-16
      -3.00000000000000     -0.125000000000000     -0.125000000000000  -1.38777878078145e-17   1.11022302462516e-16
      -2.80000000000000     -0.117403017216763     -0.117403017216763   3.74700270810990e-16  -3.19157275250579e-15
      -2.60000000000000    -0.0999364739064697    -0.0999364739064698   1.38777878078145e-16  -1.38866094283081e-15
      -2.40000000000000    -0.0737061453516758    -0.0737061453516760   1.52655665885959e-16  -2.07113891463987e-15
      -2.20000000000000    -0.0399587333272024    -0.0399587333272024   6.24500451351651e-17  -1.56286348277840e-15
      -2.00000000000000       0.00000000000000       0.00000000000000       0.00000000000000                      -
      -1.80000000000000     0.0448698260826540     0.0448698260826540  -2.77555756156289e-17  -6.18579968741149e-16
      -1.60000000000000     0.0934047522995761     0.0934047522995764  -2.49800180540660e-16  -2.67438405852711e-15
      -1.40000000000000      0.144447685783733      0.144447685783733  -1.66533453693773e-16  -1.15289803910813e-15
      -1.20000000000000      0.196953128074908      0.196953128074909  -4.16333634234434e-16  -2.11387165212266e-15
      -1.00000000000000      0.250000000000000      0.250000000000000  -2.22044604925031e-16  -8.88178419700124e-16
     -0.800000000000001      0.302796599051299      0.302796599051298   9.99200722162641e-16   3.29990734801272e-15
     -0.600000000000000      0.354679514114235      0.354679514114236  -6.66133814775094e-16  -1.87812881282042e-15
     -0.400000000000000      0.405108100842836      0.405108100842837  -8.88178419700125e-16  -2.19244793637118e-15
     -0.199999999999999      0.453655882044114      0.453655882044117  -2.27595720048157e-15  -5.01692426035874e-15
       0.00000000000000      0.500000000000000      0.500000000000000   5.55111512312578e-17   1.11022302462516e-16
      0.199999999999999      0.543909624270303      0.543909624270303   1.11022302462516e-16   2.04119025493363e-16
      0.400000000000000      0.585234016779489      0.585234016779489       0.00000000000000       0.00000000000000
      0.600000000000000      0.623890779768824      0.623890779768824       0.00000000000000       0.00000000000000
      0.800000000000001      0.659854662679817      0.659854662679817   1.11022302462516e-16   1.68252660383772e-16
       1.20000000000000      0.723827197293743      0.723827197293743   2.22044604925031e-16   3.06764661172190e-16
       1.40000000000000      0.751982549321635      0.751982549321634   8.88178419700125e-16   1.18111573267405e-15
       1.60000000000000      0.777722726661129      0.777722726661130  -6.66133814775094e-16  -8.56518386231167e-16
       1.80000000000000      0.801172585082118      0.801172585082117   1.11022302462516e-16   1.38574764700837e-16
       2.00000000000000      0.822467033424113      0.822467033424114  -5.55111512312578e-16  -6.74934665771983e-16
       2.20000000000000      0.841746620722236      0.841746620722236  -1.11022302462516e-16  -1.31895156724545e-16
       2.40000000000000      0.859153936763546      0.859153936763546   1.11022302462516e-16   1.29222829241450e-16
       2.60000000000000      0.874830734970281      0.874830734970280   3.33066907387547e-16   3.80721543120981e-16
       2.80000000000000      0.888915686455893      0.888915686455893  -4.44089209850063e-16  -4.99585299951952e-16
       3.00000000000000      0.901542677369696      0.901542677369696  -1.11022302462516e-16  -1.23147029252603e-16
       3.20000000000000      0.912839567147106      0.912839567147106  -3.33066907387547e-16  -3.64869051884418e-16
       3.40000000000000      0.922927332158507      0.922927332158508  -3.33066907387547e-16  -3.60880966227951e-16
       3.60000000000000      0.931919526843412      0.931919526843412       0.00000000000000       0.00000000000000
       3.80000000000000      0.939922002237716      0.939922002237716  -3.33066907387547e-16  -3.54355900377477e-16
       4.00000000000000      0.947032829497246      0.947032829497246       0.00000000000000       0.00000000000000
       4.20000000000000      0.953342383347215      0.953342383347215       0.00000000000000       0.00000000000000
       4.40000000000000      0.958933547188000      0.958933547188000       0.00000000000000       0.00000000000000
       4.60000000000000      0.963882007772759      0.963882007772759       0.00000000000000       0.00000000000000
       4.80000000000000      0.968256612901645      0.968256612901645       0.00000000000000       0.00000000000000
       5.00000000000000      0.972119770446909      0.972119770446909       0.00000000000000       0.00000000000000
       5.20000000000000      0.975527871254668      0.975527871254669  -2.22044604925031e-16  -2.27614824207380e-16
       5.40000000000000      0.978531722100932      0.978531722100932   2.22044604925031e-16   2.26916102881464e-16
       5.60000000000000      0.981176977960434      0.981176977960434       0.00000000000000       0.00000000000000
       5.80000000000000      0.983504565430811      0.983504565430811       0.00000000000000       0.00000000000000
       6.00000000000000      0.985551091297435      0.985551091297435       0.00000000000000       0.00000000000000
       6.20000000000000      0.987349231980393      0.987349231980393  -1.11022302462516e-16  -1.12444815741468e-16
       6.40000000000000      0.988928101026832      0.988928101026832       0.00000000000000       0.00000000000000
       6.60000000000000      0.990313592947370      0.990313592947369   2.22044604925031e-16   2.24216456793431e-16
       6.80000000000000      0.991528702588468      0.991528702588468       0.00000000000000       0.00000000000000
       7.00000000000000      0.992593819922830      0.992593819922830       0.00000000000000       0.00000000000000
       7.20000000000000      0.993527000661620      0.993527000661620   3.33066907387547e-16   3.35236895590908e-16
       7.40000000000000      0.994344213475843      0.994344213475843       0.00000000000000       0.00000000000000
       7.60000000000000      0.995059564885478      0.995059564885478       0.00000000000000       0.00000000000000
       7.80000000000000      0.995685503056117      0.995685503056117       0.00000000000000       0.00000000000000
       8.00000000000000      0.996233001852648      0.996233001852648       0.00000000000000       0.00000000000000
       8.20000000000000      0.996711726553530      0.996711726553530       0.00000000000000       0.00000000000000
       8.40000000000000      0.997130182640463      0.997130182640463       0.00000000000000       0.00000000000000
       8.60000000000000      0.997495849057344      0.997495849057344       0.00000000000000       0.00000000000000
       8.80000000000000      0.997815297288035      0.997815297288035       0.00000000000000       0.00000000000000
       9.00000000000000      0.998094297541605      0.998094297541606  -2.22044604925031e-16  -2.22468563814007e-16
       9.20000000000000      0.998337913261848      0.998337913261848       0.00000000000000       0.00000000000000
       9.40000000000000      0.998550585099444      0.998550585099444       0.00000000000000       0.00000000000000
       9.60000000000000      0.998736205403486      0.998736205403486       0.00000000000000       0.00000000000000
       9.80000000000000      0.998898184206779      0.998898184206779       0.00000000000000       0.00000000000000
       10.0000000000000      0.999039507598271      0.999039507598272  -2.22044604925031e-16  -2.22258082124134e-16
       10.2000000000000      0.999162789297618      0.999162789297618   2.22044604925031e-16   2.22230658810985e-16
       10.4000000000000      0.999270316172103      0.999270316172103   2.22044604925031e-16   2.22206745593741e-16
       10.6000000000000      0.999364088365674      0.999364088365673   2.22044604925031e-16   2.22185895520976e-16
       10.8000000000000      0.999445854643953      0.999445854643953       0.00000000000000       0.00000000000000
       11.0000000000000      0.999517143498061      0.999517143498061       0.00000000000000       0.00000000000000
       11.2000000000000      0.999579290493844      0.999579290493844  -2.22044604925031e-16  -2.22138060518771e-16
       11.4000000000000      0.999633462301628      0.999633462301628  -2.22044604925031e-16  -2.22126022486062e-16
       11.6000000000000      0.999680677794710      0.999680677794710       0.00000000000000       0.00000000000000
       11.8000000000000      0.999721826562263      0.999721826562263       0.00000000000000       0.00000000000000
       12.0000000000000      0.999757685143858      0.999757685143858       0.00000000000000       0.00000000000000
       12.2000000000000      0.999788931258194      0.999788931258194       0.00000000000000       0.00000000000000
       12.4000000000000      0.999816156267516      0.999816156267516  -2.22044604925031e-16  -2.22085433940137e-16
       12.6000000000000      0.999839876091378      0.999839876091378       0.00000000000000       0.00000000000000
       12.8000000000000      0.999860540758490      0.999860540758490   2.22044604925031e-16   2.22075575416337e-16
       13.0000000000000      0.999878542763265      0.999878542763265   2.22044604925031e-16   2.22071577125146e-16
       13.2000000000000      0.999894224373911      0.999894224373911       0.00000000000000       0.00000000000000
       13.4000000000000      0.999907884021423      0.999907884021423       0.00000000000000       0.00000000000000
       13.6000000000000      0.999919781883283      0.999919781883283   2.22044604925031e-16   2.22062418354025e-16
       13.8000000000000      0.999930144761943      0.999930144761943       0.00000000000000       0.00000000000000
       14.0000000000000      0.999939170345980      0.999939170345980       0.00000000000000       0.00000000000000
       14.2000000000000      0.999947030931125      0.999947030931125       0.00000000000000       0.00000000000000
       14.4000000000000      0.999953876668856      0.999953876668856       0.00000000000000       0.00000000000000
       14.6000000000000      0.999959838401933      0.999959838401933       0.00000000000000       0.00000000000000
       14.8000000000000      0.999965030138894      0.999965030138894       0.00000000000000       0.00000000000000
       15.0000000000000      0.999969551213099      0.999969551213099       0.00000000000000       0.00000000000000
       15.2000000000000      0.999973488166192      0.999973488166192       0.00000000000000       0.00000000000000
       15.4000000000000      0.999976916390916      0.999976916390916       0.00000000000000       0.00000000000000
       15.6000000000000      0.999979901563812      0.999979901563812       0.00000000000000       0.00000000000000
       15.8000000000000      0.999982500894501      0.999982500894501       0.00000000000000       0.00000000000000
       16.0000000000000      0.999984764214906      0.999984764214906       0.00000000000000       0.00000000000000
       16.2000000000000      0.999986734928801      0.999986734928801  -2.22044604925031e-16  -2.22047550401597e-16
       16.4000000000000      0.999988450839515      0.999988450839515   2.22044604925031e-16   2.22047169383426e-16
       16.6000000000000      0.999989944871353      0.999989944871353       0.00000000000000       0.00000000000000
       16.8000000000000      0.999991245698324      0.999991245698324   2.22044604925031e-16   2.22046548787505e-16
       17.0000000000000      0.999992378292041      0.999992378292041       0.00000000000000       0.00000000000000
       17.2000000000000      0.999993364399140      0.999993364399140       0.00000000000000       0.00000000000000
       17.4000000000000      0.999994222957269      0.999994222957269   2.22044604925031e-16   2.22045887693613e-16
       17.6000000000000      0.999994970457509      0.999994970457509   2.22044604925031e-16   2.22045721713424e-16
       17.8000000000000      0.999995621260123      0.999995621260123       0.00000000000000       0.00000000000000
       18.0000000000000      0.999996187869610      0.999996187869610   2.22044604925031e-16   2.22045451391245e-16
       18.2000000000000      0.999996681174318      0.999996681174318       0.00000000000000       0.00000000000000
       18.4000000000000      0.999997110655148      0.999997110655148  -2.22044604925031e-16  -2.22045246490321e-16
       18.6000000000000      0.999997484567348      0.999997484567348       0.00000000000000       0.00000000000000
       18.8000000000000      0.999997810098849      0.999997810098849  -2.22044604925031e-16  -2.22045091181832e-16
       19.0000000000000      0.999998093508172      0.999998093508172  -2.22044604925031e-16  -2.22045028252063e-16
       19.2000000000000      0.999998340244525      0.999998340244525       0.00000000000000       0.00000000000000
       19.4000000000000      0.999998555052408      0.999998555052408       0.00000000000000       0.00000000000000
       19.6000000000000      0.999998742062696      0.999998742062696       0.00000000000000       0.00000000000000
       19.8000000000000      0.999998904871968      0.999998904871968       0.00000000000000       0.00000000000000
       20.0000000000000      0.999999046611581      0.999999046611581       0.00000000000000       0.00000000000000
       20.2000000000000      0.999999170007829      0.999999170007829       0.00000000000000       0.00000000000000
       20.4000000000000      0.999999277434313      0.999999277434313       0.00000000000000       0.00000000000000
       20.6000000000000      0.999999370957561      0.999999370957561       0.00000000000000       0.00000000000000
       20.8000000000000      0.999999452376734      0.999999452376734       0.00000000000000       0.00000000000000
       21.0000000000000      0.999999523258216      0.999999523258216       0.00000000000000       0.00000000000000
       21.2000000000000      0.999999584965714      0.999999584965714       0.00000000000000       0.00000000000000
       21.4000000000000      0.999999638686484      0.999999638686484  -2.22044604925031e-16  -2.22044685152777e-16
       21.6000000000000      0.999999685454152      0.999999685454152       0.00000000000000       0.00000000000000
       21.8000000000000      0.999999726168593      0.999999726168593       0.00000000000000       0.00000000000000
       22.0000000000000      0.999999761613231      0.999999761613231  -2.22044604925031e-16  -2.22044657857540e-16
       22.2000000000000      0.999999792470109      0.999999792470109       0.00000000000000       0.00000000000000
       22.4000000000000      0.999999819333007      0.999999819333007       0.00000000000000       0.00000000000000
       22.6000000000000      0.999999842718859      0.999999842718859       0.00000000000000       0.00000000000000
       22.8000000000000      0.999999863077699      0.999999863077699       0.00000000000000       0.00000000000000
       23.0000000000000      0.999999880801318      0.999999880801319  -2.22044604925031e-16  -2.22044631392459e-16
       23.2000000000000      0.999999896230802      0.999999896230802  -2.22044604925031e-16  -2.22044627966424e-16
       23.4000000000000      0.999999909663089      0.999999909663089       0.00000000000000       0.00000000000000
       23.6000000000000      0.999999921356688      0.999999921356688       0.00000000000000       0.00000000000000
       23.8000000000000      0.999999931536649      0.999999931536649       0.00000000000000       0.00000000000000
       24.0000000000000      0.999999940398892      0.999999940398892       0.00000000000000       0.00000000000000
       24.2000000000000      0.999999948113982      0.999999948113982       0.00000000000000       0.00000000000000
       24.4000000000000      0.999999954830406      0.999999954830406       0.00000000000000       0.00000000000000
       24.6000000000000      0.999999960677430      0.999999960677430       0.00000000000000       0.00000000000000
       24.8000000000000      0.999999965767590      0.999999965767590       0.00000000000000       0.00000000000000
       25.0000000000000      0.999999970198857      0.999999970198857  -2.22044604925031e-16  -2.22044611542215e-16
       25.2000000000000      0.999999974056518      0.999999974056518       0.00000000000000       0.00000000000000
       25.4000000000000      0.999999977414823      0.999999977414823       0.00000000000000       0.00000000000000
       25.6000000000000      0.999999980338410      0.999999980338410   2.22044604925031e-16   2.22044609290781e-16
       25.8000000000000      0.999999982883550      0.999999982883550       0.00000000000000       0.00000000000000
       26.0000000000000      0.999999985099232      0.999999985099232       0.00000000000000       0.00000000000000
       26.2000000000000      0.999999987028101      0.999999987028102  -2.22044604925031e-16  -2.22044607805371e-16
       26.4000000000000      0.999999988707285      0.999999988707285       0.00000000000000       0.00000000000000
       26.6000000000000      0.999999990169103      0.999999990169103       0.00000000000000       0.00000000000000
       26.8000000000000      0.999999991441694      0.999999991441694       0.00000000000000       0.00000000000000
       27.0000000000000      0.999999992549551      0.999999992549551       0.00000000000000       0.00000000000000
       27.2000000000000      0.999999993513998      0.999999993513998       0.00000000000000       0.00000000000000
       27.4000000000000      0.999999994353600      0.999999994353600       0.00000000000000       0.00000000000000
       27.6000000000000      0.999999995084518      0.999999995084518       0.00000000000000       0.00000000000000
       27.8000000000000      0.999999995720819      0.999999995720820  -2.22044604925031e-16  -2.22044605875200e-16
       28.0000000000000      0.999999996274753      0.999999996274753       0.00000000000000       0.00000000000000
       28.2000000000000      0.999999996756982      0.999999996756982       0.00000000000000       0.00000000000000
       28.4000000000000      0.999999997176786      0.999999997176786       0.00000000000000       0.00000000000000
       28.6000000000000      0.999999997542248      0.999999997542248       0.00000000000000       0.00000000000000
       28.8000000000000      0.999999997860401      0.999999997860401       0.00000000000000       0.00000000000000
       29.0000000000000      0.999999998137370      0.999999998137370       0.00000000000000       0.00000000000000
       29.2000000000000      0.999999998378485      0.999999998378485       0.00000000000000       0.00000000000000
       29.4000000000000      0.999999998588388      0.999999998588389  -2.22044604925031e-16  -2.22044605238472e-16
       29.6000000000000      0.999999998771120      0.999999998771120  -2.22044604925031e-16  -2.22044605197897e-16
       29.8000000000000      0.999999998930197      0.999999998930197       0.00000000000000       0.00000000000000
       30.0000000000000      0.999999999068682      0.999999999068682       0.00000000000000       0.00000000000000
max(abs(diff)) =    2.13162820728030e-14
max(abs(frac)) =    5.01692426035874e-15
