  a =       0.500000000000000
                      x                     f1                     f2                  delta                   frac
       0.00000000000000       0.00000000000000       0.00000000000000       0.00000000000000                      -
      0.500000000000000       1.21003561931111       1.21003561931111  -6.66133814775094e-16  -5.50507608325062e-16
       1.00000000000000       1.49364826562485       1.49364826562485       0.00000000000000       0.00000000000000
       1.50000000000000       1.62487133770142       1.62487133770142   4.44089209850063e-16   2.73307307197800e-16
       2.00000000000000       1.69180673294520       1.69180673294520   6.66133814775094e-16   3.93741082715428e-16
       2.50000000000000       1.72752689830551       1.72752689830551   4.44089209850063e-16   2.57066451634217e-16
       3.00000000000000       1.74709734158205       1.74709734158205   4.44089209850063e-16   2.54186872866469e-16
       3.50000000000000       1.75800662991599       1.75800662991599   2.22044604925031e-16   1.26304759690037e-16
       4.00000000000000       1.76416278152484       1.76416278152484   2.22044604925031e-16   1.25864011671932e-16
       4.50000000000000       1.76766858697653       1.76766858697653   4.44089209850063e-16   2.51228772815183e-16
       5.00000000000000       1.76967924764510       1.76967924764510   4.44089209850063e-16   2.50943333624445e-16
max(abs(diff)) =    6.66133814775094e-16
max(abs(frac)) =    5.50507608325062e-16

  a =        1.00000000000000
                      x                     f1                     f2                  delta                   frac
       0.00000000000000       0.00000000000000       0.00000000000000       0.00000000000000                      -
      0.500000000000000      0.393469340287367      0.393469340287367       0.00000000000000       0.00000000000000
       1.00000000000000      0.632120558828558      0.632120558828558   1.11022302462516e-16   1.75634696438701e-16
       1.50000000000000      0.776869839851570      0.776869839851570  -1.11022302462516e-16  -1.42909785870601e-16
       2.00000000000000      0.864664716763398      0.864664716763387   1.06581410364015e-14   1.23263281475125e-14
       2.50000000000000      0.917915001376112      0.917915001376101   1.06581410364015e-14   1.16112505193000e-14
       3.00000000000000      0.950212931632147      0.950212931632136   1.06581410364015e-14   1.12165817593058e-14
       3.50000000000000      0.969802616577692      0.969802616577682   1.06581410364015e-14   1.09900106003145e-14
       4.00000000000000      0.981684361111276      0.981684361111266   1.06581410364015e-14   1.08569938145256e-14
       4.50000000000000      0.988891003461768      0.988891003461758   1.06581410364015e-14   1.07778723833983e-14
       5.00000000000000      0.993262053000925      0.993262053000915   1.06581410364015e-14   1.07304421871352e-14
max(abs(diff)) =    1.06581410364015e-14
max(abs(frac)) =    1.23263281475125e-14

  a =        1.50000000000000
                      x                     f1                     f2                  delta                   frac
       0.00000000000000       0.00000000000000       0.00000000000000       0.00000000000000                      -
      0.500000000000000      0.176135867175201      0.176135867175201       0.00000000000000       0.00000000000000
       1.00000000000000      0.378944691640985      0.378944691640985  -4.44089209850063e-16  -1.17191035960149e-15
       1.50000000000000      0.539158149556137      0.539158149556137  -6.66133814775094e-16  -1.23550727244592e-15
       2.00000000000000      0.654510373451777      0.654510373451778  -7.77156117237610e-16  -1.18738548502909e-15
       2.50000000000000      0.733975670461100      0.733975670461101  -5.55111512312578e-16  -7.56307783286391e-16
       3.00000000000000      0.787314938817981      0.787314938817981  -6.66133814775094e-16  -8.46083037335961e-16
       3.50000000000000      0.822509183586314      0.822509183586315  -4.44089209850063e-16  -5.39920062550231e-16
       4.00000000000000      0.845450112984954      0.845450112984954  -3.33066907387547e-16  -3.93952170887550e-16
       4.50000000000000      0.860268553135159      0.860268553135159  -4.44089209850063e-16  -5.16221601070533e-16
       5.00000000000000      0.869773116303806      0.869773116303807  -4.44089209850063e-16  -5.10580519822534e-16
max(abs(diff)) =    7.77156117237610e-16
max(abs(frac)) =    1.23550727244592e-15

  a =        2.00000000000000
                      x                     f1                     f2                  delta                   frac
       0.00000000000000       0.00000000000000       0.00000000000000       0.00000000000000                      -
      0.500000000000000     0.0902040104310499     0.0902040104310498   1.11022302462516e-16   1.23079120243084e-15
       1.00000000000000      0.264241117657115      0.264241117657115   1.66533453693773e-16   6.30232929569541e-16
       1.50000000000000      0.442174599628925      0.442174599628926  -7.21644966006352e-16  -1.63203622870232e-15
       2.00000000000000      0.593994150290162      0.593994150290162  -5.55111512312578e-16  -9.34540368859542e-16
       2.50000000000000      0.712702504816354      0.712702504816354  -2.22044604925031e-16  -3.11553002023259e-16
       3.00000000000000      0.800851726528555      0.800851726528545   1.04360964314765e-14   1.30312467161854e-14
       3.50000000000000      0.864111774599577      0.864111774599567   1.05471187339390e-14   1.22057343088822e-14
       4.00000000000000      0.908421805556340      0.908421805556329   1.05471187339390e-14   1.16103760053181e-14
       4.50000000000000      0.938900519039678      0.938900519039667   1.06581410364015e-14   1.13517255771708e-14
       5.00000000000000      0.959572318005498      0.959572318005487   1.05471187339390e-14   1.09914787411350e-14
max(abs(diff)) =    1.06581410364015e-14
max(abs(frac)) =    1.30312467161854e-14

  a =        2.50000000000000
                      x                     f1                     f2                  delta                   frac
       0.00000000000000       0.00000000000000       0.00000000000000       0.00000000000000                      -
      0.500000000000000     0.0497628295226249     0.0497628295226249  -2.77555756156289e-17  -5.57757183059892e-16
       1.00000000000000      0.200537596290035      0.200537596290035   5.55111512312578e-17   2.76811691464442e-16
       1.50000000000000      0.398820945392345      0.398820945392346  -1.16573417585641e-15  -2.92295123745220e-15
       2.00000000000000      0.598979574136022      0.598979574136023  -1.11022302462516e-15  -1.85352401411443e-15
       2.50000000000000      0.776494058962517      0.776494058962517  -4.44089209850063e-16  -5.71915785734942e-16
       3.00000000000000      0.922271212307833      0.922271212307836  -2.22044604925031e-15  -2.40758468834130e-15
       3.50000000000000       1.03603431557859       1.03603431557859  -4.44089209850063e-16  -4.28643340449641e-16
       4.00000000000000       1.12165005836756       1.12165005836756  -8.88178419700125e-16  -7.91849840397436e-16
       4.50000000000000       1.18435699811376       1.18435699811376  -8.88178419700125e-16  -7.49924576048155e-16
       5.00000000000000       1.22932713686198       1.22932713686198  -6.66133814775094e-16  -5.41868632685916e-16
max(abs(diff)) =    2.22044604925031e-15
max(abs(frac)) =    2.92295123745220e-15

  a =        3.00000000000000
                      x                     f1                     f2                  delta                   frac
       0.00000000000000       0.00000000000000       0.00000000000000       0.00000000000000                      -
      0.500000000000000     0.0287753559339414     0.0287753559339414  -5.55111512312578e-17  -1.92912127164275e-15
       1.00000000000000      0.160602794142788      0.160602794142788   2.49800180540660e-16   1.55539124878842e-15
       1.50000000000000      0.382306338923883      0.382306338923883   6.66133814775094e-16   1.74240850060224e-15
       2.00000000000000      0.646647167633873      0.646647167633876  -2.99760216648792e-15  -4.63560704588925e-15
       2.50000000000000      0.912373768233341      0.912373768233344  -2.66453525910038e-15  -2.92044264299684e-15
       3.00000000000000       1.15361983774631       1.15361983774631  -2.88657986402541e-15  -2.50219333057289e-15
       3.50000000000000       1.35830560227573       1.35830560227573  -1.11022302462516e-15  -8.17358790808980e-16
       4.00000000000000       1.52379338889293       1.52379338889291   2.02060590481778e-14   1.32603666582766e-14
       4.50000000000000       1.65284385817995       1.65284385817993   2.04281036531029e-14   1.23593668887742e-14
       5.00000000000000       1.75069596103386       1.75069596103384   2.06501482580279e-14   1.17953937848999e-14
max(abs(diff)) =    2.06501482580279e-14
max(abs(frac)) =    1.32603666582766e-14

  a =        3.50000000000000
                      x                     f1                     f2                  delta                   frac
       0.00000000000000       0.00000000000000       0.00000000000000       0.00000000000000                      -
      0.500000000000000     0.0171865881864739     0.0171865881864739  -4.16333634234434e-17  -2.42243329343339e-15
       1.00000000000000      0.133464549553644      0.133464549553644   5.55111512312578e-17   4.15924314111185e-16
       1.50000000000000      0.382177945068072      0.382177945068071   1.66533453693773e-16   4.35748467023945e-16
       2.00000000000000      0.731876963256768      0.731876963256773  -4.99600361081320e-15  -6.82628892782952e-15
       2.50000000000000       1.13006153058346       1.13006153058346  -2.44249065417534e-15  -2.16137846309508e-15
       3.00000000000000       1.52957444301217       1.52957444301218  -3.77475828372553e-15  -2.46784868887580e-15
       3.50000000000000       1.89803267964337       1.89803267964337  -1.33226762955019e-15  -7.01920279792293e-16
       4.00000000000000       2.21802470147940       2.21802470147940  -3.55271367880050e-15  -1.60174666965200e-15
       4.50000000000000       2.48368625313397       2.48368625313397   4.44089209850063e-16   1.78802459163149e-16
       5.00000000000000       2.69665515418630       2.69665515418631  -2.22044604925031e-15  -8.23407489015893e-16
max(abs(diff)) =    4.99600361081320e-15
max(abs(frac)) =    6.82628892782952e-15

  a =        4.00000000000000
                      x                     f1                     f2                  delta                   frac
       0.00000000000000       0.00000000000000       0.00000000000000       0.00000000000000                      -
      0.500000000000000     0.0105097353377449     0.0105097353377452  -2.98372437868011e-16  -2.83901000624078e-14
       1.00000000000000      0.113928941256923      0.113928941256923   1.94289029309402e-16   1.70535271517409e-15
       1.50000000000000      0.393854726270700      0.393854726270701  -1.66533453693773e-16  -4.22829643992423e-16
       2.00000000000000      0.857259237008718      0.857259237008718  -6.66133814775094e-16  -7.77050612017283e-16
       2.50000000000000       1.45454320120160       1.45454320120160   1.77635683940025e-15   1.22124721901199e-15
       3.00000000000000       2.11660866730661       2.11660866730661  -1.77635683940025e-15  -8.39246700081157e-16
       3.50000000000000       2.78020399259529       2.78020399259529   8.88178419700125e-16   3.19465198260873e-16
       4.00000000000000       3.39917927779975       3.39917927779975   4.44089209850063e-16   1.30646009979655e-16
       4.50000000000000       3.94622426499246       3.94622426499245   3.99680288865056e-15   1.01281696636119e-15
       5.00000000000000       4.40984450821589       4.40984450821583   6.39488462184090e-14   1.45013834613144e-14
max(abs(diff)) =    6.39488462184090e-14
max(abs(frac)) =    2.83901000624078e-14

  a =        4.50000000000000
                      x                     f1                     f2                  delta                   frac
       0.00000000000000       0.00000000000000       0.00000000000000       0.00000000000000                      -
      0.500000000000000    0.00654281584261431    0.00654281584261440  -9.19403442267708e-17  -1.40521063771883e-14
       1.00000000000000     0.0992464822663135     0.0992464822663131   4.44089209850063e-16   4.47460907136654e-15
       1.50000000000000      0.415311180119065      0.415311180119065  -3.88578058618805e-16  -9.35631105590279e-16
       2.00000000000000       1.03042542723211       1.03042542723211   2.22044604925031e-16   2.15488281885161e-16
       2.50000000000000       1.92728131498501       1.92728131498503  -1.88737914186277e-14  -9.79296134501999e-15
       3.00000000000000       3.02519978727037       3.02519978727039  -1.37667655053519e-14  -4.55069630881257e-15
       3.50000000000000       4.22092849619094       4.22092849619094  -4.44089209850063e-15  -1.05211261041455e-15
       4.00000000000000       5.41868467741992       5.41868467741993  -1.77635683940025e-14  -3.27820669617936e-15
       4.50000000000000       6.54547379629202       6.54547379629203  -8.88178419700125e-16  -1.35693526143711e-16
       5.00000000000000       7.55497959980883       7.55497959980884  -1.50990331349021e-14  -1.99855379295586e-15
max(abs(diff)) =    1.88737914186277e-14
max(abs(frac)) =    1.40521063771883e-14

  a =        5.00000000000000
                      x                     f1                     f2                  delta                   frac
       0.00000000000000       0.00000000000000       0.00000000000000       0.00000000000000                      -
      0.500000000000000    0.00413077511894018    0.00413077511894144  -1.26461341398709e-15  -3.06144337944779e-13
       1.00000000000000     0.0878363238562491     0.0878363238562478   1.29063426612674e-15   1.46936279828717e-14
       1.50000000000000      0.445822469331376      0.445822469331375   1.11022302462516e-15   2.49028055111314e-15
       2.00000000000000       1.26367241624907       1.26367241624907   2.22044604925031e-15   1.75713738837572e-15
       2.50000000000000       2.61172754606037       2.61172754606037   4.88498130835069e-15   1.87040233799249e-15
       3.00000000000000       4.43368213142947       4.43368213142955  -8.26005930321116e-14  -1.86302469558139e-14
       3.50000000000000       6.58932112056949       6.58932112056953  -3.55271367880050e-14  -5.39162322459925e-15
       4.00000000000000       8.90791355568304       8.90791355568308  -4.08562073062058e-14  -4.58650693575043e-15
       4.50000000000000       11.2295141670068       11.2295141670068  -5.32907051820075e-15  -4.74559312090096e-16
       5.00000000000000       13.4281611584349       13.4281611584349  -3.55271367880050e-14  -2.64571867799550e-15
max(abs(diff)) =    8.26005930321116e-14
max(abs(frac)) =    3.06144337944779e-13

