        -2.4603545088095868128894991525152980125
         1.6123753486854883433485675679240716306
        0.34148725725091717975676969334861213662
        0.12673386731705664642781249185498427222
       0.054707510761454264022967288960280117274
       0.025204579954685694592405828195405293078
       0.012005899888524796100784916804783529087
      0.0058267275365228077022416444045940801199
      0.0028592508824156277133439825033613894031
      0.0014125906121736622712098654058052298717
      0.0007008426417361552195037405976146998426
     0.00034865588349175990116916780614158526937
     0.00017375173364317819338904962374927317159
      8.668672746233815518796079653702638443e-05
     4.3281024256773030856639576880063929109e-05
     2.1619904246069108132764204504152847869e-05
     1.0803124900178547670908540118488222151e-05
      5.399297051203488719052342941482310552e-06
     2.6988959441241277923518419343828659756e-06
     1.3491977428110168318340249200398792425e-06
      6.745156181678561436027092014894915322e-07
     3.3723009687789045139362855473382320414e-07
     1.6860582070496307624416923717049036845e-07
     8.4299836848228155259623052143799748141e-08
     4.2148894522497527608345416165658755137e-08
     2.1074106110269959320307202917256046381e-08
     1.0536939375454525943702020623689488285e-08
     5.2684318038131453017976968419333232527e-09
     2.6342032762603053220160456548348620798e-09
     1.3170974301620615662277944893332092584e-09
     6.5854731257004465049618368793545420412e-10
     3.2927318881759701557015890129102454045e-10
     1.6463643859537773409679968991802834168e-10
     8.2318167362144555811718680993894795061e-11
     4.1159066369789633972330100064104903785e-11
     2.0579527414608595305953310726277169522e-11
     1.0289761783910880944300598365398996047e-11
     5.1448802508331309888443752420092543962e-12
     2.5724399117113360464537482482161172876e-12
     1.2862198846211432405385843198477714011e-12
     6.4310991856586793870822254190549459085e-13
     3.2155495136806721787048397252460296932e-13
     1.6077747304575331020731392047528690218e-13
     8.0388735643452043370849391423121347193e-14
     4.0194367528585023048921997427218739224e-14
     2.0097183666578979960297387656199451336e-14
     1.0048591800718346453307743371248679218e-14
     5.0242958895021337995194906104275537265e-15
     2.5121479411320558611366139060585766972e-15
     1.2560739693596914436263849337851260776e-15
     6.2803698427773369098107299060641668573e-16
     3.1401849200482953475003845550797882124e-16
      1.570092459577356720123600220525131101e-16
     7.8504622963974806272992379195802459625e-17
      3.925231147702306040568848787472588883e-17
     1.9626155736856749420974257969956295249e-17
      9.813077867876781148627340245045158308e-18
     4.9065389337545260617204078014097692487e-18
     2.4532694668159748620029397310296705757e-18
     1.2266347333875580418800077508045323167e-18
     6.1331736668696922469352839183791298134e-19
     3.0665868334121468029301348154237737977e-19
     1.5332934166985069613838562223584804882e-19
     7.6664670834673133398839526313791904464e-20
      3.833233541725249514655364939159287061e-20
     1.9166167708598223723301032066380647688e-20
     9.5830838542897705783252518233850613047e-21
     4.7915419271417715251154686313683910361e-21
     2.3957709635698478421882605145947219026e-21
     1.1978854817845779495967962416380155928e-21
     5.9894274089217364998637482324731975356e-22
     2.9947137044604838045044376871071175925e-22
     1.4973568522301138027553379847723779032e-22
     7.4867842611501420154537537279246198724e-23
     3.7433921305749284790368396616019687269e-23
     1.8716960652874169258707992337287886218e-23
     9.3584803264369259376166351598303673296e-24
     4.6792401632184130102984076326960949935e-24
     2.3396200816091888727339414820354279657e-24
     1.1698100408045856201593395738614042173e-24
     5.8490502040229281007966978693070210866e-25
     2.9245251020114640503983489346535105433e-25
     1.4622625510057320251991744673267552717e-25
     7.3113127550286601259958723366337763583e-26
     3.6556563775143300629979361683168881791e-26
     1.8278281887568711579112625122814519054e-26
     9.1391409437872945254333682801771813685e-27
     4.5695704718936472627166841400885906842e-27
     2.2847852359468236313583420700442953421e-27
     1.1423926179704730798021153162522258297e-27
     5.7119630898523653990105765812611291486e-28
     2.8559815449555700582758454783297829877e-28
     1.4279907724777850291379227391648914939e-28
     7.1399538623889251456896136958244574693e-29
     3.5699769311944625728448068479122287347e-29
     1.7849884655972312864224034239561143673e-29
     8.9249423279861564321120171197805718366e-30
     4.4624711639930782160560085598902859183e-30
     2.2312355790578032309722855100233016161e-30
     1.1156177895289016154861427550116508081e-30
     5.5780889770318668479879014742766674708e-31
     2.7890444885159334239939507371383337354e-31
     1.3945222148706079414397876693507534371e-31
     6.9726110743530397071989383467537671857e-32
     3.4863058310501075591713461655610178984e-32
     1.7431529155250537795856730827805089492e-32
     8.7157616388893918422095954920612016905e-33
     4.3578808194446959211047977460306008452e-33
     2.1789433484582250162711687948566434782e-33
     1.0894716742291125081355843974283217391e-33
     5.4473583711455625406779219871416086956e-34
     2.7236791855727812703389609935708043478e-34
     1.3618102054276200779817812783719716178e-34
     6.8090510271381003899089063918598580888e-35
     3.4048193871567557668314453800642346058e-35
     1.7021158199906723115387305058978117415e-35
     8.5105790999533615576936525294890587074e-36
     4.2552895499766807788468262647445293537e-36
     2.1276447749883403894234131323722646769e-36
     1.0638223874941701947117065661861323384e-36
     5.3484992962414081612577512443612178341e-37
