
zeta_even
                                            -0.5
         1.6449340668482264364724151666460251892
         1.0823232337111381915160036965411679028
         1.0173430619844491397145179297909205279
         1.0040773561979443393786852385086524653
          1.000994575127818085337145958900319017
          1.000246086553308048298637998047739671
         1.0000612481350587048292585451051353337
          1.000015282259408651871732571487636722
         1.0000038172932649998398564616446219397
         1.0000009539620338727961131520386834493

eta_even
                                             0.5
        0.82246703342411321823620758332301259461
        0.94703282949724591757650323447352191493
         0.9855510912974351040984392444849542614
        0.99623300185264789922728926008280361787
        0.99903950759827156563922184569934183142
        0.99975768514385819085317967871275542308
        0.99993917034597971817095419225539105453
        0.99998476421490610644168277496140724092
        0.99999618786961011347968922641160768328
        0.99999904661158152211505084255772634432

lambda_even
                                              -0
         1.2337005501361698273543113749845188919
         1.0146780316041920545462534655073449089
         1.0014470766409421219064785871379373947
         1.0001551790252961193029872492957280416
         1.0000170413630448254881839022998304242
          1.000001885848583119575908838380247547
         1.0000002092405192115001063686802631941
         1.0000000232371573791567076732245219815
         1.0000000025814375566597728440281148115
         1.0000000002868076974555819972982048968

beta_odd
