 x =   0.10000000000000001     
 Rl:               15.225562               10.657893               58.085517               49.719071              146.851112              143.493476              309.883524              330.100059              590.211992              664.320934             1051.398222
 Tl:              -19.108078              -33.913241              -51.617315              -71.508962              -92.898546             -115.148360             -137.688633             -160.024559             -181.737581             -202.483043             -221.985611
 x =   0.50000000000000000     
 Rl:               20.963137               73.370981              238.455687              632.824707             1564.865444             3612.947579             7987.262384            17033.480515            35335.744550            71647.754393           142563.309817
 Tl:               -7.489753               -8.131870               -7.917428               -7.169702               -6.163446               -5.094235               -4.082818               -3.192008               -2.445069               -1.841091               -1.366239
 x =    1.0000000000000000     
 Rl:               42.426407              296.984848             1484.924240             6236.681810            23610.295424            83304.249892           279314.249636           900945.963113          2818868.808832          8605247.342968         25741421.570667
 Tl:               -2.208924               -1.508097               -0.944796               -0.557341               -0.314433               -0.171382               -0.090880               -0.047123               -0.023982               -0.012014               -0.005938
 x =    2.0000000000000000     
 Rl:              167.705098             2347.871376            21717.810231           165524.932034          1124777.131245          7079712.651536         42180463.099320        241116307.084654       1334403864.730827       7195356230.755909      37978386950.875786
 Tl:               -0.298673               -0.111827               -0.038913               -0.012843               -0.004073               -0.001251               -0.000375               -0.000110               -0.000032               -0.000009               -0.000003
 x =    5.0000000000000000     
 Rl:             1988.617610            69601.616361          1572996.529748         29023874.022346        475177195.055053       7185705673.870485     102668655237.432800    1405678673663.222900   18616369156590.628906  240062439382134.125000 3028705046011562.500000
 Tl:               -0.010299               -0.001592               -0.000230               -0.000032               -0.000004               -0.000001               -0.000000               -0.000000               -0.000000               -0.000000               -0.000000
