 x =    1.1000000000000001     
 Rl:                1.443511               11.115037               49.967145              171.894053              502.095161             1313.125927             3172.068011             7219.815758            15692.607482            32882.838743            66888.895321
 Tl:              -72.803568              -61.803724              -51.115947              -41.357722              -32.842976              -25.666376              -19.781416              -15.062155              -11.347172               -8.468142               -6.266633
 x =    1.5000000000000000     
 Rl:               20.963137              220.112942             1412.391375             7181.184718            31830.394905           128874.407636           489360.508463          1771468.799936          6179947.573497         20934180.898503         69233257.009141
 Tl:               -3.456424               -1.946447               -1.041036               -0.535173               -0.266635               -0.129514               -0.061603               -0.028790               -0.013254               -0.006023               -0.002707
 x =    2.0000000000000000     
 Rl:               77.942286             1091.192009             9547.930077            67108.308539           414721.162833          2354110.359917         12579636.574335         64253837.929390        316890739.696004       1519713366.111635       7123230721.014170
 Tl:               -0.679543               -0.276005               -0.105639               -0.038671               -0.013674               -0.004703               -0.001581               -0.000522               -0.000169               -0.000054               -0.000017
 x =    5.0000000000000000     
 Rl:             1763.632615            61727.141518          1382687.970006         25184673.739400        406139900.332728       6041729157.512122      84846573247.478394    1141131958374.328857   14839481272135.914062  187840499875376.625000 2325747026534004.000000
 Tl:               -0.011717               -0.001835               -0.000269               -0.000038               -0.000005               -0.000001               -0.000000               -0.000000               -0.000000               -0.000000               -0.000000
 x =    10.000000000000000     
 Rl:            14775.563441          1034289.440872         46491310.367211       1701923274.955421      55207900987.724968    1652833183081.838135   46729059035507.914062 1265526745507074.50000033144142348628004.000000************************************************
 Tl:               -0.000697               -0.000054               -0.000004               -0.000000               -0.000000               -0.000000               -0.000000               -0.000000               -0.000000               -0.000000               -0.000000
