
x = 0.1
      15.2256      10.6579      58.0855      49.7191      146.851      143.493      309.884        330.1      590.212      664.321       1051.4
     -19.1081     -33.9132     -51.6173      -71.509     -92.8985     -115.148     -137.689     -160.025     -181.738     -202.483     -221.986
x = 0.5
      20.9631       73.371      238.456      632.825      1564.87      3612.95      7987.26      17033.5      35335.7      71647.8       142563
     -7.48975     -8.13187     -7.91743      -7.1697     -6.16345     -5.09424     -4.08282     -3.19201     -2.44507     -1.84109     -1.36624
x = 1
      42.4264      296.985      1484.92      6236.68      23610.3      83304.2       279314       900946  2.81887e+06  8.60525e+06  2.57414e+07
     -2.20892      -1.5081    -0.944796    -0.557341    -0.314433    -0.171382   -0.0908799   -0.0471229   -0.0239823   -0.0120142  -0.00593785
x = 2
      167.705      2347.87      21717.8       165525  1.12478e+06  7.07971e+06  4.21805e+07  2.41116e+08   1.3344e+09  7.19536e+09  3.79784e+10
    -0.298673    -0.111827    -0.038913   -0.0128433  -0.00407254  -0.00125142 -0.000374922 -0.000110006 -3.17173e-05 -9.00982e-06 -2.52682e-06
x = 5
      1988.62      69601.6    1.573e+06  2.90239e+07  4.75177e+08  7.18571e+09  1.02669e+11  1.40568e+12  1.86164e+13  2.40062e+14  3.02871e+15
   -0.0102991  -0.00159187 -0.000229823 -3.15648e-05 -4.17296e-06 -5.35299e-07  -6.7011e-08 -8.22105e-09 -9.91598e-10 -1.17885e-10 -1.38405e-11
