
x = 1.1
      1.44351       11.115      49.9671      171.894      502.095      1313.13      3172.07      7219.82      15692.6      32882.8      66888.9
     -72.8036     -61.8037     -51.1159     -41.3577      -32.843     -25.6664     -19.7814     -15.0622     -11.3472     -8.46814     -6.26663
x = 1.5
      20.9631      220.113      1412.39      7181.18      31830.4       128874       489361  1.77147e+06  6.17995e+06  2.09342e+07  6.92333e+07
     -3.45642     -1.94645     -1.04104    -0.535173    -0.266635    -0.129514   -0.0616034   -0.0287898   -0.0132541  -0.00602346  -0.00270674
x = 2
      77.9423      1091.19      9547.93      67108.3       414721  2.35411e+06  1.25796e+07  6.42538e+07  3.16891e+08  1.51971e+09  7.12323e+09
    -0.679543    -0.276005    -0.105639   -0.0386709   -0.0136741  -0.00470304  -0.00158127 -0.000521708 -0.000169395 -5.42526e-05 -1.71704e-05
x = 5
      1763.63      61727.1  1.38269e+06  2.51847e+07   4.0614e+08  6.04173e+09  8.48466e+10  1.14113e+12  1.48395e+13   1.8784e+14  2.32575e+15
   -0.0117167  -0.00183454  -0.00026889 -3.75417e-05 -5.04952e-06 -6.59401e-07 -8.40669e-08 -1.05067e-08 -1.29132e-09 -1.56456e-10 -1.87236e-11
x = 10
      14775.6  1.03429e+06  4.64913e+07  1.70192e+09  5.52079e+10  1.65283e+12  4.67291e+13  1.26553e+15  3.31441e+16  8.45048e+17  2.10765e+19
 -0.000696906 -5.42917e-05 -3.95597e-06 -2.74439e-07 -1.83356e-08 -1.18908e-09 -7.52716e-11 -4.67053e-12 -2.84964e-13 -1.71385e-14 -1.01805e-15
