 x =    1.0100000000000000     
                0.998754                1.003744                1.018791                1.044120                1.080111                1.127306                1.186417                1.258336                1.344156                1.445181                1.562953
               -0.017623                0.053000                0.266988                0.630754                1.155165                1.855811                2.753397                3.874254                5.250997                6.923326                8.939011
                0.001399               -0.002335                0.016427                0.149073                0.552976                1.459257                3.184042                6.143593               10.873827               18.054910               28.541742
               -0.000206                0.000288               -0.000868                0.009604                0.125941                0.636787                2.194794                6.053778               14.388860               30.719875               60.463914
                0.000044               -0.000057                0.000126               -0.000549                0.008295                0.142293                0.911096                3.876282               12.926892               36.515850               91.322184
               -0.000013                0.000016               -0.000029                0.000087               -0.000496                0.009496                0.201239                1.559538                7.895049               30.882790              101.081324
                0.000005               -0.000005                0.000009               -0.000022                0.000083               -0.000584                0.013545                0.341782                3.108983               18.250843               81.920022
               -0.000002                0.000002               -0.000003                0.000007               -0.000022                0.000101               -0.000850                0.023146                0.677532                7.075536               47.252597
                0.000001               -0.000001                0.000002               -0.000003                0.000008               -0.000028                0.000151               -0.001475                0.046093                1.535434               18.102439
               -0.000001                0.000001               -0.000001                0.000001               -0.000003                0.000010               -0.000043                0.000268               -0.002970                0.104825                3.915367

 x =    2.0000000000000000     
                0.901286                1.329138                3.243940                9.583124               30.539325              101.130728              342.761379             1180.008323             4108.304544            14425.374469            50988.725502
               -0.136669                0.507199                4.467601               22.981873              104.058347              446.147180             1855.693930             7570.308664            30469.375094           121422.983917           480208.042073
                0.090301               -0.174473                1.847291               30.777974              240.681917             1472.652729             7968.177747            40042.526769           191538.407034           884434.618584          3977132.399355
               -0.109580                0.171857               -0.713972               12.970268              319.140116             3347.956743            25826.233599           168963.421162           996805.905189          5477031.462515         28570748.421674
                0.194806               -0.274679                0.790137               -5.221222              135.581113             4416.913942            58123.892924           541205.099091          4155269.113956         28165500.668235        174912210.933090
               -0.457188                0.603983               -1.408705                6.078214              -55.669237             1884.745222            76447.524370          1209967.173361         13199973.729545        116364162.765268        891313380.933505
                1.334340               -1.686623                3.426600              -11.446419               66.593251             -782.821995            32711.338083          1588149.133855         29372856.014611        367396551.664207       3657248413.628453
               -4.659213                5.704012              -10.501845               29.444192             -129.456521              952.187341           -13688.331215           680844.581851         38496881.526459        814685308.273243      11492787773.670645
               18.944082              -22.636786               38.703361              -95.395701              344.696376            -1889.197879            16837.064912          -286395.819500         16526440.774447       1066570479.969100      25415900670.739491
              -87.915148              103.072665             -166.331275              371.217413            -1157.712476             5147.470507           -33879.579594           355099.293040         -6978609.125885        458349260.726959      33245398091.746994
              458.572089             -529.454099              815.626274            -1681.830977             4673.430793           -17723.565614            93830.235284          -721897.403955          8704530.477170       -194118786.559097      14298620259.910248

 x =    5.0000000000000000     
                0.745749                2.035564               13.321843              105.353402              893.513558             7860.401201            70727.136185           646214.763771          5970040.943838         55618431.150441        521569837.422851
               -0.172810                0.962657               19.771561              262.016390             3116.516491            35280.453105           388195.958790          4193169.924039         44709296.152588        472146899.713691       4949233254.209714
                0.166309               -0.438342                9.598379              387.003551             7711.275887           122529.006380          1736093.435919         22943697.468282        289327641.558985       3527422492.118484      41924011207.239235
               -0.290132                0.586202               -4.584986              188.675249            11370.949763           302407.734273          6014041.836169        102363441.265372       1579623886.918316      22780926330.941608     312633491551.566833
                0.737256               -1.288444                6.480837              -91.135450             5552.377872           445557.261518         14820445.242668        353997568.230256       7035490028.877122     124170717839.004852    2015894723663.540527
               -2.465555                3.925331              -15.089677              130.923275            -2693.913874           217738.805607         21825064.924358        871478425.335072      24301000610.729958     552339019583.345093   10973877389834.710938
               10.234535              -15.260199               48.694771             -310.956264             3897.037389          -105890.386710         10670876.456216       1282940653.640299      59781639866.078835    1906084596184.865234   48765937108165.632812
              -50.763897               72.082565             -200.282705             1026.301309            -9340.492850           153758.351094         -5196888.814983        627470616.575295      87986202318.545868    4686531907695.551758  168169634222664.906250
              292.940493             -400.482210              999.202505            -4325.205653            31166.176868          -370396.268499          7563756.254311       -305883816.588942      43043083253.826904    6896375718926.561523  413309069219801.562500
            -1928.229011             2557.285391            -5852.137269            22137.575690          -132986.699871          1243597.264659        -18278623.908916        445899837.949007     -20997538218.012455    3374320809534.310059  608112659553806.125000
            14258.878288           -18445.975080            39315.055625          -133123.976790           690024.230616         -5345116.892960         61613599.109322      -1079904359.542909      30643971821.322968   -1646944047998.558838  297583755597129.500000

