
x = 1.01
     0.998754      1.00374      1.01879      1.04412      1.08011      1.12731      1.18642      1.25834      1.34416      1.44518      1.56295
   -0.0176226        0.053     0.266988     0.630754      1.15517      1.85581       2.7534      3.87425        5.251      6.92333      8.93901
   0.00139867    -0.002335    0.0164268     0.149073     0.552976      1.45926      3.18404      6.14359      10.8738      18.0549      28.5417
 -0.000205552  0.000288132 -0.000867639   0.00960372     0.125941     0.636787      2.19479      6.05378      14.3889      30.7199      60.4639
  4.44045e-05 -5.71485e-05  0.000126104 -0.000549185   0.00829548     0.142293     0.911096      3.87628      12.9269      36.5159      91.3222
 -1.26853e-05  1.55172e-05 -2.88897e-05  8.70306e-05 -0.000496052   0.00949572     0.201239      1.55954      7.89505      30.8828      101.081
  4.51119e-06 -5.33521e-06  8.91108e-06 -2.17185e-05  8.29434e-05 -0.000584339    0.0135455     0.341782      3.10898      18.2508        81.92
 -1.92057e-06  2.21743e-06 -3.43337e-06  7.27088e-06 -2.19082e-05  0.000101345 -0.000850351    0.0231461     0.677532      7.07554      47.2526
  9.52518e-07 -1.08012e-06  1.58127e-06 -3.02718e-06  7.76622e-06 -2.78753e-05  0.000151447  -0.00147457    0.0460929      1.53543      18.1024
 -5.39357e-07  6.03112e-07 -8.45624e-07  1.49985e-06 -3.42068e-06  1.03083e-05 -4.29408e-05  0.000267965  -0.00296974     0.104825      3.91537
  3.43345e-07 -3.79659e-07  5.14357e-07 -8.59211e-07   1.7902e-06 -4.73893e-06  1.64047e-05 -7.77938e-05  0.000548273  -0.00681432     0.268055
x = 2
     0.901286      1.32914      3.24394      9.58312      30.5393      101.131      342.761      1180.01       4108.3      14425.4      50988.7
    -0.136669     0.507199       4.4676      22.9819      104.058      446.147      1855.69      7570.31      30469.4       121423       480208
    0.0903014    -0.174473      1.84729       30.778      240.682      1472.65      7968.18      40042.5       191538       884435  3.97713e+06
     -0.10958     0.171857    -0.713972      12.9703       319.14      3347.96      25826.2       168963       996806  5.47703e+06  2.85707e+07
     0.194806    -0.274679     0.790137     -5.22122      135.581      4416.91      58123.9       541205  4.15527e+06  2.81655e+07  1.74912e+08
    -0.457188     0.603983     -1.40871      6.07821     -55.6692      1884.75      76447.5  1.20997e+06     1.32e+07  1.16364e+08  8.91313e+08
      1.33434     -1.68662       3.4266     -11.4464      66.5933     -782.822      32711.3  1.58815e+06  2.93729e+07  3.67397e+08  3.65725e+09
     -4.65921      5.70401     -10.5018      29.4442     -129.457      952.187     -13688.3       680845  3.84969e+07  8.14685e+08  1.14928e+10
      18.9441     -22.6368      38.7034     -95.3957      344.696      -1889.2      16837.1      -286396  1.65264e+07  1.06657e+09  2.54159e+10
     -87.9151      103.073     -166.331      371.217     -1157.71      5147.47     -33879.6       355099 -6.97861e+06  4.58349e+08  3.32454e+10
      458.572     -529.454      815.626     -1681.83      4673.43     -17723.6      93830.2      -721897  8.70453e+06 -1.94119e+08  1.42986e+10
x = 5
     0.745749      2.03556      13.3218      105.353      893.514       7860.4      70727.1       646215  5.97004e+06  5.56184e+07   5.2157e+08
     -0.17281     0.962657      19.7716      262.016      3116.52      35280.5       388196  4.19317e+06  4.47093e+07  4.72147e+08  4.94923e+09
     0.166309    -0.438342      9.59838      387.004      7711.28       122529  1.73609e+06  2.29437e+07  2.89328e+08  3.52742e+09   4.1924e+10
    -0.290132     0.586202     -4.58499      188.675      11370.9       302408  6.01404e+06  1.02363e+08  1.57962e+09  2.27809e+10  3.12633e+11
     0.737256     -1.28844      6.48084     -91.1354      5552.38       445557  1.48204e+07  3.53998e+08  7.03549e+09  1.24171e+11  2.01589e+12
     -2.46556      3.92533     -15.0897      130.923     -2693.91       217739  2.18251e+07  8.71478e+08   2.4301e+10  5.52339e+11  1.09739e+13
      10.2345     -15.2602      48.6948     -310.956      3897.04      -105890  1.06709e+07  1.28294e+09  5.97816e+10  1.90608e+12  4.87659e+13
     -50.7639      72.0826     -200.283       1026.3     -9340.49       153758 -5.19689e+06  6.27471e+08  8.79862e+10  4.68653e+12   1.6817e+14
       292.94     -400.482      999.203     -4325.21      31166.2      -370396  7.56376e+06 -3.05884e+08  4.30431e+10  6.89638e+12  4.13309e+14
     -1928.23      2557.29     -5852.14      22137.6      -132987   1.2436e+06 -1.82786e+07    4.459e+08 -2.09975e+10  3.37432e+12  6.08113e+14
      14258.9       -18446      39315.1      -133124       690024 -5.34512e+06  6.16136e+07  -1.0799e+09   3.0644e+10 -1.64694e+12  2.97584e+14
