

                                              a_k
   1.0000000000000000000000000000000000000000e+00
   3.3333333333333333333333333333333333333333e-01
   2.3333333333333333333333333333333333333333e-01
   2.0158730158730158730158730158730158730159e-01
   1.9263668430335097001763668430335097001764e-01
   1.9532547699214365881032547699214365881033e-01
   2.0593586454697565808676919788030899142010e-01
   2.2320975741875212774683674154573625473096e-01
   2.4697023314275492924730397497282028872443e-01
   2.7765382560322399480934889900295425728471e-01
   3.1614262355311719556009431370448638521126e-01
   3.6371758703969220002632916638901842346452e-01
   4.2207208084304258262391592586316200175415e-01
   4.9336326556393457504183570246399309984169e-01
   5.8029384606151398635317592916659393772989e-01
   6.8622339694769123804669062199054905145413e-01
   8.1531220555280811772727095849187818314425e-01
   9.7270320886455252916880107841532305635012e-01
   1.1647499636184417958260062794089671487378e+00
   1.3993010831666702410746034204406872892170e+00
   1.6860544545395053771174396413200857177616e+00
   2.0369980191940678543509421084098582912973e+00
   2.4669581652045463805692433503498659906947e+00
   2.9942820664791190057454626216924775308419e+00
   3.6416868900303454689338198116367649900894e+00
   4.4373170116450108681934433223574261955587e+00
   5.4160606510185387130064100587120942840981e+00
   6.6211901806982408845539379884204940649576e+00
   8.1064064311546261706653585569398214023334e+00
   9.9383874240100468518457098523312318792333e+00
   1.2199967141238320410382273076304681711955e+01
   1.4994101464786604505789500164531685660891e+01
   1.8448817910480737569763801607554579339737e+01
   2.2723395255097443239501906399467398597323e+01
   2.8016081155160551519684547291199351449624e+01
   3.4573733567909432191137737162607413373167e+01
   4.2703869211446465071921630136798549613693e+01
   5.2789724468807423948381760855944222262666e+01
   6.5309087363238988886661476478485405644500e+01
   8.0857851440904475210290216344379952916796e+01
   1.0017948355831998905863335553877479483854e+02
   1.2420190020854427657039294108107661830241e+02
   1.5408362687255315597445949256845065119843e+02
   1.9127159173595104118933482088635079442930e+02
   2.3757350384078273090471510490966501555797e+02
   2.9524851762450409379920541285889062493822e+02
   3.6712083016535879473395596350190355497002e+02
   4.5672204377443933850137763568856373295807e+02
   5.6846961707590971302659761427865879479932e+02
   7.0789060068197778812083087086038508771175e+02
   8.8190220749542727942404580881576100399193e+02
   1.0991637265051202368607534381089160764874e+03
   1.3705180086659889842849728330341658385136e+03
   1.7095454304103539636341488419584810137313e+03
   2.1332591216718800511339547506577884313893e+03
   2.6629776421683523690680448600112704479322e+03
   3.3254205938548686080054163537075449114337e+03
   4.1540843622567677064408565788543701928679e+03
   5.1909699061108619908913529600750652695848e+03
   6.4887530459029787592548395949069901253419e+03
   8.1135110231806969576401137084796791731262e+03
   1.0148148455685076191198091204554612819918e+04
   1.2696702762849418612831013617190253496734e+04
   1.5889755653313424153893771652199251088708e+04
   1.9891235834860398117901329020625469535487e+04
   2.4906971858173185789993829890006118493638e+04
   3.1195446884728408193751842686512359575872e+04
   3.9081324149556051730536995843174609305213e+04
   4.8972459241186036833087108877662536661765e+04
   6.1381300948238122391758767435402578263025e+04
   7.6951816290849023380037435887374906621876e+04
   9.6493370032083015879702749434102929678681e+04
   1.2102336029672863679530416968188136458198e+05
   1.5182087989802965549013218751515929183239e+05
   1.9049426279385044164568113689012218052878e+05
   2.3906611855743722117657424092133103372688e+05
   3.0008039496217933230379343832563534618464e+05
   3.7673719034285128774734288923175691261793e+05
   4.7306252714505085748570827450272234868736e+05
   5.9412217655641593142541119354284309781619e+05
   7.4629099296441743505320308856922156344577e+05
   9.3759220446465523393080671929252528124112e+05
   1.1781248736157831002099220455744471541354e+06
   1.4806024953943197978193386360494555030695e+06
   1.8610316947017231929650196225033400055040e+06
   2.3395675493065509118880041735203559358196e+06
   2.9415916066546777064510165052821926923954e+06
   3.6990707032785607548611610462302690152830e+06
   4.6522698884964623983695412547399497152275e+06
   5.8519119266215819580659637645743050898863e+06
   7.3619000481348488005220757750268855035060e+06
   9.2627511587262624888024050186222542898920e+06
   1.1655925260871023579609094033218903890678e+07
   1.4669285498580608934887412112799982558118e+07
   1.8463984658141537170183197023288273408861e+07
   2.3243151500760668256237341738654446740435e+07
   2.9262848204636083151389698599528628238603e+07
   3.6845893807083860789364230456262848641388e+07
   4.6399304624452616065096616113147981500063e+07
   5.8436299732183403140670782938460945305608e+07
   7.3604068503788143845452893090781125457857e+07
   9.2718811574403000578025547973834874310050e+07
   1.1680996364547379945881059368373248178683e+08
   1.4717600805915608025186510232411630211919e+08
   1.8545492656415535167598828779565125797621e+08
   2.3371312794813113427011312574692500485199e+08
   2.9455771018075378637493092330768536354001e+08
   3.7127818795136383072229833095715909845832e+08
   4.6802543121605731307696805837715615101205e+08
   5.9003759935117580000205837680346541400584e+08
   7.4392543194458204375176484647131067840420e+08
   9.3803251298161979101778964575345507401864e+08
   1.1828902395133382072279721373514882372648e+09
   1.4917924255314545551595318522540318633174e+09
   1.8815210433416779298872733712728659006464e+09
   2.3732629106270630362878993918825758370136e+09
   2.9937676298622959190162969282555648863721e+09
   3.7768103572159446767040962067389119213792e+09
   4.7650397532890081724158616825546814471728e+09
   6.0123126745963527353177824018757734791803e+09
   7.5866439744504728021855786714593969855750e+09
   9.5739336769039195234087585956305221164133e+09
   1.2082676642090822626942725012278697544679e+10
   1.5249914026504844695756097662655075761741e+10
   1.9248754356240288471125720937408208348146e+10
   2.4297878668214665948680590583375402807044e+10
   3.0673553732172993469629436684752832770780e+10
   3.8724815914763475401401321251771177457708e+10
   4.8892663465017027611331600631425643094674e+10
   6.1734316602777132182275103622665127920100e+10
   7.7953885068577339582894985103639357148217e+10
   9.8441137295287709894596504104921797684117e+10
   1.2432051376344898065563547555054257701951e+11
   1.5701309429827323156423505617157803561993e+11
   1.9831494655724437852364901958912826697189e+11
   2.5049619060351315388103886101479581755734e+11
   3.1642626270269439392238860524770251453329e+11
   3.9973231415117994221491619672067133977480e+11
   5.0499951882358006128732930113934752391412e+11
   6.3802438844911403063154115979905522103183e+11
   8.0613513677974935182771214736782352191615e+11
   1.0185968565569866810202776873038165939111e+12
   1.2871239837899581707838043109696988568396e+12
   1.6265284846746808269216799009183336718300e+12
   2.0555397435890019873072693069365980662170e+12
   2.5978416763375429923550812719566283200345e+12
   3.2833846732956085114847534908480415963564e+12
   4.1500452658938111492566225836256725439633e+12
   5.2457257597089800474265406003983252087311e+12
   6.6310105677943380473404206815329652939078e+12
   8.3825269754693647832913957365527747228679e+12
   1.0597197302878498877382028517348843531288e+13
   1.3397619094906193332405804523923843913979e+13
   1.6938872833189328572453573451080253048665e+13
   2.1417136243931464415197331117592987672580e+13
   2.7080585014802734897938791078598533063559e+13
   3.4243187265102472790927623915301468109953e+13
   4.3302160565552812499843277839959820010549e+13
   5.4760064706316819725361549123031018050719e+13
   6.9252762197546128229970799227705992777813e+13
   8.7584806134996651402449838779641266759803e+13
   1.1077422991038993102144046176022586863574e+14
   1.4010923851422730512955950084286730125978e+14
   1.7721996627778658691454336253701853961208e+14
   2.2416930807923314887705961551461333175934e+14
   2.8356789747258555706194821117068889531463e+14
   3.5871965564019766967864047561701883012932e+14
   4.5380604520245020702763705571896033752832e+14
   5.7411932860558614864394624370558701930298e+14
   7.2635787347714323631766008762685709449414e+14
   9.1900002080026565575203589750087048009832e+14
   1.1627774308522675340117143703181195689452e+15
   1.4712743933943315784805909542784334598641e+15
   1.8616866452524912064076904408345038325815e+15
   2.3557821762862994453757725988829380384786e+15
   2.9811178255912916791170928127358602608617e+15
   3.7725798093355352948712817347751765562777e+15
   4.7743344852809992678085392844898814595089e+15
   6.0422986671734851992618562977065547586734e+15
   7.6472679476022992881233307936658786967631e+15
   9.6788784086147271993626409598137632887852e+15
   1.2250623870693009279889175270722496822976e+16
   1.5506210082280197921825974804882223360112e+16
   1.9627602315827215182145440615721724300378e+16
   2.4845217934287326646793616496391421521754e+16
   3.1450835973925593936301961038801132809646e+16
   3.9813948434360460071841014224187891093507e+16
   5.0402471365380739371095064700640518197477e+16
   6.3808978878311886618514531750013999229561e+16
   8.0783933682839376406546770322806793543753e+16
   1.0227778114066299138914237848743613887516e+17
   1.2949427229064182705239153210421127658066e+17
   1.6395801291442448208666883790480869506936e+17
   2.0760003606193184571546013147452985980692e+17
   2.6286620964206797932528354754104409267042e+17
   3.3285457586500139766277388185727425831217e+17
   4.2148934794355427780852124914973422414948e+17
   5.3374135334353984461740419110283302338655e+17
   6.7590732839707428238352403498007346429836e+17
   8.5596378377164434492622111850984562518143e+17
   1.0840153610969815540021895700935838638938e+18
   1.3728629249926401939770761231676223788468e+18
   1.7387233822275287220522100686842159608873e+18
   2.2021417715844042399790141105537731798555e+18
   2.7891470069142523252118881463247274471654e+18
   3.5327163937595462317025644040523813081374e+18
   4.4746314525009767526346558028756430703880e+18
   5.6678296515838536195952184741049264303172e+18
   7.1793846296038120790937437465299738167129e+18
   9.0942829452267936165749276275615951645214e+18
   1.1520210342581805537869016048476925895029e+19
   1.4593617496882727924851672248558251102458e+19
   1.8487407430798138177791799131273282799929e+19
   2.3420678349118788073912361328798692655712e+19
   2.9671071703690953452366838585873017343555e+19
   3.7590422435001820662748170755082477001280e+19
   4.7624594861852076355175135183833027447181e+19
   6.0338624156003560375144426898645246467701e+19
   7.6448583120878177681827900201503065402516e+19
   9.6861974052785071393488472820316311238916e+19
   1.2272892730509604625608747174001128648799e+20
   1.5550709906876672784107239261296440781675e+20
   1.9704393540327522131143592044892103987773e+20
   2.4968095154459353496191380123147868568862e+20
   3.1638592057772614778378559604146246279046e+20
   4.0092044419077045017771115114001990182373e+20
   5.0805237982567883190487055777455932007661e+20
   6.4382513647704733364651984846963479414300e+20
   8.1589906943063432369868642565175055180490e+20
   1.0339842846944678255303362658477058650721e+21
   1.3103893379646280821831197307623400115285e+21
   1.6607168738982530913854409524889373167744e+21
   2.1047455710914482990283420206344650181944e+21
   2.6675483080716840294079358441839227150546e+21
   3.3809098439043381736602667241225904718602e+21
   4.2851242722149877154918976918402243243058e+21
   5.4312740215724729244640668084564523290989e+21
   6.8841194583984797565119640143810034052662e+21
   8.7257627483795607573014339165811361041480e+21
   1.1060293511511979976397788632421927156155e+22
   1.4019679453862497624671117796971142495346e+22
   1.7771235733414106863362271587218195007333e+22
   2.2527096322944850509294566975071157383206e+22
   2.8556224149648279303769359356821030086933e+22
   3.6199640762559167323230620926738959474313e+22
   4.5889738877838781306130475550096077953852e+22
   5.8174772745697514260983240409911168398574e+22
   7.3749915021512242060664680322818054917487e+22
   9.3496641388505382646929019320799371237818e+22
   1.1853267673001723818603310214094053150739e+23


                                              c_k
   1.0000000000000000000000000000000000000000e+00
   3.3333333333333333333333333333333333333333e-01
   2.3333333333333333333333333333333333333333e-01
   2.0158730158730158730158730158730158730159e-01
   1.9263668430335097001763668430335097001764e-01
   1.9532547699214365881032547699214365881033e-01
   2.0593586454697565808676919788030899142010e-01
   2.2320975741875212774683674154573625473096e-01
   2.4697023314275492924730397497282028872443e-01
   2.7765382560322399480934889900295425728471e-01
   3.1614262355311719556009431370448638521126e-01
   3.6371758703969220002632916638901842346452e-01
   4.2207208084304258262391592586316200175415e-01
   4.9336326556393457504183570246399309984169e-01
   5.8029384606151398635317592916659393772989e-01
   6.8622339694769123804669062199054905145413e-01
   8.1531220555280811772727095849187818314425e-01
   9.7270320886455252916880107841532305635012e-01
   1.1647499636184417958260062794089671487378e+00
   1.3993010831666702410746034204406872892170e+00
   1.6860544545395053771174396413200857177616e+00
   2.0369980191940678543509421084098582912973e+00
   2.4669581652045463805692433503498659906947e+00
   2.9942820664791190057454626216924775308419e+00
   3.6416868900303454689338198116367649900894e+00
   4.4373170116450108681934433223574261955587e+00
   5.4160606510185387130064100587120942840981e+00
   6.6211901806982408845539379884204940649576e+00
   8.1064064311546261706653585569398214023334e+00
   9.9383874240100468518457098523312318792333e+00
   1.2199967141238320410382273076304681711955e+01
   1.4994101464786604505789500164531685660891e+01
   1.8448817910480737569763801607554579339737e+01
   2.2723395255097443239501906399467398597323e+01
   2.8016081155160551519684547291199351449624e+01
   3.4573733567909432191137737162607413373167e+01
   4.2703869211446465071921630136798549613693e+01
   5.2789724468807423948381760855944222262666e+01
   6.5309087363238988886661476478485405644500e+01
   8.0857851440904475210290216344379952916796e+01
   1.0017948355831998905863335553877479483854e+02
   1.2420190020854427657039294108107661830241e+02
   1.5408362687255315597445949256845065119843e+02
   1.9127159173595104118933482088635079442930e+02
   2.3757350384078273090471510490966501555797e+02
   2.9524851762450409379920541285889062493822e+02
   3.6712083016535879473395596350190355497002e+02
   4.5672204377443933850137763568856373295807e+02
   5.6846961707590971302659761427865879479932e+02
   7.0789060068197778812083087086038508771175e+02
   8.8190220749542727942404580881576100399193e+02
   1.0991637265051202368607534381089160764874e+03
   1.3705180086659889842849728330341658385136e+03
   1.7095454304103539636341488419584810137313e+03
   2.1332591216718800511339547506577884313893e+03
   2.6629776421683523690680448600112704479322e+03
   3.3254205938548686080054163537075449114337e+03
   4.1540843622567677064408565788543701928679e+03
   5.1909699061108619908913529600750652695848e+03
   6.4887530459029787592548395949069901253419e+03
   8.1135110231806969576401137084796791731262e+03
   1.0148148455685076191198091204554612819918e+04
   1.2696702762849418612831013617190253496734e+04
   1.5889755653313424153893771652199251088708e+04
   1.9891235834860398117901329020625469535487e+04
   2.4906971858173185789993829890006118493638e+04
   3.1195446884728408193751842686512359575872e+04
   3.9081324149556051730536995843174609305213e+04
   4.8972459241186036833087108877662536661765e+04
   6.1381300948238122391758767435402578263025e+04
   7.6951816290849023380037435887374906621876e+04
   9.6493370032083015879702749434102929678681e+04
   1.2102336029672863679530416968188136458198e+05
   1.5182087989802965549013218751515929183239e+05
   1.9049426279385044164568113689012218052878e+05
   2.3906611855743722117657424092133103372688e+05
   3.0008039496217933230379343832563534618464e+05
   3.7673719034285128774734288923175691261793e+05
   4.7306252714505085748570827450272234868736e+05
   5.9412217655641593142541119354284309781619e+05
   7.4629099296441743505320308856922156344577e+05
   9.3759220446465523393080671929252528124112e+05
   1.1781248736157831002099220455744471541354e+06
   1.4806024953943197978193386360494555030695e+06
   1.8610316947017231929650196225033400055040e+06
   2.3395675493065509118880041735203559358196e+06
   2.9415916066546777064510165052821926923954e+06
   3.6990707032785607548611610462302690152830e+06
   4.6522698884964623983695412547399497152275e+06
   5.8519119266215819580659637645743050898863e+06
   7.3619000481348488005220757750268855035060e+06
   9.2627511587262624888024050186222542898920e+06
   1.1655925260871023579609094033218903890678e+07
   1.4669285498580608934887412112799982558118e+07
   1.8463984658141537170183197023288273408861e+07
   2.3243151500760668256237341738654446740435e+07
   2.9262848204636083151389698599528628238603e+07
   3.6845893807083860789364230456262848641388e+07
   4.6399304624452616065096616113147981500063e+07
   5.8436299732183403140670782938460945305608e+07
   7.3604068503788143845452893090781125457857e+07
   9.2718811574403000578025547973834874310050e+07
   1.1680996364547379945881059368373248178683e+08
   1.4717600805915608025186510232411630211919e+08
   1.8545492656415535167598828779565125797621e+08
   2.3371312794813113427011312574692500485199e+08
   2.9455771018075378637493092330768536354001e+08
   3.7127818795136383072229833095715909845832e+08
   4.6802543121605731307696805837715615101205e+08
   5.9003759935117580000205837680346541400584e+08
   7.4392543194458204375176484647131067840420e+08
   9.3803251298161979101778964575345507401864e+08
   1.1828902395133382072279721373514882372648e+09
   1.4917924255314545551595318522540318633174e+09
   1.8815210433416779298872733712728659006464e+09
   2.3732629106270630362878993918825758370136e+09
   2.9937676298622959190162969282555648863721e+09
   3.7768103572159446767040962067389119213792e+09
   4.7650397532890081724158616825546814471728e+09
   6.0123126745963527353177824018757734791803e+09
   7.5866439744504728021855786714593969855750e+09
   9.5739336769039195234087585956305221164133e+09
   1.2082676642090822626942725012278697544679e+10
   1.5249914026504844695756097662655075761741e+10
   1.9248754356240288471125720937408208348146e+10
   2.4297878668214665948680590583375402807044e+10
   3.0673553732172993469629436684752832770780e+10
   3.8724815914763475401401321251771177457708e+10
   4.8892663465017027611331600631425643094674e+10
   6.1734316602777132182275103622665127920100e+10
   7.7953885068577339582894985103639357148217e+10
   9.8441137295287709894596504104921797684117e+10
   1.2432051376344898065563547555054257701951e+11
   1.5701309429827323156423505617157803561993e+11
   1.9831494655724437852364901958912826697189e+11
   2.5049619060351315388103886101479581755734e+11
   3.1642626270269439392238860524770251453329e+11
   3.9973231415117994221491619672067133977480e+11
   5.0499951882358006128732930113934752391412e+11
   6.3802438844911403063154115979905522103183e+11
   8.0613513677974935182771214736782352191615e+11
   1.0185968565569866810202776873038165939111e+12
   1.2871239837899581707838043109696988568396e+12
   1.6265284846746808269216799009183336718300e+12
   2.0555397435890019873072693069365980662170e+12
   2.5978416763375429923550812719566283200345e+12
   3.2833846732956085114847534908480415963564e+12
   4.1500452658938111492566225836256725439633e+12
   5.2457257597089800474265406003983252087311e+12
   6.6310105677943380473404206815329652939078e+12
   8.3825269754693647832913957365527747228679e+12
   1.0597197302878498877382028517348843531288e+13
   1.3397619094906193332405804523923843913979e+13
   1.6938872833189328572453573451080253048665e+13
   2.1417136243931464415197331117592987672580e+13
   2.7080585014802734897938791078598533063559e+13
   3.4243187265102472790927623915301468109953e+13
   4.3302160565552812499843277839959820010549e+13
   5.4760064706316819725361549123031018050719e+13
   6.9252762197546128229970799227705992777813e+13
   8.7584806134996651402449838779641266759803e+13
   1.1077422991038993102144046176022586863574e+14
   1.4010923851422730512955950084286730125978e+14
   1.7721996627778658691454336253701853961208e+14
   2.2416930807923314887705961551461333175934e+14
   2.8356789747258555706194821117068889531463e+14
   3.5871965564019766967864047561701883012932e+14
   4.5380604520245020702763705571896033752832e+14
   5.7411932860558614864394624370558701930298e+14
   7.2635787347714323631766008762685709449414e+14
   9.1900002080026565575203589750087048009832e+14
   1.1627774308522675340117143703181195689452e+15
   1.4712743933943315784805909542784334598641e+15
   1.8616866452524912064076904408345038325815e+15
   2.3557821762862994453757725988829380384786e+15
   2.9811178255912916791170928127358602608617e+15
   3.7725798093355352948712817347751765562777e+15
   4.7743344852809992678085392844898814595089e+15
   6.0422986671734851992618562977065547586734e+15
   7.6472679476022992881233307936658786967631e+15
   9.6788784086147271993626409598137632887852e+15
   1.2250623870693009279889175270722496822976e+16
   1.5506210082280197921825974804882223360112e+16
   1.9627602315827215182145440615721724300378e+16
   2.4845217934287326646793616496391421521754e+16
   3.1450835973925593936301961038801132809646e+16
   3.9813948434360460071841014224187891093507e+16
   5.0402471365380739371095064700640518197477e+16
   6.3808978878311886618514531750013999229561e+16
   8.0783933682839376406546770322806793543753e+16
   1.0227778114066299138914237848743613887516e+17
   1.2949427229064182705239153210421127658066e+17
   1.6395801291442448208666883790480869506936e+17
   2.0760003606193184571546013147452985980692e+17
   2.6286620964206797932528354754104409267042e+17
   3.3285457586500139766277388185727425831217e+17
   4.2148934794355427780852124914973422414948e+17
   5.3374135334353984461740419110283302338655e+17
   6.7590732839707428238352403498007346429836e+17
   8.5596378377164434492622111850984562518143e+17
   1.0840153610969815540021895700935838638938e+18
   1.3728629249926401939770761231676223788468e+18
   1.7387233822275287220522100686842159608873e+18
   2.2021417715844042399790141105537731798555e+18
   2.7891470069142523252118881463247274471654e+18
   3.5327163937595462317025644040523813081374e+18
   4.4746314525009767526346558028756430703880e+18
   5.6678296515838536195952184741049264303172e+18
   7.1793846296038120790937437465299738167129e+18
   9.0942829452267936165749276275615951645214e+18
   1.1520210342581805537869016048476925895029e+19
   1.4593617496882727924851672248558251102458e+19
   1.8487407430798138177791799131273282799929e+19
   2.3420678349118788073912361328798692655712e+19
   2.9671071703690953452366838585873017343555e+19
   3.7590422435001820662748170755082477001280e+19
   4.7624594861852076355175135183833027447181e+19
   6.0338624156003560375144426898645246467701e+19
   7.6448583120878177681827900201503065402516e+19
   9.6861974052785071393488472820316311238916e+19
   1.2272892730509604625608747174001128648799e+20
   1.5550709906876672784107239261296440781675e+20
   1.9704393540327522131143592044892103987773e+20
   2.4968095154459353496191380123147868568862e+20
   3.1638592057772614778378559604146246279046e+20
   4.0092044419077045017771115114001990182373e+20
   5.0805237982567883190487055777455932007661e+20
   6.4382513647704733364651984846963479414300e+20
   8.1589906943063432369868642565175055180490e+20
   1.0339842846944678255303362658477058650721e+21
   1.3103893379646280821831197307623400115285e+21
   1.6607168738982530913854409524889373167744e+21
   2.1047455710914482990283420206344650181944e+21
   2.6675483080716840294079358441839227150546e+21
   3.3809098439043381736602667241225904718602e+21
   4.2851242722149877154918976918402243243058e+21
   5.4312740215724729244640668084564523290989e+21
   6.8841194583984797565119640143810034052662e+21
   8.7257627483795607573014339165811361041480e+21
   1.1060293511511979976397788632421927156155e+22
   1.4019679453862497624671117796971142495346e+22
   1.7771235733414106863362271587218195007333e+22
   2.2527096322944850509294566975071157383206e+22
   2.8556224149648279303769359356821030086933e+22
   3.6199640762559167323230620926738959474313e+22
   4.5889738877838781306130475550096077953852e+22
   5.8174772745697514260983240409911168398574e+22
   7.3749915021512242060664680322818054917487e+22
   9.3496641388505382646929019320799371237818e+22
   1.1853267673001723818603310214094053150739e+23
