-4.9900000000000002 -0.8478047198471037
-4.9800000000000004 -0.4313978054247457
-4.9699999999999998 -0.2927749132241105
-4.9600000000000000 -0.2236029511833103
-4.9500000000000002 -0.1822155042716321
-4.9400000000000004 -0.1547239462057226
-4.9299999999999997 -0.1351761702516159
-4.9199999999999999 -0.1205962724490788
-4.9100000000000001 -0.1093311131874797
-4.9000000000000004 -0.1003889423220039
-4.8899999999999997 -0.0931387747028055
-4.8799999999999999 -0.0871600784109484
-4.8700000000000001 -0.0821618381248587
-4.8600000000000003 -0.0779363060877115
-4.8499999999999996 -0.0743312531651324
-4.8399999999999999 -0.0712326262412292
-4.8300000000000001 -0.0685533270288870
-4.8200000000000003 -0.0662257317845876
-4.8099999999999996 -0.0641965737417148
-4.7999999999999998 -0.0624233613547595
-4.7900000000000000 -0.0608718204635276
-4.7800000000000002 -0.0595140346331587
-4.7699999999999996 -0.0583270712329557
-4.7599999999999998 -0.0572919516345775
-4.7500000000000000 -0.0563928692339824
-4.7400000000000002 -0.0556165886369833
-4.7300000000000004 -0.0549519791059720
-4.7199999999999998 -0.0543896487731796
-4.7100000000000000 -0.0539216553734633
-4.7000000000000002 -0.0535412757239197
-4.6900000000000004 -0.0532428207733565
-4.6799999999999997 -0.0530214863490228
-4.6699999999999999 -0.0528732321324988
-4.6600000000000001 -0.0527946831661337
-4.6500000000000004 -0.0527830495075564
-4.6399999999999997 -0.0528360606387437
-4.6299999999999999 -0.0529519119866322
-4.6200000000000001 -0.0531292214873842
-4.6100000000000003 -0.0533669945715130
-4.5999999999999996 -0.0536645962950791
-4.5899999999999999 -0.0540217296172827
-4.5800000000000001 -0.0544384190449319
-4.5700000000000003 -0.0549149990429338
-4.5599999999999996 -0.0554521067573634
-4.5499999999999998 -0.0560506787217079
-4.5400000000000000 -0.0567119513237315
-4.5300000000000002 -0.0574374649050467
-4.5199999999999996 -0.0582290714519893
-4.5099999999999998 -0.0590889459182965
-4.5000000000000000 -0.0600196013005042
-4.4900000000000002 -0.0610239076688607
-4.4800000000000004 -0.0621051154428168
-4.4699999999999998 -0.0632668832938414
-4.4600000000000000 -0.0645133111627579
-4.4500000000000002 -0.0658489789978185
-4.4400000000000004 -0.0672789919577611
-4.4299999999999997 -0.0688090329865504
-4.4199999999999999 -0.0704454238599533
-4.4100000000000001 -0.0721951960367966
-4.4000000000000004 -0.0740661729300365
-4.3899999999999997 -0.0760670655578380
-4.3799999999999999 -0.0782075839596178
-4.3700000000000001 -0.0804985672883205
-4.3600000000000003 -0.0829521361465728
-4.3499999999999996 -0.0855818715581942
-4.3399999999999999 -0.0884030260072890
-4.3300000000000001 -0.0914327733007335
-4.3200000000000003 -0.0946905057048111
-4.3099999999999996 -0.0981981889930108
-4.2999999999999998 -0.1019807888834333
-4.2900000000000000 -0.1060667860669083
-4.2800000000000002 -0.1104888019455925
-4.2699999999999996 -0.1152843637595777
-4.2599999999999998 -0.1204968466063465
-4.2500000000000000 -0.1261766418626789
-4.2400000000000002 -0.1323826180248056
-4.2300000000000004 -0.1391839629474597
-4.2199999999999998 -0.1466625288217500
-4.2100000000000000 -0.1549158474590679
-4.2000000000000002 -0.1640610504776140
-4.1900000000000004 -0.1742400277680116
-4.1799999999999997 -0.1856263057841878
-4.1699999999999999 -0.1984343538180015
-4.1600000000000001 -0.2129323804977282
-4.1500000000000004 -0.2294602492809493
-4.1399999999999997 -0.2484550724409624
-4.1299999999999999 -0.2704886181247918
-4.1200000000000001 -0.2963234214491107
-4.1100000000000003 -0.3269995022152044
-4.0999999999999996 -0.3639731138924335
-4.0899999999999999 -0.4093479926561894
-4.0800000000000001 -0.4662800440567456
-4.0700000000000003 -0.5397289049876308
-4.0599999999999996 -0.6379610688533269
-4.0499999999999998 -0.7758567624832292
-4.0400000000000000 -0.9831771404431366
-4.0300000000000002 -1.3293658708124421
-4.0199999999999996 -2.0227554827915233
-4.0099999999999998 -4.1050118094657799
-3.9900000000000002 4.2305455520370474
-3.9800000000000000 2.1483610710151879
-3.9700000000000002 1.4550913187238501
-3.9600000000000000 1.1090706378692190
-3.9500000000000002 0.9019667461445786
-3.9399999999999999 0.7643362942562648
-3.9300000000000002 0.6664185193404698
-3.9199999999999999 0.5933336604494678
-3.9100000000000001 0.5368157657505251
-3.8999999999999999 0.4919058173778174
-3.8900000000000001 0.4554486082967203
-3.8799999999999999 0.4253411826454282
-3.8700000000000001 0.4001281516680620
-3.8599999999999999 0.3787704475862773
-3.8500000000000001 0.3605065778508929
-3.8399999999999999 0.3447659110075493
-3.8300000000000001 0.3311125695495241
-3.8199999999999998 0.3192080272017116
-3.8100000000000001 0.3087855196976484
-3.7999999999999998 0.2996321345028457
-3.7900000000000000 0.2915760200202972
-3.7799999999999998 0.2844770855464985
-3.7700000000000000 0.2782201297811990
-3.7599999999999998 0.2727096897805888
-3.7500000000000000 0.2678661288614166
-3.7400000000000002 0.2636226301393007
-3.7300000000000000 0.2599228611712475
-3.7200000000000002 0.2567191422094079
-3.7100000000000000 0.2539709968090121
-3.7000000000000002 0.2516439959024226
-3.6899999999999999 0.2497088294270419
-3.6800000000000002 0.2481405561134267
-3.6699999999999999 0.2469179940587693
-3.6600000000000001 0.2460232235541829
-3.6499999999999999 0.2454411802101373
-3.6400000000000001 0.2451593213637709
-3.6299999999999999 0.2451673524981069
-3.6200000000000001 0.2454570032717152
-3.6099999999999999 0.2460218449746752
-3.6000000000000001 0.2468571429573638
-3.5899999999999999 0.2479597389433274
-3.5800000000000001 0.2493279592257883
-3.5699999999999998 0.2509615456262073
-3.5600000000000001 0.2528616068135770
-3.5499999999999998 0.2550305881837710
-3.5400000000000000 0.2574722590097412
-3.5299999999999998 0.2601917160198615
-3.5200000000000000 0.2631954029629913
-3.5099999999999998 0.2664911460915173
-3.5000000000000000 0.2700882058522691
-3.4900000000000002 0.2739973454331844
-3.4800000000000000 0.2782309171838197
-3.4700000000000002 0.2828029683234707
-3.4600000000000000 0.2877293677859003
-3.4500000000000002 0.2930279565402921
-3.4399999999999999 0.2987187242924594
-3.4300000000000002 0.3048240161304179
-3.4199999999999999 0.3113687734609936
-3.4100000000000001 0.3183808145222731
-3.3999999999999999 0.3258911608921607
-3.3900000000000001 0.3339344177989086
-3.3799999999999999 0.3425492177431261
-3.3700000000000001 0.3517787390499607
-3.3599999999999999 0.3616713135990580
-3.3500000000000001 0.3722811412781442
-3.3399999999999999 0.3836691328716342
-3.3300000000000001 0.3959039083921760
-3.3199999999999998 0.4090629846447845
-3.3100000000000001 0.4232341945598759
-3.2999999999999998 0.4385173921987631
-3.2900000000000000 0.4550265122270369
-3.2799999999999998 0.4728920723271367
-3.2700000000000000 0.4922642332533959
-3.2599999999999998 0.5133165665430361
-3.2500000000000000 0.5362507279163854
-3.2400000000000002 0.5613023004251758
-3.2300000000000000 0.5887481632677561
-3.2200000000000002 0.6189158716277834
-3.2100000000000000 0.6521957178026757
-3.2000000000000002 0.6890564120059791
-3.1899999999999999 0.7300657163479706
-3.1800000000000002 0.7759179581779031
-3.1699999999999999 0.8274712554210666
-3.1600000000000001 0.8857987028705494
-3.1499999999999999 0.9522600345159430
-3.1400000000000001 1.0286039999055807
-3.1299999999999999 1.1171179928553903
-3.1200000000000001 1.2208524963703367
-3.1099999999999999 1.3439679541044960
-3.1000000000000001 1.4922897669589699
-3.0899999999999999 1.6742332899638150
-3.0800000000000001 1.9024225797515220
-3.0699999999999998 2.1966966432996724
-3.0600000000000001 2.5901219395444866
-3.0499999999999998 3.1422198880570771
-3.0400000000000000 3.9720356473902716
-3.0299999999999998 5.3573444593742270
-3.0200000000000000 8.1314770408217374
-3.0099999999999998 16.4610973559577793
-2.9900000000000002 -16.8798767526278226
-2.9800000000000000 -8.5504770626404465
-2.9700000000000002 -5.7767125353336857
-2.9600000000000000 -4.3919197259621079
-2.9500000000000002 -3.5627686472710858
-2.9399999999999999 -3.0114849993696828
-2.9300000000000002 -2.6190247810080463
-2.9199999999999999 -2.3258679489619141
-2.9100000000000001 -2.0989496440845534
-2.8999999999999999 -1.9184326877734874
-2.8900000000000001 -1.7716950862742420
-2.8799999999999999 -1.6503237886642614
-2.8700000000000001 -1.5484959469553998
-2.8599999999999999 -1.4620539276830302
-2.8500000000000001 -1.3879503247259377
-2.8399999999999999 -1.3239010982689896
-2.8300000000000001 -1.2681611413746772
-2.8199999999999998 -1.2193746639105383
-2.8100000000000001 -1.1764728300480407
-2.7999999999999998 -1.1386021111108136
-2.7900000000000000 -1.1050731158769262
-2.7799999999999998 -1.0753233833657647
-2.7700000000000000 -1.0488898892751204
-2.7599999999999998 -1.0253884335750136
-2.7500000000000000 -1.0044979832303123
-2.7400000000000002 -0.9859486367209847
-2.7300000000000000 -0.9695122721687532
-2.7200000000000002 -0.9549952090189978
-2.7100000000000000 -0.9422323981614351
-2.7000000000000002 -0.9310827848389641
-2.6899999999999999 -0.9214255805857845
-2.6800000000000002 -0.9131572464974104
-2.6699999999999999 -0.9061890381956833
-2.6600000000000001 -0.9004449982083096
-2.6499999999999999 -0.8958603077670010
-2.6400000000000001 -0.8923799297641259
-2.6299999999999999 -0.8899574895681280
-2.6200000000000001 -0.8885543518436090
-2.6099999999999999 -0.8881388603585774
-2.6000000000000001 -0.8886857146465097
-2.5899999999999999 -0.8901754628065452
-2.5800000000000001 -0.8925940940283221
-2.5699999999999998 -0.8959327178855601
-2.5600000000000001 -0.9001873202563341
-2.5499999999999998 -0.9053585880523872
-2.5400000000000000 -0.9114517968944836
-2.5299999999999998 -0.9184767575501110
-2.5200000000000000 -0.9264478184297297
-2.5099999999999998 -0.9353839227812255
-2.5000000000000000 -0.9453087204829418
-2.4900000000000002 -0.9562507355618136
-2.4800000000000000 -0.9682435917996925
-2.4700000000000002 -0.9813263000824435
-2.4600000000000000 -0.9955436125392149
-2.4500000000000002 -1.0109464500640080
-2.4399999999999999 -1.0275924115660606
-2.4300000000000002 -1.0455463753273335
-2.4199999999999999 -1.0648812052365979
-2.4100000000000001 -1.0856785775209510
-2.3999999999999999 -1.1080299470333461
-2.3900000000000001 -1.1320376763383004
-2.3799999999999999 -1.1578163559717660
-2.3700000000000001 -1.1854943505983675
-2.3599999999999999 -1.2152156136928352
-2.3500000000000001 -1.2471418232817828
-2.3399999999999999 -1.2814549037912577
-2.3300000000000001 -1.3183600149459460
-2.3199999999999998 -1.3580891090206841
-2.3100000000000001 -1.4009051839931890
-2.2999999999999998 -1.4471073942559178
-2.2900000000000000 -1.4970372252269513
-2.2799999999999998 -1.5510859972330082
-2.2700000000000000 -1.6097040427386045
-2.2599999999999998 -1.6734120069302973
-2.2500000000000000 -1.7428148657282527
-2.2400000000000002 -1.8186194533775697
-2.2300000000000000 -1.9016565673548522
-2.2200000000000002 -1.9929091066414626
-2.2100000000000000 -2.0935482541465888
-2.2000000000000002 -2.2049805184191333
-2.1899999999999999 -2.3289096351500258
-2.1800000000000002 -2.4674191070057319
-2.1699999999999999 -2.6230838796847804
-2.1600000000000001 -2.7991239010709363
-2.1499999999999999 -2.9996191087252200
-2.1400000000000001 -3.2298165597035235
-2.1299999999999999 -3.4965793176373716
-2.1200000000000001 -3.8090597886754494
-2.1099999999999999 -4.1797403372649828
-2.1000000000000001 -4.6260982775728072
-2.0899999999999999 -5.1733808659881877
-2.0800000000000001 -5.8594615456346890
-2.0699999999999998 -6.7438586949299939
-2.0600000000000001 -7.9257731350061302
-2.0499999999999998 -9.5837706585740872
-2.0400000000000000 -12.0749883680664247
-2.0299999999999998 -16.2327537119039036
-2.0200000000000000 -24.5570606632816464
-2.0099999999999998 -49.5479030414328960
-1.9900000000000000 50.4708314903560833
-1.9800000000000000 25.4804216466685318
-1.9700000000000000 17.1568362299409216
-1.9600000000000000 13.0000823888478365
-1.9500000000000000 10.5101675094496603
-1.9399999999999999 8.8537658981468663
-1.9299999999999999 7.6737426083535540
-1.9199999999999999 6.7915344109687883
-1.9099999999999999 6.1079434642860368
-1.8999999999999999 5.5634547945431132
-1.8899999999999999 5.1201987993325497
-1.8799999999999999 4.7529325113530732
-1.8700000000000001 4.4441833677619966
-1.8600000000000001 4.1814742331734722
-1.8500000000000001 3.9556584254689224
-1.8400000000000001 3.7598791190839349
-1.8300000000000001 3.5888960300903365
-1.8200000000000001 3.4386365522277202
-1.8100000000000001 3.3058886524349949
-1.8000000000000000 3.1880859111102806
-1.7900000000000000 3.0831539932966243
-1.7800000000000000 2.9893990057568272
-1.7700000000000000 2.9054249932920833
-1.7600000000000000 2.8300720766670384
-1.7500000000000000 2.7623694538833594
-1.7400000000000000 2.7014992646154967
-1.7300000000000000 2.6467685030206960
-1.7200000000000000 2.5975869685316724
-1.7100000000000000 2.5534497990174896
-1.7000000000000000 2.5139235190652021
-1.6899999999999999 2.4786348117757604
-1.6799999999999999 2.4472614206130596
-1.6699999999999999 2.4195247319824746
-1.6599999999999999 2.3951836952341030
-1.6499999999999999 2.3740298155825528
-1.6399999999999999 2.3558830145772922
-1.6299999999999999 2.3405881975641765
-1.6200000000000001 2.3280124018302550
-1.6100000000000001 2.3180424255358871
-1.6000000000000001 2.3105828580809251
-1.5900000000000001 2.3055544486689521
-1.5800000000000001 2.3028927625930709
-1.5700000000000001 2.3025470849658896
-1.5600000000000001 2.3044795398562155
-1.5500000000000000 2.3086643995335860
-1.5400000000000000 2.3150875641119888
-1.5300000000000000 2.3237461966017805
-1.5200000000000000 2.3346485024429184
-1.5100000000000000 2.3478136461808763
-1.5000000000000000 2.3632718012073548
-1.4900000000000000 2.3810643315489162
-1.4800000000000000 2.4012441076632376
-1.4700000000000000 2.4238759612036360
-1.4600000000000000 2.4490372868464685
-1.4500000000000000 2.4768188026568203
-1.4399999999999999 2.5073254842211874
-1.4299999999999999 2.5406776920454215
-1.4199999999999999 2.5770125166725668
-1.4099999999999999 2.6164853718254935
-1.3999999999999999 2.6592718728800309
-1.3899999999999999 2.7055700464485390
-1.3799999999999999 2.7556029272128035
-1.3700000000000001 2.8096216109181316
-1.3600000000000001 2.8679088483150887
-1.3500000000000001 2.9307832847121897
-1.3400000000000001 2.9986044748715424
-1.3300000000000001 3.0717788348240544
-1.3200000000000001 3.1507667329279858
-1.3100000000000001 3.2360909750242661
-1.3000000000000000 3.3283470067886092
-1.2900000000000000 3.4282152457697186
-1.2800000000000000 3.5364760736912553
-1.2700000000000000 3.6540281770166323
-1.2600000000000000 3.7819111356624693
-1.2500000000000000 3.9213334478885686
-1.2400000000000000 4.0737075755657601
-1.2300000000000000 4.2406941452013198
-1.2200000000000000 4.4242582167440521
-1.2100000000000000 4.6267416416639611
-1.2000000000000000 4.8509571405220981
-1.1899999999999999 5.1003121009785568
-1.1799999999999999 5.3789736532725021
-1.1699999999999999 5.6920920189159734
-1.1599999999999999 6.0461076263132334
-1.1499999999999999 6.4491810837592221
-1.1399999999999999 6.9118074377655523
-1.1299999999999999 7.4477139465676006
-1.1200000000000001 8.0752067519919528
-1.1100000000000001 8.8192521116290941
-1.1000000000000001 9.7148063829028963
-1.0900000000000001 10.8123660099152854
-1.0800000000000001 12.1876800149201507
-1.0700000000000001 13.9597874985050421
-1.0600000000000001 16.3270926581126261
-1.0500000000000000 19.6467298500767882
-1.0400000000000000 24.6329762708555116
-1.0300000000000000 32.9524900351646721
-1.0200000000000000 49.6052625398289351
-1.0100000000000000 99.5912851132779053
-0.9900000000000000 -100.4369546658085994
-0.9800000000000000 -50.4512348604036873
-0.9700000000000000 -33.7989673729836113
-0.9600000000000000 -25.4801614821417601
-0.9500000000000000 -20.4948266434268334
-0.9399999999999999 -17.1763058424049220
-0.9300000000000000 -14.8103232341223823
-0.9200000000000000 -13.0397460690600937
-0.9100000000000000 -11.6661720167863443
-0.9000000000000000 -10.5705641096319258
-0.8900000000000000 -9.6771757307385311
-0.8800000000000000 -8.9355131213437851
-0.8700000000000000 -8.3106228977149268
-0.8600000000000000 -7.7775420737026515
-0.8500000000000000 -7.3179680871175021
-0.8400000000000000 -6.9181775791144355
-0.8300000000000000 -6.5676797350653136
-0.8200000000000000 -6.2583185250544489
-0.8100000000000001 -5.9836584609073409
-0.8000000000000000 -5.7385546399985046
-0.7900000000000000 -5.5188456480009584
-0.7800000000000000 -5.3211302302471521
-0.7700000000000000 -5.1426022381269867
-0.7600000000000000 -4.9809268549339887
-0.7500000000000000 -4.8341465442958782
-0.7400000000000000 -4.7006087204309646
-0.7300000000000000 -4.5789095102258042
-0.7200000000000000 -4.4678495858744762
-0.7100000000000000 -4.3663991563199067
-0.7000000000000000 -4.2736699824108442
-0.6899999999999999 -4.1888928319010343
-0.6800000000000000 -4.1113991866299404
-0.6700000000000000 -4.0406063024107324
-0.6600000000000000 -3.9760049340886114
-0.6500000000000000 -3.9171491957112123
-0.6400000000000000 -3.8636481439067603
-0.6300000000000000 -3.8151587620296081
-0.6200000000000000 -3.7713800909650139
-0.6100000000000000 -3.7320483051127775
-0.6000000000000000 -3.6969325729294802
-0.5900000000000000 -3.6658315733836342
-0.5800000000000000 -3.6385705648970523
-0.5700000000000000 -3.6149989233964459
-0.5600000000000001 -3.5949880821756963
-0.5500000000000000 -3.5784298192770589
-0.5400000000000000 -3.5652348487324628
-0.5300000000000000 -3.5553316808007245
-0.5200000000000000 -3.5486657237132357
-0.5100000000000000 -3.5451986057331224
-0.5000000000000000 -3.5449077018110318
-0.4900000000000000 -3.5477858540078850
-0.4800000000000000 -3.5538412793415914
-0.4700000000000000 -3.5630976629693452
-0.4600000000000000 -3.5755944387958438
-0.4500000000000000 -3.5913872638523889
-0.4400000000000000 -3.6105486972785097
-0.4300000000000000 -3.6331690996249528
-0.4200000000000000 -3.6593577736750440
-0.4100000000000000 -3.6892443742739447
-0.4000000000000000 -3.7229806220320425
-0.3900000000000000 -3.7607423645634688
-0.3800000000000000 -3.8027320395536686
-0.3700000000000000 -3.8491816069578411
-0.3600000000000000 -3.9003560337085221
-0.3500000000000000 -3.9565574343614567
-0.3400000000000000 -4.0181299963278674
-0.3300000000000000 -4.0854658503159929
-0.3200000000000000 -4.1590120874649417
-0.3100000000000000 -4.2392791772817890
-0.3000000000000000 -4.3268511088251929
-0.2900000000000000 -4.4223976670429366
-0.2800000000000000 -4.5266893743248069
-0.2700000000000000 -4.6406157848111222
-0.2600000000000000 -4.7652080309347129
-0.2500000000000000 -4.9016668098607106
-0.2400000000000000 -5.0513973937015431
-0.2300000000000000 -5.2160537985976241
-0.2200000000000000 -5.3975950244277442
-0.2100000000000000 -5.5983573864133929
-0.2000000000000000 -5.8211485686265174
-0.1900000000000000 -6.0693714001644823
-0.1800000000000000 -6.3471889108615489
-0.1700000000000000 -6.6597476621316858
-0.1600000000000000 -7.0134848465233439
-0.1500000000000000 -7.4165582463231017
-0.1400000000000000 -7.8794604790527236
-0.1300000000000000 -8.4159167596213820
-0.1200000000000000 -9.0442315622309977
-0.1100000000000000 -9.7893698439083021
-0.1000000000000000 -10.6862870211931948
-0.0900000000000000 -11.7854789508076703
-0.0800000000000000 -13.1626944161137747
-0.0700000000000000 -14.9369726234004059
-0.0600000000000000 -17.3067182175993999
-0.0500000000000000 -20.6290663425806464
-0.0400000000000000 -25.6182953216897538
-0.0300000000000000 -33.9410647362196372
-0.0200000000000000 -50.5973677906255475
-0.0100000000000000 -100.5871979644107768
0.0000000000000000 inf
0.0100000000000000 99.4325851191506018
0.0200000000000000 49.4422101631956679
0.0300000000000000 32.7849983517941368
0.0400000000000000 24.4609550228561190
0.0500000000000000 19.4700853112555095
0.0600000000000000 16.1457274918606402
0.0700000000000000 13.7736006077338047
0.0800000000000000 11.9965663835352778
0.0900000000000000 10.6162165352755693
0.1000000000000000 9.5135076986687306
0.1100000000000000 8.6126864003572905
0.1200000000000000 7.8632515467825304
0.1300000000000000 7.2302419210119870
0.1400000000000000 6.6886861833842799
0.1500000000000000 6.2202728740498783
0.1600000000000000 5.8112691664561265
0.1700000000000000 5.4511741801042097
0.1800000000000000 5.1318211905446489
0.1900000000000000 4.8467633533349446
0.2000000000000000 4.5908437119988026
0.2100000000000000 4.3598880619207563
0.2200000000000000 4.1504815795927783
0.2300000000000000 3.9598037233577803
0.2400000000000000 3.7855044097498309
0.2500000000000000 3.6256099082219082
0.2600000000000000 3.4784504531189135
0.2700000000000000 3.3426039424648377
0.2800000000000000 3.2168517018296230
0.2900000000000000 3.1001434009871343
0.3000000000000000 2.9915689876875908
0.3100000000000000 2.8903360540117142
0.3200000000000000 2.7957514469083589
0.3300000000000000 2.7072062226151909
0.3400000000000000 2.6241632564984831
0.3500000000000000 2.5461469772122882
0.3600000000000000 2.4727348121003265
0.3700000000000000 2.4035500200786530
0.3800000000000000 2.3382556563983083
0.3900000000000000 2.2765494661187944
0.4000000000000000 2.2181595437576882
0.4100000000000000 2.1628406282963448
0.4200000000000000 2.1103709276402909
0.4300000000000000 2.0605493863359743
0.4400000000000000 2.0131933260183899
0.4500000000000000 1.9681364006023825
0.4600000000000000 1.9252268183155299
0.4700000000000000 1.8843257908243840
0.4800000000000000 1.8453061763308829
0.4900000000000000 1.8080512889238929
0.5000000000000000 1.7724538509055161
0.5100000000000000 1.7384150684638640
0.5200000000000000 1.7058438140839638
0.5300000000000000 1.6746559015955922
0.5400000000000000 1.6447734418460882
0.5500000000000000 1.6161242687335751
0.5600000000000001 1.5886414268025442
0.5700000000000000 1.5622627128387299
0.5800000000000000 1.5369302649435188
0.5900000000000000 1.5125901934523176
0.6000000000000000 1.4891922488128171
0.6100000000000000 1.4666895221797527
0.6200000000000000 1.4450381750303940
0.6300000000000000 1.4241971945744010
0.6400000000000000 1.4041281721350678
0.6500000000000000 1.3847951020265099
0.6600000000000000 1.3661641987514748
0.6700000000000000 1.3482037306042778
0.6800000000000000 1.3308838679887813
0.6899999999999999 1.3141765449573548
0.7000000000000000 1.2980553326475579
0.7100000000000000 1.2824953234424519
0.7200000000000000 1.2674730248109463
0.7300000000000000 1.2529662618990034
0.7400000000000000 1.2389540880430252
0.7500000000000000 1.2254167024651776
0.7600000000000000 1.2123353744883700
0.7700000000000000 1.1996923736774534
0.7800000000000000 1.1874709053741035
0.7900000000000000 1.1756550511468122
0.8000000000000000 1.1642297137253033
0.8100000000000001 1.1531805660312513
0.8200000000000000 1.1424940039550791
0.8300000000000000 1.1321571025623867
0.8400000000000000 1.1221575754437354
0.8500000000000000 1.1124837369484653
0.8600000000000000 1.1031244670673814
0.8700000000000000 1.0940691787507797
0.8800000000000000 1.0853077874677195
0.8900000000000000 1.0768306828299132
0.9000000000000000 1.0686287021193193
0.9100000000000000 1.0606931055726903
0.9200000000000000 1.0530155532891019
0.9300000000000000 1.0455880836380285
0.9399999999999999 1.0384030930559640
0.9500000000000000 1.0314533171290323
0.9600000000000000 1.0247318128675904
0.9700000000000000 1.0182319420865893
0.9800000000000000 1.0119473558125112
0.9900000000000000 1.0058719796441078
1.0000000000000000 1.0000000000000000
1.0100000000000000 0.9943258511915061
1.0200000000000000 0.9888442032639133
1.0300000000000000 0.9835499505538241
1.0400000000000000 0.9784382009142447
1.0500000000000000 0.9735042655627756
1.0600000000000001 0.9687436495116384
1.0700000000000001 0.9641520425413664
1.0800000000000001 0.9597253106828222
1.0900000000000001 0.9554594881748012
1.1000000000000001 0.9513507698668732
1.1100000000000001 0.9473955040393019
1.1200000000000001 0.9435901856139036
1.1299999999999999 0.9399314497315584
1.1399999999999999 0.9364160656737994
1.1499999999999999 0.9330409311074817
1.1599999999999999 0.9298030666329803
1.1699999999999999 0.9266996106177158
1.1799999999999999 0.9237278142980367
1.1899999999999999 0.9208850371336396
1.2000000000000000 0.9181687423997607
1.2100000000000000 0.9155764930033589
1.2200000000000000 0.9131059475104113
1.2300000000000000 0.9107548563722895
1.2400000000000000 0.9085210583399594
1.2500000000000000 0.9064024770554771
1.2600000000000000 0.9043971178109176
1.2700000000000000 0.9025030644655062
1.2800000000000000 0.9007184765122945
1.2900000000000000 0.8990415862862688
1.3000000000000000 0.8974706963062772
1.3100000000000001 0.8960041767436314
1.3200000000000001 0.8946404630106749
1.3300000000000001 0.8933780534630130
1.3400000000000001 0.8922155072094844
1.3500000000000001 0.8911514420243009
1.3600000000000001 0.8901845323561175
1.3700000000000001 0.8893135074291016
1.3799999999999999 0.8885371494313572
1.3899999999999999 0.8878542917863298
1.3999999999999999 0.8872638175030753
1.4099999999999999 0.8867646576015012
1.4199999999999999 0.8863557896089221
1.4299999999999999 0.8860362361244690
1.4399999999999999 0.8858050634480915
1.4500000000000000 0.8856613802710721
1.4600000000000000 0.8856043364251438
1.4700000000000000 0.8856331216874604
1.4800000000000000 0.8857469646388237
1.4900000000000000 0.8859451315727075
1.5000000000000000 0.8862269254527581
1.5100000000000000 0.8865916849165706
1.5200000000000000 0.8870387833236612
1.5300000000000000 0.8875676278456639
1.5400000000000000 0.8881776585968877
1.5500000000000000 0.8888683478034664
1.5600000000000001 0.8896391990094248
1.5700000000000001 0.8904897463180759
1.5800000000000001 0.8914195536672409
1.5900000000000001 0.8924282141368673
1.6000000000000001 0.8935153492876903
1.6100000000000001 0.8946806085296491
1.6200000000000001 0.8959236685188443
1.6299999999999999 0.8972442325818726
1.6399999999999999 0.8986420301664434
1.6499999999999999 0.9001168163172315
1.6599999999999999 0.9016683711759734
1.6699999999999999 0.9032964995048661
1.6799999999999999 0.9050010302323713
1.6899999999999999 0.9067818160205747
1.7000000000000000 0.9086387328532904
1.7100000000000000 0.9105716796441408
1.7200000000000000 0.9125805778638812
1.7300000000000000 0.9146653711862724
1.7400000000000000 0.9168260251518386
1.7500000000000000 0.9190625268488832
1.7600000000000000 0.9213748846111612
1.7700000000000000 0.9237631277316392
1.7800000000000000 0.9262273061918007
1.7900000000000000 0.9287674904059817
1.8000000000000000 0.9313837709802426
1.8100000000000001 0.9340762584853136
1.8200000000000001 0.9368450832431647
1.8300000000000001 0.9396903951267809
1.8400000000000001 0.9426123633727377
1.8500000000000001 0.9456111764061955
1.8600000000000001 0.9486870416779479
1.8700000000000001 0.9518401855131783
1.8799999999999999 0.9550708529715932
1.8899999999999999 0.9583793077186229
1.8999999999999999 0.9617658319073874
1.9099999999999999 0.9652307260711482
1.9199999999999999 0.9687743090259738
1.9299999999999999 0.9723969177833666
1.9399999999999999 0.9760989074726061
1.9500000000000000 0.9798806512725806
1.9600000000000000 0.9837425403528868
1.9700000000000000 0.9876849838239916
1.9800000000000000 0.9917084086962609
1.9900000000000000 0.9958132598476667
2.0000000000000000 1.0000000000000000
2.0099999999999998 1.0042691097034211
2.0200000000000000 1.0086210873291916
2.0299999999999998 1.0130564490704388
2.0400000000000000 1.0175757289508145
2.0499999999999998 1.0221794788409142
2.0600000000000001 1.0268682684823367
2.0699999999999998 1.0316426855192620
2.0800000000000001 1.0365033355374480
2.0899999999999999 1.0414508421105333
2.1000000000000001 1.0464858468535605
2.1099999999999999 1.0516090094836250
2.1200000000000001 1.0568210078875722
2.1299999999999999 1.0621225381966608
2.1400000000000001 1.0675143148681314
2.1499999999999999 1.0729970707736038
2.1600000000000001 1.0785715572942574
2.1699999999999999 1.0842385444227274
2.1800000000000002 1.0899988208716833
2.1899999999999999 1.0958531941890310
2.2000000000000002 1.1018024908797128
2.2100000000000000 1.1078475565340642
2.2200000000000002 1.1139892559627020
2.2300000000000000 1.1202284733379160
2.2400000000000002 1.1265661123415498
2.2500000000000000 1.1330030963193463
2.2599999999999998 1.1395403684417562
2.2700000000000000 1.1461788918711928
2.2799999999999998 1.1529196499357368
2.2900000000000000 1.1597636463092869
2.2999999999999998 1.1667119051981603
2.3100000000000001 1.1737654715341572
2.3199999999999998 1.1809254111740908
2.3300000000000001 1.1881928111058073
2.3399999999999999 1.1955687796607091
2.3500000000000001 1.2030544467328061
2.3599999999999999 1.2106509640043197
2.3700000000000001 1.2183595051778693
2.3799999999999999 1.2261812662152729
2.3900000000000001 1.2341174655829985
2.3999999999999999 1.2421693445043054
2.4100000000000001 1.2503381672181169
2.4199999999999999 1.2586252212446694
2.4300000000000002 1.2670318176579909
2.4399999999999999 1.2755592913652518
2.4500000000000002 1.2842090013930547
2.4600000000000000 1.2929823311807098
2.4700000000000002 1.3018806888805670
2.4800000000000000 1.3109055076654592
2.4900000000000002 1.3200582460433343
2.5000000000000000 1.3293403881791370
2.5099999999999998 1.3387534442240216
2.5200000000000000 1.3482989506519649
2.5299999999999998 1.3579784706038656
2.5400000000000000 1.3677935942392072
2.5499999999999998 1.3777459390953724
2.5600000000000001 1.3878371504547029
2.5699999999999998 1.3980689017193790
2.5800000000000001 1.4084428947942407
2.5899999999999999 1.4189608604776192
2.6000000000000001 1.4296245588603045
2.6099999999999999 1.4404357797327350
2.6200000000000001 1.4513963430005277
2.6299999999999999 1.4625080991084523
2.6400000000000001 1.4737729294729673
2.6499999999999999 1.4851927469234318
2.6600000000000001 1.4967694961521161
2.6699999999999999 1.5085051541731265
2.6800000000000002 1.5204017307903839
2.6899999999999999 1.5324612690747714
2.7000000000000002 1.5446858458505939
2.7100000000000000 1.5570775721914807
2.7200000000000002 1.5696385939258757
2.7300000000000000 1.5823710921522514
2.7400000000000002 1.5952772837641993
2.7500000000000000 1.6083594219855457
2.7599999999999998 1.6216197969156434
2.7700000000000000 1.6350607360850014
2.7799999999999998 1.6486846050214048
2.7900000000000000 1.6624938078267073
2.7999999999999998 1.6764907877644364
2.8100000000000001 1.6906780278584177
2.8199999999999998 1.7050580515025595
2.8300000000000001 1.7196334230820089
2.8399999999999999 1.7344067486058370
2.8500000000000001 1.7493806763514619
2.8599999999999999 1.7645578975209830
2.8700000000000001 1.7799411469096433
2.8799999999999999 1.7955332035865952
2.8900000000000001 1.8113368915881976
2.8999999999999999 1.8273550806240360
2.9100000000000001 1.8435906867958933
2.9199999999999999 1.8600466733298697
2.9300000000000002 1.8767260513218977
2.9399999999999999 1.8936318804968559
2.9500000000000002 1.9107672699815326
2.9600000000000000 1.9281353790916580
2.9700000000000002 1.9457394181332635
2.9800000000000000 1.9635826492185966
2.9900000000000002 1.9816683870968570
3.0000000000000000 2.0000000000000000
3.0099999999999998 2.0185809105038759
3.0200000000000000 2.0374145964049668
3.0299999999999998 2.0565045916129900
3.0400000000000000 2.0758544870596616
3.0499999999999998 2.0954679316238742
3.0600000000000001 2.1153486330736140
3.0699999999999998 2.1355003590248720
3.0800000000000001 2.1559269379178918
3.0899999999999999 2.1766322600110142
3.1000000000000001 2.1976202783924772
3.1099999999999999 2.2188950100104488
3.1200000000000001 2.2404605367216526
3.1299999999999999 2.2623210063588872
3.1400000000000001 2.2844806338178012
3.1499999999999999 2.3069437021632480
3.1600000000000001 2.3297145637555956
3.1699999999999999 2.3527976413973182
3.1800000000000002 2.3761974295002699
3.1899999999999999 2.3999184952739778
3.2000000000000002 2.4239654799353683
3.2100000000000000 2.4483430999402818
3.2200000000000002 2.4730561482371987
3.2300000000000000 2.4981094955435523
3.2400000000000002 2.5235080916450716
3.2500000000000000 2.5492569667185294
3.2599999999999998 2.5753612326783681
3.2700000000000000 2.6018260845476076
3.2799999999999998 2.6286568018534795
3.2900000000000000 2.6558587500482669
3.2999999999999998 2.6834373819557680
3.3100000000000001 2.7113982392439029
3.3199999999999998 2.7397469539238903
3.3300000000000001 2.7684892498765312
3.3399999999999999 2.7976309444060585
3.3500000000000001 2.8271779498220946
3.3599999999999999 2.8571362750501943
3.3700000000000001 2.8875120272715504
3.3799999999999999 2.9183114135923494
3.3900000000000001 2.9495407427433666
3.3999999999999999 2.9812064268103322
3.4100000000000001 3.0133149829956616
3.4199999999999999 3.0458730354120997
3.4300000000000002 3.0788873169089181
3.4399999999999999 3.1123646709312141
3.4500000000000002 3.1463120534129843
3.4600000000000000 3.1807365347045460
3.4700000000000002 3.2156453015350008
3.4800000000000000 3.2510456590103387
3.4900000000000002 3.2869450326479024
3.5000000000000000 3.3233509704478426
3.5099999999999998 3.3602711450022937
3.5200000000000000 3.3977133556429520
3.5299999999999998 3.4356855306277794
3.5400000000000000 3.4741957293675858
3.5499999999999998 3.5132521446931997
3.5600000000000001 3.5528631051640387
3.5699999999999998 3.5930370774188041
3.5800000000000001 3.6337826685691410
3.5899999999999999 3.6751086286370329
3.6000000000000001 3.7170238530367916
3.6099999999999999 3.7595373851024378
3.6200000000000001 3.8026584186613830
3.6299999999999999 3.8463963006552295
3.6400000000000001 3.8907605338086340
3.6499999999999999 3.9357607793470941
3.6600000000000001 3.9814068597646286
3.6699999999999999 4.0277087616422476
3.6800000000000002 4.0746766385182296
3.6899999999999999 4.1223208138111342
3.7000000000000002 4.1706517837966040
3.7100000000000000 4.2196802206389128
3.7200000000000002 4.2694169754783831
3.7300000000000000 4.3198730815756461
3.7400000000000002 4.3710597575139065
3.7500000000000000 4.4229884104602508
3.7599999999999998 4.4756706394871753
3.7700000000000000 4.5291182389554532
3.7799999999999998 4.5833432019595062
3.7900000000000000 4.6383577238365135
3.7999999999999998 4.6941742057404214
3.8100000000000001 4.7508052582821536
3.8199999999999998 4.8082637052372181
3.8300000000000001 4.8665625873220852
3.8399999999999999 4.9257151660405771
3.8500000000000001 4.9857349276016656
3.8599999999999999 5.0466355869100106
3.8700000000000001 5.1084310916306759
3.8799999999999999 5.1711356263293942
3.8900000000000001 5.2347636166898903
3.8999999999999999 5.2993297338097038
3.9100000000000001 5.3648488985760494
3.9199999999999999 5.4313362861232193
3.9300000000000002 5.4988073303731602
3.9399999999999999 5.5672777286607555
3.9500000000000002 5.6367634464455216
3.9600000000000000 5.7072807221113075
3.9700000000000002 5.7788460718557939
3.9800000000000000 5.8514762946714178
3.9900000000000002 5.9251884774196029
4.0000000000000000 6.0000000000000000
4.0099999999999998 6.0759285406166663
4.0199999999999996 6.1529920811429974
4.0300000000000002 6.2312089125873644
4.0400000000000000 6.3105976406613715
4.0499999999999998 6.3911771914528153
4.0599999999999996 6.4729668172052541
4.0700000000000003 6.5559861022063606
4.0800000000000001 6.6402549687871071
4.0899999999999999 6.7257936834340342
4.0999999999999996 6.8126228630166761
4.1100000000000003 6.9007634811324987
4.1200000000000001 6.9902368745715577
4.1299999999999999 7.0810647499033177
4.1399999999999997 7.1732691901878924
4.1500000000000004 7.2668726618142356
4.1600000000000001 7.3618980214676837
4.1699999999999999 7.4583685232294989
4.1799999999999997 7.5563078258108556
4.1900000000000004 7.6557399999239930
4.2000000000000002 7.7566895357931793
4.2100000000000000 7.8591813508083037
4.2199999999999998 7.9632407973237740
4.2300000000000004 8.0688936706056804
4.2400000000000002 8.1761662169300333
4.2500000000000000 8.2850851418352196
4.2599999999999998 8.3956776185314812
4.2699999999999996 8.5079712964706733
4.2800000000000002 8.6219943100794190
4.2900000000000000 8.7377752876587991
4.2999999999999998 8.8553433604540341
4.3099999999999996 8.9747281718973149
4.3200000000000003 9.0959598870273215
4.3300000000000001 9.2190692020888498
4.3399999999999999 9.3440873543162368
4.3499999999999996 9.4710461319040107
4.3600000000000003 9.5999778841686574
4.3700000000000001 9.7309155319051257
4.3799999999999999 9.8638925779421402
4.3899999999999997 9.9989431179000086
4.4000000000000004 10.1361018511551357
4.4100000000000001 10.2754040920152079
4.4199999999999999 10.4168857811093805
4.4299999999999997 10.5605834969975820
4.4400000000000004 10.7065344680033814
4.4500000000000002 10.8547765842747967
4.4600000000000000 11.0053484100777297
4.4699999999999998 11.1582891963264466
4.4800000000000004 11.3136388933559857
4.4900000000000002 11.4714381639411815
4.5000000000000000 11.6317283965674498
4.5099999999999998 11.7945517189580507
4.5199999999999996 11.9599510118631844
4.5300000000000002 12.1279699231160691
4.5400000000000000 12.2986528819612548
4.5499999999999998 12.4720451136608581
4.5599999999999996 12.6481926543839709
4.5700000000000003 12.8271423663851358
4.5800000000000001 13.0089419534775246
4.5899999999999999 13.1936399768069474
4.5999999999999996 13.3812858709324445
4.6100000000000003 13.5719299602198102
4.6200000000000001 13.7656234755542073
4.6299999999999999 13.9624185713784819
4.6399999999999997 14.1623683430634184
4.6500000000000004 14.3655268446169018
4.6600000000000001 14.5719491067385398
4.6699999999999999 14.7816911552270476
4.6799999999999997 14.9948100297470752
4.6900000000000004 15.2113638029630973
4.7000000000000002 15.4314116000474346
4.7100000000000000 15.6550136185703650
4.7199999999999998 15.8822311487795744
4.7300000000000004 16.1131265942771691
4.7400000000000002 16.3477634931020113
4.7500000000000000 16.5862065392259410
4.7599999999999998 16.8285216044717778
4.7699999999999996 17.0747757608620461
4.7800000000000002 17.3250373034069440
4.7900000000000000 17.5793757733403844
4.7999999999999998 17.8378619818136031
4.8099999999999996 18.1005680340549979
4.8200000000000003 18.3675673540061801
4.8300000000000001 18.6389347094435855
4.8399999999999999 18.9147462375958142
4.8499999999999996 19.1950794712663964
4.8600000000000003 19.4800133654726579
4.8700000000000001 19.7696283246107178
4.8799999999999999 20.0640062301580464
4.8899999999999997 20.3632304689236570
4.9000000000000004 20.6673859618578568
4.9100000000000001 20.9765591934323545
4.9199999999999999 21.2908382416030193
4.9299999999999997 21.6103128083665048
4.9400000000000004 21.9350742509233889
4.9500000000000002 22.2652156134598087
4.9600000000000000 22.6008316595607788
4.9699999999999998 22.9420189052674885
4.9800000000000004 23.2888756527922567
4.9900000000000002 23.6415020249042165
5.0000000000000000 24.0000000000000000
