-4.990000000000000000000000000000000 -0.847804719847085995018560951505222
-4.980000000000000000000000000000000 -0.431397805424736866083412434424426
-4.970000000000000000000000000000000 -0.292774913224112875134109196730741
-4.960000000000000000000000000000000 -0.223602951183310531013138064836440
-4.950000000000000000000000000000000 -0.182215504271631475661810462542769
-4.940000000000000000000000000000000 -0.154723946205721707687078775715581
-4.930000000000000000000000000000000 -0.135176170251616331122423416583477
-4.920000000000000000000000000000000 -0.120596272449078925879076614285430
-4.910000000000000000000000000000000 -0.109331113187479514347366872011729
-4.900000000000000000000000000000000 -0.100388942322003609464616524018832
-4.890000000000000000000000000000000 -0.093138774702805705245678083907573
-4.880000000000000000000000000000000 -0.087160078410948476774255446772243
-4.870000000000000000000000000000000 -0.082161838124858646128235014376924
-4.860000000000000000000000000000000 -0.077936306087711422596905136104887
-4.850000000000000000000000000000000 -0.074331253165132523594033004346963
-4.840000000000000000000000000000000 -0.071232626241229259108542855021220
-4.830000000000000000000000000000000 -0.068553327028886951952308215236324
-4.820000000000000000000000000000000 -0.066225731784587495590907019270177
-4.810000000000000000000000000000000 -0.064196573741714853638622923453546
-4.800000000000000000000000000000000 -0.062423361354759553141816649315470
-4.790000000000000000000000000000000 -0.060871820463527589851818634756212
-4.780000000000000000000000000000000 -0.059514034633158724646734637570636
-4.770000000000000000000000000000000 -0.058327071232955767674293172467392
-4.760000000000000000000000000000000 -0.057291951634577486944983289603624
-4.750000000000000000000000000000000 -0.056392869233982442643229613421561
-4.740000000000000000000000000000000 -0.055616588636983251233636334434787
-4.730000000000000000000000000000000 -0.054951979105971996340596327862824
-4.720000000000000000000000000000000 -0.054389648773179631733876386884699
-4.710000000000000000000000000000000 -0.053921655373463307430645777229942
-4.700000000000000000000000000000000 -0.053541275723919711385129390357726
-4.690000000000000000000000000000000 -0.053242820773356482385261240816574
-4.680000000000000000000000000000000 -0.053021486349022798219442325996737
-4.670000000000000000000000000000000 -0.052873232132498786043434376059702
-4.660000000000000000000000000000000 -0.052794683166133675075739704962730
-4.650000000000000000000000000000000 -0.052783049507556406494567545008171
-4.640000000000000000000000000000000 -0.052836060638743722284403290888078
-4.630000000000000000000000000000000 -0.052951911986632162689108819009808
-4.620000000000000000000000000000000 -0.053129221487384231148164095573877
-4.610000000000000000000000000000000 -0.053366994571513049943678327730468
-4.600000000000000000000000000000000 -0.053664596295079088451160843385835
-4.590000000000000000000000000000000 -0.054021729617282660623292284840586
-4.580000000000000000000000000000000 -0.054438419044931956670353953312561
-4.570000000000000000000000000000000 -0.054914999042933766293299983186568
-4.560000000000000000000000000000000 -0.055452106757363375552915986593643
-4.550000000000000000000000000000000 -0.056050678721707897735976935168788
-4.540000000000000000000000000000000 -0.056711951323731538378484637955425
-4.530000000000000000000000000000000 -0.057437464905046681289232465575320
-4.520000000000000000000000000000000 -0.058229071451989237662701503789457
-4.510000000000000000000000000000000 -0.059088945918296509254529467118078
-4.500000000000000000000000000000000 -0.060019601300504246427027893615785
-4.490000000000000000000000000000000 -0.061023907668860689978597739946849
-4.480000000000000000000000000000000 -0.062105115442816898227454967882952
-4.470000000000000000000000000000000 -0.063266883293841349045122034362329
-4.460000000000000000000000000000000 -0.064513311162757901571015853605331
-4.450000000000000000000000000000000 -0.065848978997818480107280905383157
-4.440000000000000000000000000000000 -0.067278991957761133079145487034442
-4.430000000000000000000000000000000 -0.068809032986550352005024199409796
-4.420000000000000000000000000000000 -0.070445423859953276438858975112898
-4.410000000000000000000000000000000 -0.072195196036796635046432586258141
-4.400000000000000000000000000000000 -0.074066172930036501225208362593968
-4.390000000000000000000000000000000 -0.076067065557837981747723140199427
-4.380000000000000000000000000000000 -0.078207583959617826175046858872284
-4.370000000000000000000000000000000 -0.080498567288320544073758567730312
-4.360000000000000000000000000000000 -0.082952136146572915214292720749522
-4.350000000000000000000000000000000 -0.085581871558194076783512794660465
-4.340000000000000000000000000000000 -0.088403026007288940593786241092661
-4.330000000000000000000000000000000 -0.091432773300733507824007772902403
-4.320000000000000000000000000000000 -0.094690505704811170192981548105064
-4.310000000000000000000000000000000 -0.098198188993010642588681852791053
-4.300000000000000000000000000000000 -0.101980788883433210983693289679309
-4.290000000000000000000000000000000 -0.106066786066908376569020834714967
-4.280000000000000000000000000000000 -0.110488801945592596914617330198644
-4.270000000000000000000000000000000 -0.115284363759577497493592529141491
-4.260000000000000000000000000000000 -0.120496846606346410888978250467993
-4.250000000000000000000000000000000 -0.126176641862678924948436064619769
-4.240000000000000000000000000000000 -0.132382618024805728002457767547445
-4.230000000000000000000000000000000 -0.139183962947460053837849446204212
-4.220000000000000000000000000000000 -0.146662528821749784386226158278545
-4.210000000000000000000000000000000 -0.154915847459067811994358083031504
-4.200000000000000000000000000000000 -0.164061050477614224504577152421038
-4.190000000000000000000000000000000 -0.174240027768012016825288296359713
-4.180000000000000000000000000000000 -0.185626305784187493997081664115414
-4.170000000000000000000000000000000 -0.198434353818001436273783741051561
-4.160000000000000000000000000000000 -0.212932380497728465385821107997527
-4.150000000000000000000000000000000 -0.229460249280949937282315566532897
-4.140000000000000000000000000000000 -0.248455072440961789933698739631125
-4.130000000000000000000000000000000 -0.270488618124791582059424432581635
-4.120000000000000000000000000000000 -0.296323421449111053730399502166234
-4.110000000000000000000000000000000 -0.326999502215205400235100997749170
-4.100000000000000000000000000000000 -0.363973113892432026763296220276663
-4.090000000000000000000000000000000 -0.409347992656188746702049320640164
-4.080000000000000000000000000000000 -0.466280044056746027989360986300215
-4.070000000000000000000000000000000 -0.539728904987633187988071096526166
-4.060000000000000000000000000000000 -0.637961068853322398932260211986209
-4.050000000000000000000000000000000 -0.775856762483226116427130581506818
-4.040000000000000000000000000000000 -0.983177140443137633020403621011365
-4.030000000000000000000000000000000 -1.329365870812453904811958542675825
-4.020000000000000000000000000000000 -2.022755482791478961900173605893768
-4.010000000000000000000000000000000 -4.105011809465691286626109608706308
-3.990000000000000000000000000000000 -4.230545552036959115142619148011056
-3.980000000000000000000000000000000 -2.148361071015189593095393923433599
-3.970000000000000000000000000000000 -1.455091318723840989416522707751799
-3.960000000000000000000000000000000 -1.109070637869220233825164801588743
-3.950000000000000000000000000000000 -0.901966746144575804525961789586705
-3.940000000000000000000000000000000 -0.764336294256265235974169152034964
-3.930000000000000000000000000000000 -0.666418519340468512433547443756546
-3.920000000000000000000000000000000 -0.593333660449468315325056942284316
-3.910000000000000000000000000000000 -0.536815765750524415445571341577587
-3.900000000000000000000000000000000 -0.491905817377817686376620967692276
-3.890000000000000000000000000000000 -0.455448608296719898651365830308032
-3.880000000000000000000000000000000 -0.425341182645428566658366580248544
-3.870000000000000000000000000000000 -0.400128151668061606644504520015620
-3.860000000000000000000000000000000 -0.378770447586277513820958961469750
-3.850000000000000000000000000000000 -0.360506577850892739431060071082771
-3.840000000000000000000000000000000 -0.344765911007549614085347418302704
-3.830000000000000000000000000000000 -0.331112569549523977929648679591446
-3.820000000000000000000000000000000 -0.319208027201711728748171832882252
-3.810000000000000000000000000000000 -0.308785519697648446001776261811555
-3.800000000000000000000000000000000 -0.299632134502845855080719916714256
-3.790000000000000000000000000000000 -0.291576020020297155390211260482257
-3.780000000000000000000000000000000 -0.284477085546498703811391567587642
-3.770000000000000000000000000000000 -0.278220129781199011806378432669458
-3.760000000000000000000000000000000 -0.272709689780588837858120458513250
-3.750000000000000000000000000000000 -0.267866128861416602555340663752417
-3.740000000000000000000000000000000 -0.263622630139300610847436225220892
-3.730000000000000000000000000000000 -0.259922861171247542691020630791157
-3.720000000000000000000000000000000 -0.256719142209407861783896546095779
-3.710000000000000000000000000000000 -0.253970996809012177998341610753025
-3.700000000000000000000000000000000 -0.251643995902422643510108134681313
-3.690000000000000000000000000000000 -0.249708829427041902386875219429734
-3.680000000000000000000000000000000 -0.248140556113426695666990085664730
-3.670000000000000000000000000000000 -0.246917994058769330822838536198809
-3.660000000000000000000000000000000 -0.246023223554182925852947025126322
-3.650000000000000000000000000000000 -0.245441180210137290199739084287995
-3.640000000000000000000000000000000 -0.245159321363770871399631269720681
-3.630000000000000000000000000000000 -0.245167352498106913250573832015410
-3.620000000000000000000000000000000 -0.245457003271715147904518121551310
-3.610000000000000000000000000000000 -0.246021844974675160240357090837456
-3.600000000000000000000000000000000 -0.246857142957363806875339879574840
-3.590000000000000000000000000000000 -0.247959738943327412260911587418289
-3.580000000000000000000000000000000 -0.249327959225788361550221106171528
-3.570000000000000000000000000000000 -0.250961545626207311960380923162618
-3.560000000000000000000000000000000 -0.252861606813576992521296898867014
-3.550000000000000000000000000000000 -0.255030588183770934698695055017985
-3.540000000000000000000000000000000 -0.257472259009741184238320256317630
-3.530000000000000000000000000000000 -0.260191716019861466240223069056201
-3.520000000000000000000000000000000 -0.263195402962991354235410797128346
-3.510000000000000000000000000000000 -0.266491146091517256737927896702533
-3.500000000000000000000000000000000 -0.270088205852269108921625521271032
-3.490000000000000000000000000000000 -0.273997345433184498003903852361351
-3.480000000000000000000000000000000 -0.278230917183819704058998256115627
-3.470000000000000000000000000000000 -0.282802968323470830231695493599609
-3.460000000000000000000000000000000 -0.287729367785900241006730707079777
-3.450000000000000000000000000000000 -0.293027956540292236477400028955051
-3.440000000000000000000000000000000 -0.298718724292459430871405962432924
-3.430000000000000000000000000000000 -0.304824016130418059382257203385396
-3.420000000000000000000000000000000 -0.311368773460993481859756669999011
-3.410000000000000000000000000000000 -0.318380814522273160554767705398402
-3.400000000000000000000000000000000 -0.325891160892160605390916795413459
-3.390000000000000000000000000000000 -0.333934417798908739872504585475485
-3.380000000000000000000000000000000 -0.342549217743126078646705241860603
-3.370000000000000000000000000000000 -0.351778739049960777602324940981461
-3.360000000000000000000000000000000 -0.361671313599057910334316262467915
-3.350000000000000000000000000000000 -0.372281141278144234008280656773024
-3.340000000000000000000000000000000 -0.383669132871634002177032286342148
-3.330000000000000000000000000000000 -0.395903908392176088877953656667405
-3.320000000000000000000000000000000 -0.409062984644784255233680287813878
-3.310000000000000000000000000000000 -0.423234194559875869557218785529438
-3.300000000000000000000000000000000 -0.438517392198762807229881145621030
-3.290000000000000000000000000000000 -0.455026512227036935481099380927210
-3.280000000000000000000000000000000 -0.472892072327136314794562173250199
-3.270000000000000000000000000000000 -0.492264233253395914297640099434165
-3.260000000000000000000000000000000 -0.513316566543035710387047346993649
-3.250000000000000000000000000000000 -0.536250727916385431030853274634017
-3.240000000000000000000000000000000 -0.561302300425176286730420934401167
-3.230000000000000000000000000000000 -0.588748163267756027734103157443818
-3.220000000000000000000000000000000 -0.618915871627784090109874387935460
-3.210000000000000000000000000000000 -0.652195717802675488496247529562632
-3.200000000000000000000000000000000 -0.689056412005979742919224040168358
-3.190000000000000000000000000000000 -0.730065716347970350497957961747197
-3.180000000000000000000000000000000 -0.775917958177903724907801356002429
-3.170000000000000000000000000000000 -0.827471255421065989261678200185009
-3.160000000000000000000000000000000 -0.885798702870550416005015809269713
-3.150000000000000000000000000000000 -0.952260034515942239721609601111526
-3.140000000000000000000000000000000 -1.028603999905581810325512782072853
-3.130000000000000000000000000000000 -1.117117992855389233905422906562153
-3.120000000000000000000000000000000 -1.220852496370337541369245948924883
-3.110000000000000000000000000000000 -1.343967954104494194966265100749092
-3.100000000000000000000000000000000 -1.492289766958971309729514503134311
-3.090000000000000000000000000000000 -1.674233289963811974011381721418269
-3.080000000000000000000000000000000 -1.902422579751523794196592824104875
-3.070000000000000000000000000000000 -2.196696643299667075111449362861508
-3.060000000000000000000000000000000 -2.590121939544488939664976460663990
-3.050000000000000000000000000000000 -3.142219888057065771529878855102613
-3.040000000000000000000000000000000 -3.972035647390276037402430628885917
-3.030000000000000000000000000000000 -5.357344459374189236392192926983648
-3.020000000000000000000000000000000 -8.131477040821745426838697895692788
-3.010000000000000000000000000000000 -16.461097355957422059370699530912282
-2.990000000000000000000000000000000 -16.879876752627466869419050400564110
-2.980000000000000000000000000000000 -8.550477062640454580519667815265725
-2.970000000000000000000000000000000 -5.776712535333648727983595149774641
-2.960000000000000000000000000000000 -4.391919725962112125947652614291421
-2.950000000000000000000000000000000 -3.562768647271074427877549068867483
-2.940000000000000000000000000000000 -3.011484999369685029738226459017758
-2.930000000000000000000000000000000 -2.619024781008041253863841453963227
-2.920000000000000000000000000000000 -2.325867948961915796074223213754519
-2.910000000000000000000000000000000 -2.098949644084550464392183945568367
-2.900000000000000000000000000000000 -1.918432687773488976868821773999878
-2.890000000000000000000000000000000 -1.771695086274240405753813079898245
-2.880000000000000000000000000000000 -1.650323788664262838634462331364352
-2.870000000000000000000000000000000 -1.548495946955398417714232492460449
-2.860000000000000000000000000000000 -1.462053927683031203348901591273234
-2.850000000000000000000000000000000 -1.387950324725937046809581273668667
-2.840000000000000000000000000000000 -1.323901098268990518087734086282385
-2.830000000000000000000000000000000 -1.268161141374676835470554442835239
-2.820000000000000000000000000000000 -1.219374663910538803818016401610204
-2.810000000000000000000000000000000 -1.176472830048040579266767557502026
-2.800000000000000000000000000000000 -1.138602111110814249306735683514174
-2.790000000000000000000000000000000 -1.105073115876926218928900677227755
-2.780000000000000000000000000000000 -1.075323383365765100407060125481287
-2.770000000000000000000000000000000 -1.048889889275120274510046691163858
-2.760000000000000000000000000000000 -1.025388433575014030346532924009820
-2.750000000000000000000000000000000 -1.004497983230312259582527489071563
-2.740000000000000000000000000000000 -0.985948636720984284569411482326136
-2.730000000000000000000000000000000 -0.969512272168753334237506952851016
-2.720000000000000000000000000000000 -0.954995209018997245836095151476298
-2.710000000000000000000000000000000 -0.942232398161435180373847375893724
-2.700000000000000000000000000000000 -0.931082784838963780987400098320858
-2.690000000000000000000000000000000 -0.921425580585784619807569559695717
-2.680000000000000000000000000000000 -0.913157246497410240054523515246205
-2.670000000000000000000000000000000 -0.906189038195683444119817427849629
-2.660000000000000000000000000000000 -0.900444998208309508621786111962338
-2.650000000000000000000000000000000 -0.895860307767001109229047657651180
-2.640000000000000000000000000000000 -0.892379929764125971894657821783280
-2.630000000000000000000000000000000 -0.889957489568128095099583010215940
-2.620000000000000000000000000000000 -0.888554351843608835414355600015742
-2.610000000000000000000000000000000 -0.888138860358577328467689097923216
-2.600000000000000000000000000000000 -0.888685714646509704751223566469423
-2.590000000000000000000000000000000 -0.890175462806545410016672598831658
-2.580000000000000000000000000000000 -0.892594094028322334349791560094072
-2.570000000000000000000000000000000 -0.895932717885560103698559895690546
-2.560000000000000000000000000000000 -0.900187320256334093375816959966569
-2.550000000000000000000000000000000 -0.905358588052386818180367445313846
-2.540000000000000000000000000000000 -0.911451796894483792203653707364411
-2.530000000000000000000000000000000 -0.918476757550110975827987433768391
-2.520000000000000000000000000000000 -0.926447818429729566908646005891778
-2.510000000000000000000000000000000 -0.935383922781225571150126917425891
-2.500000000000000000000000000000000 -0.945308720482941881225689324448611
-2.490000000000000000000000000000000 -0.956250735561813898033624444741114
-2.480000000000000000000000000000000 -0.968243591799692570125313931282381
-2.470000000000000000000000000000000 -0.981326300082443780903983362790642
-2.460000000000000000000000000000000 -0.995543612539214833883288246496030
-2.450000000000000000000000000000000 -1.010946450064008215847030099894926
-2.440000000000000000000000000000000 -1.027592411566060442197636510769259
-2.430000000000000000000000000000000 -1.045546375327333943681142207611909
-2.420000000000000000000000000000000 -1.064881205236597707960367811396618
-2.410000000000000000000000000000000 -1.085678577520951477491757875408549
-2.400000000000000000000000000000000 -1.108029947033346058329117104405761
-2.390000000000000000000000000000000 -1.132037676338300628167790544761893
-2.380000000000000000000000000000000 -1.157816355971766145825863717488837
-2.370000000000000000000000000000000 -1.185494350598367820519835051107525
-2.360000000000000000000000000000000 -1.215215613692834578723302641892193
-2.350000000000000000000000000000000 -1.247141823281783183927740200189629
-2.340000000000000000000000000000000 -1.281454903791257567271287836382774
-2.330000000000000000000000000000000 -1.318360014945946375963585676702458
-2.320000000000000000000000000000000 -1.358089109020683727375818555542076
-2.310000000000000000000000000000000 -1.400905183993189128234394180102439
-2.300000000000000000000000000000000 -1.447107394255917263858607780549400
-2.290000000000000000000000000000000 -1.497037225226951517732816963250522
-2.280000000000000000000000000000000 -1.551085997233007112526163928260652
-2.270000000000000000000000000000000 -1.609704042738604639753283125149719
-2.260000000000000000000000000000000 -1.673412006930296415861774351199297
-2.250000000000000000000000000000000 -1.742814865728252650850273142560556
-2.240000000000000000000000000000000 -1.818619453377571169006563827459782
-2.230000000000000000000000000000000 -1.901656567354851969581153198543531
-2.220000000000000000000000000000000 -1.992909106641464770153795529152183
-2.210000000000000000000000000000000 -2.093548254146588318072954569896049
-2.200000000000000000000000000000000 -2.204980518419135177341516928538746
-2.190000000000000000000000000000000 -2.328909635150025418088485897973559
-2.180000000000000000000000000000000 -2.467419107005733845206808312087724
-2.170000000000000000000000000000000 -2.623083879684779185959519894586480
-2.160000000000000000000000000000000 -2.799123901070939314575849957292295
-2.150000000000000000000000000000000 -2.999619108725218055123070243501307
-2.140000000000000000000000000000000 -3.229816559703526884422110135708758
-2.130000000000000000000000000000000 -3.496579317637368302123973697539539
-2.120000000000000000000000000000000 -3.809059788675453129072047360645634
-2.110000000000000000000000000000000 -4.179740337264976946345084463329678
-2.100000000000000000000000000000000 -4.626098277572811060161494959716362
-2.090000000000000000000000000000000 -5.173380865988178999695169519182449
-2.080000000000000000000000000000000 -5.859461545634693286125505898243016
-2.070000000000000000000000000000000 -6.743858694929977920592149543984829
-2.060000000000000000000000000000000 -7.925773135006136155374827969631811
-2.050000000000000000000000000000000 -9.583770658574050603166130508062970
-2.040000000000000000000000000000000 -12.074988368066439153703389111813185
-2.030000000000000000000000000000000 -16.232753711903793386268344568760453
-2.020000000000000000000000000000000 -24.557060663281671189052867644992217
-2.010000000000000000000000000000000 -49.547903041431840398705805588045994
-1.990000000000000000000000000000000 -50.470831490356125939562960697685745
-1.980000000000000000000000000000000 -25.480421646668554649948610089491858
-1.970000000000000000000000000000000 -17.156836229940936722111277594830580
-1.960000000000000000000000000000000 -13.000082388847851892805051738302612
-1.950000000000000000000000000000000 -10.510167509449669562238769753159034
-1.940000000000000000000000000000000 -8.853765898146873987430385789512207
-1.930000000000000000000000000000000 -7.673742608353560873821055460112239
-1.920000000000000000000000000000000 -6.791534410968794124536731784163196
-1.910000000000000000000000000000000 -6.107943464286041851381255281603938
-1.900000000000000000000000000000000 -5.563454794543118032919583144599648
-1.890000000000000000000000000000000 -5.120198799332554772628519800905920
-1.880000000000000000000000000000000 -4.752932511353076975267251514329335
-1.870000000000000000000000000000000 -4.444183367761993458839847253361489
-1.860000000000000000000000000000000 -4.181474233173469241577858551041455
-1.850000000000000000000000000000000 -3.955658425468920583407306629955701
-1.840000000000000000000000000000000 -3.759879119083933071369164805041976
-1.830000000000000000000000000000000 -3.588896030090335444381669073223726
-1.820000000000000000000000000000000 -3.438636552227719426766806252540779
-1.810000000000000000000000000000000 -3.305888652434994027739616836580693
-1.800000000000000000000000000000000 -3.188085911110279898058859913839689
-1.790000000000000000000000000000000 -3.083153993296624150811632889465436
-1.780000000000000000000000000000000 -2.989399005756826979131627148837979
-1.770000000000000000000000000000000 -2.905424993292083160392829334523885
-1.760000000000000000000000000000000 -2.830072076667038723756430870267104
-1.750000000000000000000000000000000 -2.762369453883358713851950594946798
-1.740000000000000000000000000000000 -2.701499264615496939720187461573611
-1.730000000000000000000000000000000 -2.646768503020696602468393981283273
-1.720000000000000000000000000000000 -2.597586968531672508674178812015529
-1.710000000000000000000000000000000 -2.553449799017489338813126388671992
-1.700000000000000000000000000000000 -2.513923519065202208665980265466317
-1.690000000000000000000000000000000 -2.478634811775760627282362115581480
-1.680000000000000000000000000000000 -2.447261420613059443346123020859828
-1.670000000000000000000000000000000 -2.419524731982474795799912532358509
-1.660000000000000000000000000000000 -2.395183695234103292933951057819818
-1.650000000000000000000000000000000 -2.374029815582552939456976292775627
-1.640000000000000000000000000000000 -2.355883014577292565801896649507858
-1.630000000000000000000000000000000 -2.340588197564176890111903316867922
-1.620000000000000000000000000000000 -2.328012401830255148785611672041244
-1.610000000000000000000000000000000 -2.318042425535886827300668545579594
-1.600000000000000000000000000000000 -2.310582858080925232353181272820499
-1.590000000000000000000000000000000 -2.305554448668952611943182030973995
-1.580000000000000000000000000000000 -2.302892762593071622622462225042705
-1.570000000000000000000000000000000 -2.302547084965889466505298931924703
-1.560000000000000000000000000000000 -2.304479539856215279042091417514416
-1.550000000000000000000000000000000 -2.308664399533586386359936985550306
-1.540000000000000000000000000000000 -2.315087564111988832197280416705604
-1.530000000000000000000000000000000 -2.323746196601780768844808207434028
-1.520000000000000000000000000000000 -2.334648502442918508609787934847282
-1.510000000000000000000000000000000 -2.347813646180876183586818562738986
-1.500000000000000000000000000000000 -2.363271801207354703064223311121527
-1.490000000000000000000000000000000 -2.381064331548916606103724867405374
-1.480000000000000000000000000000000 -2.401244107663237573910778549580305
-1.470000000000000000000000000000000 -2.423875961203636138832838906092888
-1.460000000000000000000000000000000 -2.449037286846468491352889086380234
-1.450000000000000000000000000000000 -2.476818802656820128825223744742568
-1.440000000000000000000000000000000 -2.507325484221187478962233086276993
-1.430000000000000000000000000000000 -2.540677692045421483145175564496940
-1.420000000000000000000000000000000 -2.577012516672566453264090103579815
-1.410000000000000000000000000000000 -2.616485371825493060755136479734605
-1.400000000000000000000000000000000 -2.659271872880030539989881050573826
-1.390000000000000000000000000000000 -2.705570046448538501321019401980925
-1.380000000000000000000000000000000 -2.755602927212803427065555647623431
-1.370000000000000000000000000000000 -2.809621610918131734632009071124834
-1.360000000000000000000000000000000 -2.867908848315089605786994234865574
-1.350000000000000000000000000000000 -2.930783284712190482230189470445627
-1.340000000000000000000000000000000 -2.998604474871542707414813537135691
-1.330000000000000000000000000000000 -3.071778834824055055995154626716727
-1.320000000000000000000000000000000 -3.150766732927986247511899048857615
-1.310000000000000000000000000000000 -3.236090975024266886221450556036635
-1.300000000000000000000000000000000 -3.328347006788609706874797895263620
-1.290000000000000000000000000000000 -3.428215245769718975608150845843694
-1.280000000000000000000000000000000 -3.536476073691256216559653756434283
-1.270000000000000000000000000000000 -3.654028177016632532239952694089862
-1.260000000000000000000000000000000 -3.781911135662469899847610033710407
-1.250000000000000000000000000000000 -3.921333447888568464413114570761250
-1.240000000000000000000000000000000 -4.073707575565759418574702973509914
-1.230000000000000000000000000000000 -4.240694145201319892165971632752076
-1.220000000000000000000000000000000 -4.424258216744051789741426074717850
-1.210000000000000000000000000000000 -4.626741641663960182941229599470268
-1.200000000000000000000000000000000 -4.850957140522097390151337242785244
-1.190000000000000000000000000000000 -5.100312100978555665613784116562093
-1.180000000000000000000000000000000 -5.378973653272499782550842120351246
-1.170000000000000000000000000000000 -5.692092018915970833532158171252662
-1.160000000000000000000000000000000 -6.046107626313228919483835907751366
-1.150000000000000000000000000000000 -6.449181083759218818514601023527808
-1.140000000000000000000000000000000 -6.911807437765547532663315690416751
-1.130000000000000000000000000000000 -7.447713946567594483524063975759219
-1.120000000000000000000000000000000 -8.075206751991960633632740404568741
-1.110000000000000000000000000000000 -8.819252111629101356788128217625606
-1.100000000000000000000000000000000 -9.714806382902903226339139415404364
-1.090000000000000000000000000000000 -10.812366009915294109362904295091298
-1.080000000000000000000000000000000 -12.187680014920162035141052268345471
-1.070000000000000000000000000000000 -13.959787498505054295625749556048558
-1.060000000000000000000000000000000 -16.327092658112640480072145617441529
-1.050000000000000000000000000000000 -19.646729850076803736490567541529010
-1.040000000000000000000000000000000 -24.632976270855535873554913788098896
-1.030000000000000000000000000000000 -32.952490035164700574124739474583484
-1.020000000000000000000000000000000 -49.605262539828975801886792642884261
-1.010000000000000000000000000000000 -99.591285113277999201398669231970515
-0.990000000000000000000000000000000 -100.436954665808690619730291788394616
-0.980000000000000000000000000000000 -50.451234860403738206898247977193883
-0.970000000000000000000000000000000 -33.798967372983645342559216861816241
-0.960000000000000000000000000000000 -25.480161482141789709897901407073111
-0.950000000000000000000000000000000 -20.494826643426855646365601018660114
-0.940000000000000000000000000000000 -17.176305842404935535614948431653688
-0.930000000000000000000000000000000 -14.810323234122372486474637038016641
-0.920000000000000000000000000000000 -13.039746069060084719110525025593348
-0.910000000000000000000000000000000 -11.666172016786339936138197587863530
-0.900000000000000000000000000000000 -10.570564109631924262547207974739336
-0.890000000000000000000000000000000 -9.677175730738528520267902423712199
-0.880000000000000000000000000000000 -8.935513121343784713502432846939158
-0.870000000000000000000000000000000 -8.310622897714927768030514363785975
-0.860000000000000000000000000000000 -7.777542073702652789334816904937102
-0.850000000000000000000000000000000 -7.317968087117503079303517265418044
-0.840000000000000000000000000000000 -6.918177579114436851319263241277234
-0.830000000000000000000000000000000 -6.567679735065313863218454403999414
-0.820000000000000000000000000000000 -6.258318525054449356715587379624214
-0.810000000000000000000000000000000 -5.983658460907339190208706474211056
-0.800000000000000000000000000000000 -5.738554639998503816505947844911440
-0.790000000000000000000000000000000 -5.518845648000957229952822872143130
-0.780000000000000000000000000000000 -5.321130230247152022854296324931603
-0.770000000000000000000000000000000 -5.142602238126987193895307922107277
-0.760000000000000000000000000000000 -4.980926854933988153811318331670104
-0.750000000000000000000000000000000 -4.834146544295877749240913541156895
-0.740000000000000000000000000000000 -4.700608720430964675113126183138083
-0.730000000000000000000000000000000 -4.578909510225805122270321587620062
-0.720000000000000000000000000000000 -4.467849585874476714919587556666712
-0.710000000000000000000000000000000 -4.366399156319906769370446124629107
-0.700000000000000000000000000000000 -4.273669982410843754732166451292740
-0.690000000000000000000000000000000 -4.188892831901035460107191975332700
-0.680000000000000000000000000000000 -4.111399186629939864821486675044512
-0.670000000000000000000000000000000 -4.040606302410732908985853929038712
-0.660000000000000000000000000000000 -3.976004934088611466270358755980897
-0.650000000000000000000000000000000 -3.917149195711212350104010883079785
-0.640000000000000000000000000000000 -3.863648143906759807915110505192888
-0.630000000000000000000000000000000 -3.815158762029608330882402406494713
-0.620000000000000000000000000000000 -3.771380090965013341032690908706816
-0.610000000000000000000000000000000 -3.732048305112777791954076358383147
-0.600000000000000000000000000000000 -3.696932572929480371765090036512798
-0.590000000000000000000000000000000 -3.665831573383634652989659429248652
-0.580000000000000000000000000000000 -3.638570564897053163743490315567474
-0.570000000000000000000000000000000 -3.614998923396446462413319323121784
-0.560000000000000000000000000000000 -3.594988082175695835305662611322489
-0.550000000000000000000000000000000 -3.578429819277058898857902327602973
-0.540000000000000000000000000000000 -3.565234848732462801583811841726630
-0.530000000000000000000000000000000 -3.555331680800724576332556557374062
-0.520000000000000000000000000000000 -3.548665723713236133086877660967868
-0.510000000000000000000000000000000 -3.545198605733123037216096029735869
-0.500000000000000000000000000000000 -3.544907701811032054596334966682290
-0.490000000000000000000000000000000 -3.547785854007885743094550052434008
-0.480000000000000000000000000000000 -3.553841279341591609387952253378852
-0.470000000000000000000000000000000 -3.563097662969345124084273191956546
-0.460000000000000000000000000000000 -3.575594438795843997375218066115142
-0.450000000000000000000000000000000 -3.591387263852389186796574429876723
-0.440000000000000000000000000000000 -3.610548697278509969705615644238869
-0.430000000000000000000000000000000 -3.633169099624952720897601057230624
-0.420000000000000000000000000000000 -3.659357773675044363635007947083337
-0.410000000000000000000000000000000 -3.689244374273945215664742436425794
-0.400000000000000000000000000000000 -3.722980622032042755985833470803356
-0.390000000000000000000000000000000 -3.760742364563468516836216968753487
-0.380000000000000000000000000000000 -3.802732039553668729350466793720333
-0.370000000000000000000000000000000 -3.849181606957840476445852427441024
-0.360000000000000000000000000000000 -3.900356033708521863870312159417181
-0.350000000000000000000000000000000 -3.956557434361457151010755785101596
-0.340000000000000000000000000000000 -4.018129996327867227935850139761825
-0.330000000000000000000000000000000 -4.085465850315993224473555653533246
-0.320000000000000000000000000000000 -4.159012087464941846715706744492054
-0.310000000000000000000000000000000 -4.239279177281789620950100228407993
-0.300000000000000000000000000000000 -4.326851108825192618937237263842706
-0.290000000000000000000000000000000 -4.422397667042937478534514591138366
-0.280000000000000000000000000000000 -4.526689374324807957196356808235883
-0.270000000000000000000000000000000 -4.640615784811123315944739921494124
-0.260000000000000000000000000000000 -4.765208030934712073807988642475112
-0.250000000000000000000000000000000 -4.901666809860710580516393213451561
-0.240000000000000000000000000000000 -5.051397393701541679032631687152293
-0.230000000000000000000000000000000 -5.216053798597623467364145108285053
-0.220000000000000000000000000000000 -5.397595024427743183484539811155777
-0.210000000000000000000000000000000 -5.598357386413391821358887815359022
-0.200000000000000000000000000000000 -5.821148568626516868181604691342293
-0.190000000000000000000000000000000 -6.069371400164481242080403098708890
-0.180000000000000000000000000000000 -6.347188910861549743409993702014469
-0.170000000000000000000000000000000 -6.659747662131685875232625060365609
-0.160000000000000000000000000000000 -7.013484846523345546601249652991582
-0.150000000000000000000000000000000 -7.416558246323101641291791177056979
-0.140000000000000000000000000000000 -7.879460479052724187236179887075091
-0.130000000000000000000000000000000 -8.415916759621381766382192292607904
-0.120000000000000000000000000000000 -9.044231562230995909668669253116998
-0.110000000000000000000000000000000 -9.789369843908302506034822321564429
-0.100000000000000000000000000000000 -10.686287021193193548973053356944810
-0.090000000000000000000000000000000 -11.785478950807670579205565681649516
-0.080000000000000000000000000000000 -13.162694416113774997952336449813119
-0.070000000000000000000000000000000 -14.936972623400408096319552024971961
-0.060000000000000000000000000000000 -17.306718217599398908876474354488035
-0.050000000000000000000000000000000 -20.629066342580643923315095918605475
-0.040000000000000000000000000000000 -25.618295321689757308497110339622879
-0.030000000000000000000000000000000 -33.941064736219641591348481658821019
-0.020000000000000000000000000000000 -50.597367790625555317924528495741973
-0.010000000000000000000000000000000 -100.587197964410779193412655924290345
0.000000000000000000000000000000000 inf
0.010000000000000000000000000000000 99.432585119150603713532988870510734
0.020000000000000000000000000000000 49.442210163195663442760283017650057
0.030000000000000000000000000000000 32.784998351794135982282440355961773
0.040000000000000000000000000000000 24.460955022856118121501985350790206
0.050000000000000000000000000000000 19.470085311255512864047320967727125
0.060000000000000000000000000000000 16.145727491860639403478051525754484
0.070000000000000000000000000000000 13.773600607733806412421412445355467
0.080000000000000000000000000000000 11.996566383535277941581683023545877
0.090000000000000000000000000000000 10.616216535275569341885759804955813
0.100000000000000000000000000000000 9.513507698668731836292487177265401
0.110000000000000000000000000000000 8.612686400357290383038433157103853
0.120000000000000000000000000000000 7.863251546782530547882140905306459
0.130000000000000000000000000000000 7.230241921011987158186547496493801
0.140000000000000000000000000000000 6.688686183384281398827942538245908
0.150000000000000000000000000000000 6.220272874049877617407989675605337
0.160000000000000000000000000000000 5.811269166456126955108181122672877
0.170000000000000000000000000000000 5.451174180104210506471317155319516
0.180000000000000000000000000000000 5.131821190544648472506781651291857
0.190000000000000000000000000000000 4.846763353334944744069052244110954
0.200000000000000000000000000000000 4.590843711998803053204758275929152
0.210000000000000000000000000000000 4.359888061920756211662730068993072
0.220000000000000000000000000000000 4.150481579592778577826351133446649
0.230000000000000000000000000000000 3.959803723357780139299387100022603
0.240000000000000000000000000000000 3.785504409749830996896601932069279
0.250000000000000000000000000000000 3.625609908221908311930685155867672
0.260000000000000000000000000000000 3.478450453118913859583713375522181
0.270000000000000000000000000000000 3.342603942464837739257334758962646
0.280000000000000000000000000000000 3.216851701829623234742103040800032
0.290000000000000000000000000000000 3.100143400987133806253016748486667
0.300000000000000000000000000000000 2.991568987687590628312516515904918
0.310000000000000000000000000000000 2.890336054011714467473962462979564
0.320000000000000000000000000000000 2.795751446908359108078610939030268
0.330000000000000000000000000000000 2.707206222615191049020522132455936
0.340000000000000000000000000000000 2.624163256498483567738436778947393
0.350000000000000000000000000000000 2.546146977212288027567607074001861
0.360000000000000000000000000000000 2.472734812100326277065670723323449
0.370000000000000000000000000000000 2.403550020078653248455913516091669
0.380000000000000000000000000000000 2.338255656398308271440268363398226
0.390000000000000000000000000000000 2.276549466118794453091986578613720
0.400000000000000000000000000000000 2.218159543757688223059054021907679
0.410000000000000000000000000000000 2.162840628296344445263899063256705
0.420000000000000000000000000000000 2.110370927640290834971224383029135
0.430000000000000000000000000000000 2.060549386335974483575592014179417
0.440000000000000000000000000000000 2.013193326018389667771171062340594
0.450000000000000000000000000000000 1.968136400602382394371846280181636
0.460000000000000000000000000000000 1.925226818315529912855258394532380
0.470000000000000000000000000000000 1.884325790824384025456254975408253
0.480000000000000000000000000000000 1.845306176330882789205176383703291
0.490000000000000000000000000000000 1.808051288923892748980208975165293
0.500000000000000000000000000000000 1.772453850905516027298167483341145
0.510000000000000000000000000000000 1.738415068463864014116329525692664
0.520000000000000000000000000000000 1.705843814083963972506217081621849
0.530000000000000000000000000000000 1.674655901595592208319608400219576
0.540000000000000000000000000000000 1.644773441846088238792600310412965
0.550000000000000000000000000000000 1.616124268733575134058458493444525
0.560000000000000000000000000000000 1.588641426802544386670470883465102
0.570000000000000000000000000000000 1.562262712838729669985968454609168
0.580000000000000000000000000000000 1.536930264943518632726703337775002
0.590000000000000000000000000000000 1.512590193452317538422544398934575
0.600000000000000000000000000000000 1.489192248812817102394333388321342
0.610000000000000000000000000000000 1.466689522179752721566124617813860
0.620000000000000000000000000000000 1.445038175030394117153177381613727
0.630000000000000000000000000000000 1.424197194574400976284965398153179
0.640000000000000000000000000000000 1.404128172135067870993312377390185
0.650000000000000000000000000000000 1.384795102026510002853764524785559
0.660000000000000000000000000000000 1.366164198751474857498189047519021
0.670000000000000000000000000000000 1.348203730604277764076273365665971
0.680000000000000000000000000000000 1.330883867988781390949026158237457
0.690000000000000000000000000000000 1.314176544957354782494531070806478
0.700000000000000000000000000000000 1.298055332647557785681171179152812
0.710000000000000000000000000000000 1.282495323442451868775009231430126
0.720000000000000000000000000000000 1.267473024810946228014979906306047
0.730000000000000000000000000000000 1.252966261899003295305079778803414
0.740000000000000000000000000000000 1.238954088043025139190077047043530
0.750000000000000000000000000000000 1.225416702465177645129098303362891
0.760000000000000000000000000000000 1.212335374488370002967831604916551
0.770000000000000000000000000000000 1.199692373677453397493753374905562
0.780000000000000000000000000000000 1.187470905374103500366598758454271
0.790000000000000000000000000000000 1.175655051146812282485366441225395
0.800000000000000000000000000000000 1.164229713725303373636320938268459
0.810000000000000000000000000000000 1.153180566031251435995276588754689
0.820000000000000000000000000000000 1.142494003955078953813798866362604
0.830000000000000000000000000000000 1.132157102562386598789546260262154
0.840000000000000000000000000000000 1.122157575443735287456199944478653
0.850000000000000000000000000000000 1.112483736948465246193768676558547
0.860000000000000000000000000000000 1.103124467067381386213065184190513
0.870000000000000000000000000000000 1.094069178750779629629684998039028
0.880000000000000000000000000000000 1.085307787467719509160240310374040
0.890000000000000000000000000000000 1.076830682829913275663830455372087
0.900000000000000000000000000000000 1.068628702119319354897305335694481
0.910000000000000000000000000000000 1.060693105572690352128500911348457
0.920000000000000000000000000000000 1.053015553289101999836186915985050
0.930000000000000000000000000000000 1.045588083638028566742368641748037
0.940000000000000000000000000000000 1.038403093055963934532588461269282
0.950000000000000000000000000000000 1.031453317129032196165754795930274
0.960000000000000000000000000000000 1.024731812867590292339884413584915
0.970000000000000000000000000000000 1.018231942086589247740454449764631
0.980000000000000000000000000000000 1.011947355812511106358490569914840
0.990000000000000000000000000000000 1.005871979644107791934126559242903
1.000000000000000000000000000000000 1.000000000000000000000000000000000
1.010000000000000000000000000000000 0.994325851191506037135329888705107
1.020000000000000000000000000000000 0.988844203263913268855205660353001
1.030000000000000000000000000000000 0.983549950553824079468473210678853
1.040000000000000000000000000000000 0.978438200914244724860079414031608
1.050000000000000000000000000000000 0.973504265562775643202366048386356
1.060000000000000000000000000000000 0.968743649511638364208683091545269
1.070000000000000000000000000000000 0.964152042541366448869498871174883
1.080000000000000000000000000000000 0.959725310682822235326534641883670
1.090000000000000000000000000000000 0.955459488174801240769718382446023
1.100000000000000000000000000000000 0.951350769866873183629248717726540
1.110000000000000000000000000000000 0.947395504039301942134227647281424
1.120000000000000000000000000000000 0.943590185613903665745856908636775
1.130000000000000000000000000000000 0.939931449731558330564251174544194
1.140000000000000000000000000000000 0.936416065673799395835911955354427
1.150000000000000000000000000000000 0.933040931107481642611198451340801
1.160000000000000000000000000000000 0.929803066632980312817308979627660
1.170000000000000000000000000000000 0.926699610617715786100123916404318
1.180000000000000000000000000000000 0.923727814298036725051220697232534
1.190000000000000000000000000000000 0.920885037133639501373119926381081
1.200000000000000000000000000000000 0.918168742399760610640951655185830
1.210000000000000000000000000000000 0.915576493003358804449173314488545
1.220000000000000000000000000000000 0.913105947510411287121797249358263
1.230000000000000000000000000000000 0.910754856372289432038859033005199
1.240000000000000000000000000000000 0.908521058339959439255184463696627
1.250000000000000000000000000000000 0.906402477055477077982671288966918
1.260000000000000000000000000000000 0.904397117810917603491765477635767
1.270000000000000000000000000000000 0.902503064465506189599480384919914
1.280000000000000000000000000000000 0.900718476512294505727788851424009
1.290000000000000000000000000000000 0.899041586286268803813374857061133
1.300000000000000000000000000000000 0.897470696306277188493754954771475
1.310000000000000000000000000000000 0.896004176743631484916928363523665
1.320000000000000000000000000000000 0.894640463010674914585155500489686
1.330000000000000000000000000000000 0.893378053463013046176772303710459
1.340000000000000000000000000000000 0.892215507209484413031068504842114
1.350000000000000000000000000000000 0.891151442024300809648662475900651
1.360000000000000000000000000000000 0.890184532356117459743641460396441
1.370000000000000000000000000000000 0.889313507429101701928688000953918
1.380000000000000000000000000000000 0.888537149431357143147301978091326
1.390000000000000000000000000000000 0.887854291786329836705874765659351
1.400000000000000000000000000000000 0.887263817503075289223621608763072
1.410000000000000000000000000000000 0.886764657601501222558198615935249
1.420000000000000000000000000000000 0.886355789608922150687914240872237
1.430000000000000000000000000000000 0.886036236124469027937504566097149
1.440000000000000000000000000000000 0.885805063448091453819315267429861
1.450000000000000000000000000000000 0.885661380271072077467330826081736
1.460000000000000000000000000000000 0.885604336425143759913418861484895
1.470000000000000000000000000000000 0.885633121687460491964439838441879
1.480000000000000000000000000000000 0.885746964638823738818484664177580
1.490000000000000000000000000000000 0.885945131572707447000302397830994
1.500000000000000000000000000000000 0.886226925452758013649083741670573
1.510000000000000000000000000000000 0.886591684916570647199328058103259
1.520000000000000000000000000000000 0.887038783323661265703232882443362
1.530000000000000000000000000000000 0.887567627845663870409392452116375
1.540000000000000000000000000000000 0.888177658596887648948004167623001
1.550000000000000000000000000000000 0.888868347803466323732152171394489
1.560000000000000000000000000000000 0.889639199009424856535463694740457
1.570000000000000000000000000000000 0.890489746318075911892002019127226
1.580000000000000000000000000000000 0.891419553667240806981487935909501
1.590000000000000000000000000000000 0.892428214136867347669301195371399
1.600000000000000000000000000000000 0.893515349287690261436600032992805
1.610000000000000000000000000000000 0.894680608529649160155336016866454
1.620000000000000000000000000000000 0.895923668518844352634969976600511
1.630000000000000000000000000000000 0.897244232581872615059528200836503
1.640000000000000000000000000000000 0.898642030166443437435719921529719
1.650000000000000000000000000000000 0.900116816317231501854946941110613
1.660000000000000000000000000000000 0.901668371175973405948804771362554
1.670000000000000000000000000000000 0.903296499504866101931103154996201
1.680000000000000000000000000000000 0.905001030232371345845337787601471
1.690000000000000000000000000000000 0.906781816020574799921226438856470
1.700000000000000000000000000000000 0.908638732853290449976819825406968
1.710000000000000000000000000000000 0.910571679644140826830256554315390
1.720000000000000000000000000000000 0.912580577863881284170785532540354
1.730000000000000000000000000000000 0.914665371186272405572708238526492
1.740000000000000000000000000000000 0.916826025151838603000657014812212
1.750000000000000000000000000000000 0.919062526848883233846823727522168
1.760000000000000000000000000000000 0.921374884611161202255552019736578
1.770000000000000000000000000000000 0.923763127731639116070190098677283
1.780000000000000000000000000000000 0.926227306191800730285947031594331
1.790000000000000000000000000000000 0.928767490405981703163439488568062
1.800000000000000000000000000000000 0.931383770980242698909056750614767
1.810000000000000000000000000000000 0.934076258485313663156174036891298
1.820000000000000000000000000000000 0.936845083243164742127315070417335
1.830000000000000000000000000000000 0.939690395126780876995323396017588
1.840000000000000000000000000000000 0.942612363372737641463207953362068
1.850000000000000000000000000000000 0.945611176406195459264703375074765
1.860000000000000000000000000000000 0.948687041677947992143236058403841
1.870000000000000000000000000000000 0.951840185513178277777825948293955
1.880000000000000000000000000000000 0.955070852971593168061011473129155
1.890000000000000000000000000000000 0.958379307718622815340809105281158
1.900000000000000000000000000000000 0.961765831907387419407574802125033
1.910000000000000000000000000000000 0.965230726071148220436935829327096
1.920000000000000000000000000000000 0.968774309025973839849291962706246
1.930000000000000000000000000000000 0.972396917783366567070402836825675
1.940000000000000000000000000000000 0.976098907472606098460633153593125
1.950000000000000000000000000000000 0.979880651272580586357467056133760
1.960000000000000000000000000000000 0.983742540352886680646289037041518
1.970000000000000000000000000000000 0.987684983823991570308240816271692
1.980000000000000000000000000000000 0.991708408696260884231320758516543
1.990000000000000000000000000000000 0.995813259847666714014785293650474
2.000000000000000000000000000000000 1.000000000000000000000000000000000
2.010000000000000000000000000000000 1.004269109703421097506683187592158
2.020000000000000000000000000000000 1.008621087329191534232309773560061
2.030000000000000000000000000000000 1.013056449070438801852527406999219
2.040000000000000000000000000000000 1.017575728950814513854482590592873
2.050000000000000000000000000000000 1.022179478840914425362484350805674
2.060000000000000000000000000000000 1.026868268482336666061204077037985
2.070000000000000000000000000000000 1.031642685519262100290363792157124
2.080000000000000000000000000000000 1.036503335537448014152657413234364
2.090000000000000000000000000000000 1.041450842110533352438993036866165
2.100000000000000000000000000000000 1.046485846853560501992173589499194
2.110000000000000000000000000000000 1.051609009483625155768992688482381
2.120000000000000000000000000000000 1.056821007887572105635359737673188
2.130000000000000000000000000000000 1.062122538196660913537603827234939
2.140000000000000000000000000000000 1.067514314868131311252939629104047
2.150000000000000000000000000000000 1.072997070773603889002878219041921
2.160000000000000000000000000000000 1.078571557294257162868078416368086
2.170000000000000000000000000000000 1.084238544422727469737144982193052
2.180000000000000000000000000000000 1.089998820871683335560440422734391
2.190000000000000000000000000000000 1.095853194189031006634012712393487
2.200000000000000000000000000000000 1.101802490879712732769141986222996
2.210000000000000000000000000000000 1.107847556534064153383499710531140
2.220000000000000000000000000000000 1.113989255962701770288592644217081
2.230000000000000000000000000000000 1.120228473337916001407796610596395
2.240000000000000000000000000000000 1.126566112341549704676428734983818
2.250000000000000000000000000000000 1.133003096319346347478339111208648
2.260000000000000000000000000000000 1.139540368441756180399624501821067
2.270000000000000000000000000000000 1.146178891871192860791340088848291
2.280000000000000000000000000000000 1.152919649935736967331569729822731
2.290000000000000000000000000000000 1.159763646309286756919253565608862
2.300000000000000000000000000000000 1.166711905198160345041881441202918
2.310000000000000000000000000000000 1.173765471534157245241176156216001
2.320000000000000000000000000000000 1.180925411174090887252405260646385
2.330000000000000000000000000000000 1.188192811105807351415107163934910
2.340000000000000000000000000000000 1.195568779660709113461631796488432
2.350000000000000000000000000000000 1.203054446732806093025694342465879
2.360000000000000000000000000000000 1.210650964004319745251352386139160
2.370000000000000000000000000000000 1.218359505177869331642302561306867
2.380000000000000000000000000000000 1.226181266215272857543276729766029
2.390000000000000000000000000000000 1.234117465582998473021165924266497
2.400000000000000000000000000000000 1.242169344504305404913070252268300
2.410000000000000000000000000000000 1.250338167218116723807060048468701
2.420000000000000000000000000000000 1.258625221244669453976838222038576
2.430000000000000000000000000000000 1.267031817657990709950631529518923
2.440000000000000000000000000000000 1.275559291365251693499813985099000
2.450000000000000000000000000000000 1.284209001393054512327629697818517
2.460000000000000000000000000000000 1.292982331180709889473591537767947
2.470000000000000000000000000000000 1.301880688880566923187726562509562
2.480000000000000000000000000000000 1.310905507665459133451357302982818
2.490000000000000000000000000000000 1.320058246043334096030450572768181
2.500000000000000000000000000000000 1.329340388179137020473625612505859
2.510000000000000000000000000000000 1.338753444224021677270985367735920
2.520000000000000000000000000000000 1.348298950651965123868913981313910
2.530000000000000000000000000000000 1.357978470603865721726370451738054
2.540000000000000000000000000000000 1.367793594239206979379926418139422
2.550000000000000000000000000000000 1.377745939095372801784835865661458
2.560000000000000000000000000000000 1.387837150454702776195323363795114
2.570000000000000000000000000000000 1.398068901719379181670443170029745
2.580000000000000000000000000000000 1.408442894794240475030750938737012
2.590000000000000000000000000000000 1.418960860477619082794188900640525
2.600000000000000000000000000000000 1.429624558860304418298560052788489
2.610000000000000000000000000000000 1.440435779732735147850090987154992
2.620000000000000000000000000000000 1.451396343000527851268651362092828
2.630000000000000000000000000000000 1.462508099108452362547030967363499
2.640000000000000000000000000000000 1.473772929472967237394580671308739
2.650000000000000000000000000000000 1.485192746923431978060662452832512
2.660000000000000000000000000000000 1.496769496152115853875015920461839
2.670000000000000000000000000000000 1.508505154173126390224942268843655
2.680000000000000000000000000000000 1.520401730790383861020167483170471
2.690000000000000000000000000000000 1.532461269074771411866872681667434
2.700000000000000000000000000000000 1.544685845850593764960593703191846
2.710000000000000000000000000000000 1.557077572191480813879738707879316
2.720000000000000000000000000000000 1.569638593925875808773751115969409
2.730000000000000000000000000000000 1.582371092152251261640785252650831
2.740000000000000000000000000000000 1.595277283764199169221143205773249
2.750000000000000000000000000000000 1.608359421985545659231941523163794
2.760000000000000000000000000000000 1.621619796915643715969771554736378
2.770000000000000000000000000000000 1.635060736085001235444236474658790
2.780000000000000000000000000000000 1.648684605021405299908985716237909
2.790000000000000000000000000000000 1.662493807826707248662556684536831
2.800000000000000000000000000000000 1.676490787764436858036302151106580
2.810000000000000000000000000000000 1.690678027858417730312675006773250
2.820000000000000000000000000000000 1.705058051502559830671713428159550
2.830000000000000000000000000000000 1.719633423082009004901441814712185
2.840000000000000000000000000000000 1.734406748605837260292302634186206
2.850000000000000000000000000000000 1.749380676351461599639701243888315
2.860000000000000000000000000000000 1.764557897520983265386419068631144
2.870000000000000000000000000000000 1.779941146909643379444534523309695
2.880000000000000000000000000000000 1.795533203586595155954701569482812
2.890000000000000000000000000000000 1.811336891588197120994129208981388
2.900000000000000000000000000000000 1.827355080624036096874392124037562
2.910000000000000000000000000000000 1.843590686795893101034547434014753
2.920000000000000000000000000000000 1.860046673329869772510640568395991
2.930000000000000000000000000000000 1.876726051321897474445877475073553
2.940000000000000000000000000000000 1.893631880496855831013628317970663
2.950000000000000000000000000000000 1.910767269981532143397060759460832
2.960000000000000000000000000000000 1.928135379091657894066726512601376
2.970000000000000000000000000000000 1.945739418133263393507234408055233
2.980000000000000000000000000000000 1.963582649218596550778015101862755
2.990000000000000000000000000000000 1.981668387096856760889422734364443
3.000000000000000000000000000000000 2.000000000000000000000000000000000
3.010000000000000000000000000000000 2.018580910503876405988433207060238
3.020000000000000000000000000000000 2.037414596404966899149265742591323
3.030000000000000000000000000000000 2.056504591612990767760630636208414
3.040000000000000000000000000000000 2.075854487059661608263144484809460
3.050000000000000000000000000000000 2.095467931623874571993092919151632
3.060000000000000000000000000000000 2.115348633073613532086080398698249
3.070000000000000000000000000000000 2.135500359024872547601053049765247
3.080000000000000000000000000000000 2.155926937917891869437527419527477
3.090000000000000000000000000000000 2.176632260011014706597495447050285
3.100000000000000000000000000000000 2.197620278392477054183564537948308
3.110000000000000000000000000000000 2.218895010010449078672574572697823
3.120000000000000000000000000000000 2.240460536721652863946962643867158
3.130000000000000000000000000000000 2.262321006358887745835096152010421
3.140000000000000000000000000000000 2.284480633817801006081290806282661
3.150000000000000000000000000000000 2.306943702163248361356188170940129
3.160000000000000000000000000000000 2.329714563755595471795049379355066
3.170000000000000000000000000000000 2.352797641397318609329604611358922
3.180000000000000000000000000000000 2.376197429500269671521760121560972
3.190000000000000000000000000000000 2.399918495273977904528487840141736
3.200000000000000000000000000000000 2.423965479935368012092112369690593
3.210000000000000000000000000000000 2.448343099940281778977534360273819
3.220000000000000000000000000000000 2.473056148237197930040675670161920
3.230000000000000000000000000000000 2.498109495543552683139386441629960
3.240000000000000000000000000000000 2.523508091645071338475200366363751
3.250000000000000000000000000000000 2.549256966718529281826263000219457
3.260000000000000000000000000000000 2.575361232678368967703151374115610
3.270000000000000000000000000000000 2.601826084547607793996342001685621
3.280000000000000000000000000000000 2.628656801853480285515978983995828
3.290000000000000000000000000000000 2.655858750048266673345090665244294
3.300000000000000000000000000000000 2.683437381955768793596327314766711
3.310000000000000000000000000000000 2.711398239243903236507116920858962
3.320000000000000000000000000000000 2.739746953923890858425580204699614
3.330000000000000000000000000000000 2.768489249876531128797199691968341
3.340000000000000000000000000000000 2.797630944406059325500218403782931
3.350000000000000000000000000000000 2.827177949822094318610381704794816
3.360000000000000000000000000000000 2.857136275050194598793191631288418
3.370000000000000000000000000000000 2.887512027271550315992257070297275
3.380000000000000000000000000000000 2.918311413592349400952998616843150
3.390000000000000000000000000000000 2.949540742743366350520586558996929
3.400000000000000000000000000000000 2.981206426810332971791368605443921
3.410000000000000000000000000000000 3.013314982995661304375014716809569
3.420000000000000000000000000000000 3.045873035412100078623948497333354
3.430000000000000000000000000000000 3.078887316908917425180034616730984
3.440000000000000000000000000000000 3.112364670931214132139546123641561
3.450000000000000000000000000000000 3.146312053412983555202692759655368
3.460000000000000000000000000000000 3.180736534704546328105035182909149
3.470000000000000000000000000000000 3.215645301535000300273684609398619
3.480000000000000000000000000000000 3.251045659010338650959366111397390
3.490000000000000000000000000000000 3.286945032647901899115821926192770
3.500000000000000000000000000000000 3.323350970447842551184064031264648
3.510000000000000000000000000000000 3.360271145002294409950173273017160
3.520000000000000000000000000000000 3.397713355642952112149663232911052
3.530000000000000000000000000000000 3.435685530627780275967717242897277
3.540000000000000000000000000000000 3.474195729367585727625013102074132
3.550000000000000000000000000000000 3.513252144693200644551331457436718
3.560000000000000000000000000000000 3.552863105164039107060027811315491
3.570000000000000000000000000000000 3.593037077418804496893038946976444
3.580000000000000000000000000000000 3.633782668569140425579337421941490
3.590000000000000000000000000000000 3.675108628637033424436949252658959
3.600000000000000000000000000000000 3.717023853036791487576256137250071
3.610000000000000000000000000000000 3.759537385102438735888737476474528
3.620000000000000000000000000000000 3.802658418661382970323866568683208
3.630000000000000000000000000000000 3.846396300655229713498691444166003
3.640000000000000000000000000000000 3.890760533808633506721692972255070
3.650000000000000000000000000000000 3.935760779347094741860755500006157
3.660000000000000000000000000000000 3.981406859764628171307542348428492
3.670000000000000000000000000000000 4.027708761642247461900595857812560
3.680000000000000000000000000000000 4.074676638518228747534048854896863
3.690000000000000000000000000000000 4.122320813811135097921887513685396
3.700000000000000000000000000000000 4.170651783796603165393602998617985
3.710000000000000000000000000000000 4.219680220638913005614091898352947
3.720000000000000000000000000000000 4.269416975478382199864603035436794
3.730000000000000000000000000000000 4.319873081575645944279343739736769
3.740000000000000000000000000000000 4.371059757513905723665932383818703
3.750000000000000000000000000000000 4.422988410460250562887839188700433
3.760000000000000000000000000000000 4.475670639487176656076569491072402
3.770000000000000000000000000000000 4.529118238955453422180535034804850
3.780000000000000000000000000000000 4.583343201959506733746980291141388
3.790000000000000000000000000000000 4.638357723836513223768533149857758
3.800000000000000000000000000000000 4.694174205740423202501646023098424
3.810000000000000000000000000000000 4.750805258282153822178616769032832
3.820000000000000000000000000000000 4.808263705237218722494231867409931
3.830000000000000000000000000000000 4.866562587322085483871080335635486
3.840000000000000000000000000000000 4.925715166040577819230139481088824
3.850000000000000000000000000000000 4.985734927601665558973148545081697
3.860000000000000000000000000000000 5.046635586910012139005158536285072
3.870000000000000000000000000000000 5.108431091630676499005814081898826
3.880000000000000000000000000000000 5.171135626329394049149540520110498
3.890000000000000000000000000000000 5.234763616689889679673033413956212
3.900000000000000000000000000000000 5.299329733809704680935737159708929
3.910000000000000000000000000000000 5.364848898576048924010533032982932
3.920000000000000000000000000000000 5.431336286123219735731070459716295
3.930000000000000000000000000000000 5.498807330373159600126421001965510
3.940000000000000000000000000000000 5.567277728660756143180067254833749
3.950000000000000000000000000000000 5.636763446445519823021329240409455
3.960000000000000000000000000000000 5.707280722111307366437510477300073
3.970000000000000000000000000000000 5.778846071855792278716486191924043
3.980000000000000000000000000000000 5.851476294671417721318485003551011
3.990000000000000000000000000000000 5.925188477419601715059373975749685
4.000000000000000000000000000000000 5.999999999999999999999999999999999
4.010000000000000000000000000000000 6.075928540616667982025183953251316
4.020000000000000000000000000000000 6.152992081143000035430782542625793
4.030000000000000000000000000000000 6.231208912587362026314710827711497
4.040000000000000000000000000000000 6.310597640661371289119959233820759
4.050000000000000000000000000000000 6.391177191452817444578933403412477
4.060000000000000000000000000000000 6.472966817205257408183406020016639
4.070000000000000000000000000000000 6.555986102206358721135232862779312
4.080000000000000000000000000000000 6.640254968787106957867584452144629
4.090000000000000000000000000000000 6.725793683434035443386260931385379
4.100000000000000000000000000000000 6.812622863016678867969050067639752
4.110000000000000000000000000000000 6.900763481132496634671706921090232
4.120000000000000000000000000000000 6.990236874571556935514523448865535
4.130000000000000000000000000000000 7.081064749903318644463850955792616
4.140000000000000000000000000000000 7.173269190187895159095253131727552
4.150000000000000000000000000000000 7.266872661814232338271992738461411
4.160000000000000000000000000000000 7.361898021467681690872356038762009
4.170000000000000000000000000000000 7.458368523229499991574846618007784
4.180000000000000000000000000000000 7.556307825810857555439197186563885
4.190000000000000000000000000000000 7.655739999923989515445876210052139
4.200000000000000000000000000000000 7.756689535793177638694759583009898
4.210000000000000000000000000000000 7.859181350808304510517885296478958
4.220000000000000000000000000000000 7.963240797323777334730975657921379
4.230000000000000000000000000000000 8.068893670605675166540218206464773
4.240000000000000000000000000000000 8.176166216930031136659649187018555
4.250000000000000000000000000000000 8.285085141835220165935354750713233
4.260000000000000000000000000000000 8.395677618531482834712273479616890
4.270000000000000000000000000000000 8.507971296470677486368038345511976
4.280000000000000000000000000000000 8.621994310079415336492411067506318
4.290000000000000000000000000000000 8.737775287658797355305348288653728
4.300000000000000000000000000000000 8.855343360454037018867880138730147
4.310000000000000000000000000000000 8.974728171897319712838557008043158
4.320000000000000000000000000000000 9.095959887027317649972926279602721
4.330000000000000000000000000000000 9.219069202088848658894674974254575
4.340000000000000000000000000000000 9.344087354316238147170729468634989
4.350000000000000000000000000000000 9.471046131904015967344778711062629
4.360000000000000000000000000000000 9.599977884168653851945123881129089
4.370000000000000000000000000000000 9.730915531905124564893906326901818
4.380000000000000000000000000000000 9.863892577942140975221135324929848
4.390000000000000000000000000000000 9.998943117900011928264788434999585
4.400000000000000000000000000000000 10.136101851155132104090653258509338
4.410000000000000000000000000000000 10.275404092015205047918800184320632
4.420000000000000000000000000000000 10.416885781109382268893903860880072
4.430000000000000000000000000000000 10.560583496997586768367518735387270
4.440000000000000000000000000000000 10.706534468003376614560038665326974
4.450000000000000000000000000000000 10.854776584274793265449290020811019
4.460000000000000000000000000000000 11.005348410077730295243421732865653
4.470000000000000000000000000000000 11.158289196326451041949685594613203
4.480000000000000000000000000000000 11.313638893355978505338594067662918
4.490000000000000000000000000000000 11.471438163941177627914218522412771
4.500000000000000000000000000000000 11.631728396567448929144224109426264
4.510000000000000000000000000000000 11.794551718958053378925108188290232
4.520000000000000000000000000000000 11.959951011863191434766814579846897
4.530000000000000000000000000000000 12.127969923116064374166041867427394
4.540000000000000000000000000000000 12.298652881961253475792546381342428
4.550000000000000000000000000000000 12.472045113660862288157226673900343
4.560000000000000000000000000000000 12.648192654383979221133699008283139
4.570000000000000000000000000000000 12.827142366385132053908149040705908
4.580000000000000000000000000000000 13.008941953477522723574027970550534
4.590000000000000000000000000000000 13.193639976806949993728647817045663
4.600000000000000000000000000000000 13.381285870932449355274522094100247
4.610000000000000000000000000000000 13.571929960219803836558342290073052
4.620000000000000000000000000000000 13.765623475554206352572396978633215
4.630000000000000000000000000000000 13.962418571378483860000249942322588
4.640000000000000000000000000000000 14.162368343063425964466962419008449
4.650000000000000000000000000000000 14.365526844616895807791757575022479
4.660000000000000000000000000000000 14.571949106738539106985604995248285
4.670000000000000000000000000000000 14.781691155227048185175186798172099
4.680000000000000000000000000000000 14.994810029747081790925299786020448
4.690000000000000000000000000000000 15.211363802963088511331764925499119
4.700000000000000000000000000000000 15.431411600047431711956331094886542
4.710000000000000000000000000000000 15.655013618570367250828280942889436
4.720000000000000000000000000000000 15.882231148779581783496323291824862
4.730000000000000000000000000000000 16.113126594277159372161952149218157
4.740000000000000000000000000000000 16.347763493102007406510587115481948
4.750000000000000000000000000000000 16.586206539225939610829396957626621
4.760000000000000000000000000000000 16.828521604471784226847901286432230
4.770000000000000000000000000000000 17.074775760862059401620617081214271
4.780000000000000000000000000000000 17.325037303406935453563585500514452
4.790000000000000000000000000000000 17.579375773340385118082740637960902
4.800000000000000000000000000000000 17.837861981813608169506254887774015
4.810000000000000000000000000000000 18.100568034055006062500529890015073
4.820000000000000000000000000000000 18.367567354006175519927965733505947
4.830000000000000000000000000000000 18.638934709443587403226237685483912
4.840000000000000000000000000000000 18.914746237595818825843735607381083
4.850000000000000000000000000000000 19.195079471266412402046621898564522
4.860000000000000000000000000000000 19.480013365472646856559911950060391
4.870000000000000000000000000000000 19.769628324610718051152500496948452
4.880000000000000000000000000000000 20.064006230158048910700217218028736
4.890000000000000000000000000000000 20.363230468923670853928099980289652
4.900000000000000000000000000000000 20.667385961857848255649374922864834
4.910000000000000000000000000000000 20.976559193432351292881184158963267
4.920000000000000000000000000000000 21.290838241603021364065796202087878
4.930000000000000000000000000000000 21.610312808366517228496834537724447
4.940000000000000000000000000000000 21.935074250923379204129464984044985
4.950000000000000000000000000000000 22.265215613459803300934250499617347
4.960000000000000000000000000000000 22.600831659560777171092541490108284
4.970000000000000000000000000000000 22.942018905267495346504450181938441
4.980000000000000000000000000000000 23.288875652792242530847570314133036
4.990000000000000000000000000000000 23.641502024904210843086902163241241
5.000000000000000000000000000000000 23.999999999999999999999999999999997
