
Clenshaw-Curtis 24
                         1      0.0017391304347826087                          0   -1.58236342458943982e-18
      0.991444861373810411      0.0166754921610798305    2.90024081139872436e-17    3.85738804179608374e-18
      0.965925826289068287      0.0340258345459118442   -2.54787510534093542e-17    9.81202966099381513e-18
      0.923879532511286756      0.0500188185317005755    1.76182853028894471e-17    1.04083408558608426e-17
      0.866025403784438647      0.0654953531733717492    -6.0877951985061074e-17   -4.43845264361253378e-18
      0.793353340291235165      0.0796552876732466076   -4.87890977618476995e-19   -8.77526133355455151e-18
      0.707106781186547524      0.0925836316009959838   -4.83554168928534978e-17   -4.83147593113852913e-18
      0.608761429008720639       0.103830838586678675   -1.64256629131553922e-17   -1.11605061130226613e-17
                       0.5       0.113378375561711139   -1.11103617625452067e-16    2.68611088233283724e-17
      0.382683432365089772        0.12092151895595149   -6.55942314353730183e-17   -1.28749007982653652e-19
      0.258819045102520762       0.126452254740900016    2.28766658394441436e-17   -5.67850887839282947e-18
      0.130526192220051591       0.129767609308734125   -1.20698806851948781e-16   -2.37169225231204095e-18
                         0        0.13091170944987071   -6.12323399573676604e-17   -1.42301535138722457e-18
     -0.130526192220051592       0.129767609308734125    9.56808417218457663e-18   -3.01272678679409545e-17
     -0.258819045102520762       0.126452254740900016   -1.33790548084711247e-16   -5.67850887839282947e-18
     -0.382683432365089772        0.12092151895595149   -2.67472675952173944e-16   -1.35525271560688054e-19
                      -0.5       0.113378375561711139   -2.22044604925031308e-16   -8.87690528722506755e-19
     -0.608761429008720639       0.103830838586678675    1.65340831304039426e-17   -1.11401773222885581e-17
     -0.707106781186547524      0.0925836316009959838   -6.26668855696621563e-17   -4.84502845829459794e-18
     -0.793353340291235165      0.0796552876732466076   -1.10534411484897177e-16   -2.26530491413690083e-17
     -0.866025403784438647      0.0654953531733717492     6.0877951985061074e-17   -4.44522890719056818e-18
     -0.923879532511286756      0.0500188185317005755   -1.76182853028894471e-17    3.44573002943049378e-18
     -0.965925826289068287      0.0340258345459118443   -8.55977615177305751e-17   -3.87466751392007147e-17
     -0.991444861373810411      0.0166754921610798305   -2.90024081139872436e-17   -5.86146799499975835e-17
                        -1      0.0017391304347826087                          0   -1.58236342458943982e-18

Clenshaw-Curtis 48
                         1    0.000434216239687364307                          0   -8.26942384536612403e-19
      0.997858923238603507       0.004178956876062836    2.76471553983803631e-17   -1.88380127469356395e-18
      0.991444861373810411      0.0085787032586050881    2.90024081139872436e-17    4.54941395970284712e-18
      0.980785280403230449      0.0127508752292487249    1.85398571495021258e-17    6.64073830647371466e-19
      0.965925826289068287      0.0169502095030512965   -2.54787510534093542e-17    4.05389968555908142e-18
      0.946930129495105664      0.0210311730511011267   -2.37440275774325471e-17   -2.82909004382936313e-19
      0.923879532511286756      0.0250515686201706595    1.76182853028894471e-17    8.81761298091726653e-18
      0.896872741532688304      0.0289439561392646618    -6.2829515895534982e-17    3.15943289325854026e-18
      0.866025403784438647      0.0327278900285706859    -6.0877951985061074e-17     9.7510432887915055e-18
      0.831469612302545237      0.0363595749613860592    1.40946282423115576e-18    -7.4979356490950666e-18
      0.793353340291235165      0.0398453564764714232   -4.87890977618476995e-19   -7.01004467147658961e-18
      0.751839807478977396      0.0431523623270331946     1.1980434005964824e-17    9.67311625764410987e-18
      0.707106781186547524      0.0462815286782421485   -4.83554168928534978e-17   -3.81164826264435153e-18
      0.659345815100068868      0.0492064736679704862    2.45029690981724002e-17    1.14857667647683126e-18
      0.608761429008720639      0.0519260472478140689   -1.64256629131553922e-17   -8.86335276006899875e-18
      0.555570233019602225      0.0544184723625517105    -1.7493602053053614e-16    4.10302759649983084e-18
                       0.5      0.0566822322415355848   -1.11103617625452067e-16    9.43255890062388858e-18
      0.442288690219001282      0.0586992488738698756    3.61039323437672977e-17    8.13151629364128326e-19
      0.382683432365089772       0.060468655267037301   -6.55942314353730183e-17     9.7544314205805227e-18
      0.321439465303161581      0.0619755929224294729   -1.17066729574122341e-16   -1.01101852584273288e-17
      0.258819045102520762      0.0632205041213519237    2.28766658394441436e-17    -1.5531196120854851e-17
      0.195090322016128268      0.0641914639937286048   -6.34800371990262846e-17   -1.26580603637682643e-17
      0.130526192220051591      0.0648906802873709226   -1.20698806851948781e-16    -2.2497195079074217e-18
     0.0654031292301430668       0.065308957715196929   -2.03077843170113015e-16    1.25970739915659546e-17
                         0      0.0654505998204957021   -6.12323399573676604e-17   -9.16828462108054687e-18
    -0.0654031292301430668       0.065308957715196929    7.81777528997829041e-17    1.25835214644098858e-17
     -0.130526192220051592      0.0648906802873709226    9.56808417218457663e-18    -2.2564957714854561e-18
     -0.195090322016128268      0.0641914639937286048   -7.52978408791182829e-17   -1.26580603637682643e-17
     -0.258819045102520762      0.0632205041213519237   -1.33790548084711247e-16    -1.5531196120854851e-17
     -0.321439465303161581      0.0619755929224294729    5.93600689435813678e-18   -1.01101852584273288e-17
     -0.382683432365089772       0.060468655267037301   -2.67472675952173944e-16     9.7476551570024883e-18
     -0.442288690219001282      0.0586992488738698756   -1.47044919643346539e-16   -6.12574227454310005e-18
                      -0.5      0.0566822322415355848   -2.22044604925031308e-16    9.43255890062388858e-18
     -0.555570233019602225      0.0544184723625517105    6.39137180680204864e-17   -2.84603070277444914e-18
     -0.608761429008720639      0.0519260472478140689    1.65340831304039426e-17   -1.92107072437275317e-18
     -0.659345815100068868      0.0492064736679704862   -2.46113893154209507e-17   -5.80048162279744872e-18
     -0.707106781186547524      0.0462815286782421485   -6.26668855696621563e-17   -3.81164826264435153e-18
     -0.751839807478977396      0.0431523623270331946   -1.23002736468480478e-16   -1.11435654540775753e-17
     -0.793353340291235165      0.0398453564764714232   -1.10534411484897177e-16    -1.3948938575383818e-17
     -0.831469612302545237      0.0363595749613860591   -2.23454067749262464e-16   -1.44402176847913122e-17
     -0.866025403784438647      0.0327278900285706859     6.0877951985061074e-17    2.81214938488427713e-18
     -0.896872741532688304      0.0289439561392646618   -1.59215089029496326e-16   -1.07149667827668993e-17
     -0.923879532511286756      0.0250515686201706595   -1.76182853028894471e-17   -1.60089227031062764e-18
     -0.946930129495105664      0.0210311730511011267   -8.72782748850831069e-17   -1.41623908780919017e-17
     -0.965925826289068287      0.0169502095030512965   -8.55977615177305751e-17   -2.36948996664917977e-17
     -0.980785280403230449      0.0127508752292487249   -1.85398571495021258e-17   -1.06810854648767273e-18
     -0.991444861373810411     0.00857870325860508809   -2.90024081139872436e-17   -2.14832966412108195e-17
     -0.997858923238603507     0.00417895687606283601   -2.76471553983803631e-17   -4.48376890629063884e-18
                        -1    0.000434216239687364307                          0   -8.26942384536612403e-19

(3.91304347732954694,-6.24500531323213682e-17)
(4.02343716598837201,-0.508278315430929995)
(3.6683887365505088,-0.941882140427908583)
(3.53878738468437084,-1.40110504145074268)
(2.99545300857694657,-1.64676422701267539)
(2.6883832949643612,-1.95322479200123185)
(2.06219246449170638,-1.93652762594084952)
(1.68066553962353169,-2.03157565427772381)
(1.10184778212156982,-1.73623428374185077)
(0.762176305680211381,-1.61970709903407874)
(0.355094968351441156,-1.09286993694194168)
(0.156741055031603816,-0.821665388346655003)
(0.0103105525988436609,-0.163881533641662648)
(0.0103105517207978954,0.1638815336969046)
(0.156741056199892952,0.821665388123791937)
(0.355094967594928387,1.09286993718774758)
(0.762176307565117158,1.61970709814710942)
(1.10184778126432092,1.73623428428587746)
(1.68066554589421861,2.03157564909016044)
(2.06219246724358304,1.93652762301039851)
(2.68838329175972213,1.95322479641203912)
(2.99545300868051977,1.64676422682427642)
(3.53878738377677371,1.40110504374307136)
(3.66838873655881241,0.941882140395568193)
(4.02343716574829873,0.508278317331305714)

Fejer1 24
                         1      0.0017391304347826087        1.99802672842827156    -0.00514385959740741307
      0.991444861373810411       0.026143401083718734        1.97373211210249913     0.00202503420970823934
      0.965925826289068287       0.041683493064023309        1.91698234258422182     0.00323467571722512532
      0.923879532511286756      0.0581756408613022165        1.82870658497730611     0.00438222752137696361
      0.866025403784438647      0.0725137969266518185         1.7103533292864535     0.00541278245589364947
      0.793353340291235165      0.0864696892338745129        1.56386658306702431     0.00617107586062083015
      0.707106781186547524      0.0982907466804983013        1.39165388711523625     0.00685947779799037738
      0.608761429008720639       0.108934543271458558        1.19654668130119367     0.00711351816206347249
                       0.5       0.117329798385607272       0.981753674101715434     0.00735505200968278799
      0.382683432365089772       0.124001501467053792       0.750807985049767524     0.00702530983614842959
      0.258819045102520762       0.128355971136471543       0.507508932267375613     0.00677187465535006423
      0.130526192220051591       0.130628829129288839       0.255859425784355739     0.00582742836462555542
                         0       0.130628829129288839   -6.12323399573676604e-17     0.00509271849219556599
     -0.130526192220051592       0.128355971136471543      -0.255859425784356072      0.0035545703718082728
     -0.258819045102520762       0.124001501467053792      -0.507508932267375502     0.00241740498593231386
     -0.382683432365089772       0.117329798385607272      -0.750807985049767857    0.000353606754701895442
                      -0.5       0.108934543271458558      -0.981753674101715157    -0.00104020310446593984
     -0.608761429008720639      0.0982907466804983013       -1.19654668130119389     -0.0035302784288967567
     -0.707106781186547524      0.0864696892338745129       -1.39165388711523614    -0.00496157964863341105
     -0.793353340291235165      0.0725137969266518185       -1.56386658306702442    -0.00778481644660186425
     -0.866025403784438647      0.0581756408613022165       -1.71035332928645372    -0.00892537360945592482
     -0.923879532511286756      0.0416834930640233089       -1.82870658497730633     -0.0121099202759019092
     -0.965925826289068287       0.026143401083718734       -1.91698234258422182     -0.0123054162630794288
     -0.991444861373810411     0.00747258876005110275       -1.97373211210249913     -0.0166457781139593884
                        -1      0.0017391304347826087       -1.99802672842827156    -0.00514385959740738098

(3.91304348850541832,0)
(4.02343716539512171,-0.508278316321337061)
(3.66838873605613464,-0.941882140283738677)
(3.53878738367834427,-1.40110504237826449)
(2.99545300796137658,-1.64676422655159351)
(2.68838329237575532,-1.95322479349005651)
(2.0621924619267598,-1.93652762077488675)
(1.68066554376859458,-2.03157565290448325)
(1.10184778200694882,-1.73623428450865437)
(0.76217630675510172,-1.619707098872038)
(0.355094968028148629,-1.09286993723400599)
(0.156741055633333456,-0.821665388327407647)
(0.0103105521616713094,-0.163881533698696972)
(0.0103105521616713083,0.163881533698696967)
(0.156741055633333458,0.821665388327407652)
(0.355094968028148625,1.09286993723400598)
(0.762176306755101726,1.619707098872038)
(1.10184778200694881,1.73623428450865437)
(1.68066554376859458,2.03157565290448325)
(2.06219246192675979,1.93652762077488675)
(2.68838329237575532,1.95322479349005652)
(2.99545300796137657,1.64676422655159352)
(3.53878738367834427,1.40110504237826448)
(3.66838873605613464,0.941882140283738677)
(4.02343716539512171,0.508278316321337074)

Fejer2 24
                         1                          0        1.99270887409805397     -0.0171784437618932168
      0.991444861373810411      0.0201537530306450479        1.96238667879986242    -0.00592417078463505533
      0.965925826289068287      0.0305475736763466269        1.90094206897448301     -0.0151997047127051663
      0.923879532511286756      0.0534970794012657929        1.80933555816449633    0.000269120264060623788
      0.866025403784438647      0.0620170923038065318          1.689009269678095    -0.00955926571888540642
      0.793353340291235165       0.083133548542811825        1.54186408846233636     0.00595164342396334331
      0.707106781186547524      0.0891053707314307664         1.3702294394273425    -0.00428513584072912062
      0.608761429008720639       0.107309099456243893        1.17682617573987634      0.0108177386337502935
                       0.5       0.109900114692145921       0.964723172043768506   -4.18508461825744163e-05
      0.382683432365089772       0.124399779825516708       0.737288319407625227      0.0143743164505997589
      0.258819045102520762       0.122973993871334799       0.498134709390078251      0.0027009070386780207
      0.130526192220051591       0.133245870178299343       0.251062872475374473      0.0162504824470436137
                         0       0.127433448580305492     1.6081226496766366e-16     0.00364872681386964673
     -0.130526192220051592       0.133245870178299343      -0.251062872475374598      0.0162504824470436137
     -0.258819045102520762       0.122973993871334799      -0.498134709390078806     0.00270090703867803465
     -0.382683432365089772       0.124399779825516707      -0.737288319407625338      0.0143743164505997311
                      -0.5       0.109900114692145921      -0.964723172043768618   -4.18508461825604301e-05
     -0.608761429008720639       0.107309099456243893       -1.17682617573987656      0.0108177386337502935
     -0.707106781186547524      0.0891053707314307664       -1.37022943942734283    -0.00428513584072910677
     -0.793353340291235165       0.083133548542811825       -1.54186408846233625     0.00595164342396334331
     -0.866025403784438647      0.0620170923038065318         -1.689009269678095    -0.00955926571888542031
     -0.923879532511286756      0.0534970794012657929       -1.80933555816449667    0.000269120264060700099
     -0.965925826289068287      0.0305475736763466269       -1.90094206897448312     -0.0151997047127051385
     -0.991444861373810411      0.0201537530306450479       -1.96238667879986242    -0.00592417078463505187
                        -1                          0       -1.99270887409805397     -0.0171784437618932133


CQUAD Rules

Clenshaw-Curtis 4
                         1      0.0666666666666666667 
      0.707106781186547524       0.533333333333333333 
                         0                        0.8 
     -0.707106781186547524       0.533333333333333333 
                        -1      0.0666666666666666667 

Clenshaw-Curtis 8
                         1       0.015873015873015873 
      0.923879532511286756       0.146218649216018155 
      0.707106781186547524       0.279365079365079365 
      0.382683432365089772       0.361717858720489782 
                         0       0.393650793650793651 
     -0.382683432365089772       0.361717858720489781 
     -0.707106781186547524       0.279365079365079365 
     -0.923879532511286756       0.146218649216018155 
                        -1       0.015873015873015873 

Clenshaw-Curtis 16
                         1     0.00392156862745098039 
      0.980785280403230449      0.0373687028372056103 
      0.923879532511286756      0.0754823315431518344 
      0.831469612302545237        0.10890555258189093 
      0.707106781186547524       0.138956468368233074 
      0.555570233019602225       0.163172664281703303 
      0.382683432365089772       0.181473784236493357 
      0.195090322016128268       0.192513864612925647 
                         0       0.196410125821890528 
     -0.195090322016128268       0.192513864612925647 
     -0.382683432365089772       0.181473784236493357 
     -0.555570233019602225       0.163172664281703303 
     -0.707106781186547524       0.138956468368233074 
     -0.831469612302545237        0.10890555258189093 
     -0.923879532511286756      0.0754823315431518344 
     -0.980785280403230449      0.0373687028372056103 
                        -1     0.00392156862745098039 

Clenshaw-Curtis 32
                         1    0.000977517106549364614 
      0.995184726672196886      0.0093931979629550147 
      0.980785280403230449      0.0192342451326811492 
      0.956940335732208865      0.0284579166772336901 
      0.923879532511286756       0.037594341914047206 
       0.88192126434835503      0.0462627628377517495 
      0.831469612302545237      0.0545550163039803104 
      0.773010453362736961      0.0622721095452940046 
      0.707106781186547524      0.0694275756304354509 
      0.634393284163645498      0.0758838004413884705 
      0.555570233019602225      0.0816348176549385102 
      0.471396736825997649      0.0865775384418274354 
      0.382683432365089772      0.0907061128677209987 
      0.290284677254462368      0.0939432444387687357 
      0.195090322016128268      0.0962923259454881792 
     0.0980171403295606019      0.0976981882080555818 
                         0      0.0981785777817682968 
    -0.0980171403295606019      0.0976981882080555818 
     -0.195090322016128268      0.0962923259454881792 
     -0.290284677254462368      0.0939432444387687357 
     -0.382683432365089772      0.0907061128677209987 
     -0.471396736825997649      0.0865775384418274354 
     -0.555570233019602225      0.0816348176549385102 
     -0.634393284163645498      0.0758838004413884705 
     -0.707106781186547524      0.0694275756304354509 
     -0.773010453362736961      0.0622721095452940046 
     -0.831469612302545237      0.0545550163039803104 
      -0.88192126434835503      0.0462627628377517495 
     -0.923879532511286756       0.037594341914047206 
     -0.956940335732208865      0.0284579166772336901 
     -0.980785280403230449      0.0192342451326811492 
     -0.995184726672196886     0.00939319796295501469 
                        -1    0.000977517106549364614 

Clenshaw-Curtis 64
                         1      0.0002442002442002442 
      0.998795456205172393     0.00235149067531170332 
      0.995184726672196886     0.00483146544879091264 
      0.989176509964780973     0.00719269316173611402 
      0.980785280403230449     0.00958233879528379039 
      0.970031253194543993      0.0119233947142127716 
      0.956940335732208865      0.0142520604323519968 
      0.941544065183020778      0.0165349876572895896 
      0.923879532511286756      0.0187865297417957835 
      0.903989293123443332      0.0209862744297374338 
       0.88192126434835503      0.0231406949343581985 
       0.85772861000027207      0.0252350649817547659 
      0.831469612302545237      0.0272722571414683869 
       0.80320753148064491      0.0292406531974683377 
      0.773010453362736961      0.0311412971040676245 
      0.740951125354959091        0.03296454656997633 
      0.707106781186547524      0.0347104981809251143 
      0.671558954847018401      0.0363709202866391831 
      0.634393284163645498      0.0379454599212848171 
      0.595699304492433343      0.0394269887129560998 
      0.555570233019602225      0.0408150134003578338 
      0.514102744193221727       0.042103331111418102 
      0.471396736825997649      0.0432915149616908293 
      0.427555093430282094      0.0443741792392573158 
      0.382683432365089772      0.0453511095516606722 
      0.336889853392220051      0.0462176675109255768 
      0.290284677254462368      0.0469739590466141487 
       0.24298017990326389       0.047616044585250193 
      0.195090322016128268      0.0481444325725122034 
      0.146730474455361752      0.0485558448571410527 
     0.0980171403295606019      0.0488512566430660937 
     0.0490676743274180143      0.0490280184310255529 
                         0      0.0490876235149424558 
    -0.0490676743274180143      0.0490280184310255529 
    -0.0980171403295606019      0.0488512566430660937 
     -0.146730474455361752      0.0485558448571410527 
     -0.195090322016128268      0.0481444325725122034 
      -0.24298017990326389       0.047616044585250193 
     -0.290284677254462368      0.0469739590466141487 
     -0.336889853392220051      0.0462176675109255768 
     -0.382683432365089772      0.0453511095516606722 
     -0.427555093430282094      0.0443741792392573158 
     -0.471396736825997649      0.0432915149616908293 
     -0.514102744193221727       0.042103331111418102 
     -0.555570233019602225      0.0408150134003578338 
     -0.595699304492433343      0.0394269887129560998 
     -0.634393284163645498      0.0379454599212848171 
     -0.671558954847018401      0.0363709202866391831 
     -0.707106781186547524      0.0347104981809251143 
     -0.740951125354959091        0.03296454656997633 
     -0.773010453362736961      0.0311412971040676245 
      -0.80320753148064491      0.0292406531974683377 
     -0.831469612302545237      0.0272722571414683869 
      -0.85772861000027207      0.0252350649817547659 
      -0.88192126434835503      0.0231406949343581985 
     -0.903989293123443332      0.0209862744297374338 
     -0.923879532511286756      0.0187865297417957835 
     -0.941544065183020778      0.0165349876572895896 
     -0.956940335732208865      0.0142520604323519968 
     -0.970031253194543993      0.0119233947142127716 
     -0.980785280403230449     0.00958233879528379038 
     -0.989176509964780973     0.00719269316173611402 
     -0.995184726672196886     0.00483146544879091264 
     -0.998795456205172393     0.00235149067531170332 
                        -1      0.0002442002442002442 
