
      0.0000000000000000000000000000000000000000
      1.0000000000000000000000000000000000000000
      0.5772156649015328606065120900824024310432
     -0.6558780715202538810770195151453904812811
     -0.0420026350340952355290039348754298187119
      0.1665386113822914895017007951021052357187
     -0.0421977345555443367482083012891873913015
     -0.0096219715278769735621149216723481989747
      0.0072189432466630995423950103404465727093
     -0.0011651675918590651121139710840183886674
     -0.0002152416741149509728157299630536478063
      0.0001280502823881161861531986263281643238
     -0.0000201348547807882386556893914210218186
     -0.0000012504934821426706573453594738330926
      0.0000011330272319816958823741296203307448
     -0.0000002056338416977607103450154130020573
      0.0000000061160951044814158178624986828556
      0.0000000050020076444692229300556650480601
     -0.0000000011812745704870201445881265654365
      0.0000000001043426711691100510491540332313
      0.0000000000077822634399050712540499373115
     -0.0000000000036968056186422057081878158781
      0.0000000000005100370287454475979015481319
     -0.0000000000000205832605356650678322242954
     -0.0000000000000053481225394230179823700171
      0.0000000000000012267786282382607901588941
     -0.0000000000000001181259301697458769513765
      0.0000000000000000011866922547516003325796
      0.0000000000000000014123806553180317815559
     -0.0000000000000000002298745684435370206591
      0.0000000000000000000171440632192733743337
      0.0000000000000000000001337351730493693114
     -0.0000000000000000000002054233551766672789
      0.0000000000000000000000273603004860799984
     -0.0000000000000000000000017323564459105165
     -0.0000000000000000000000000236061902449928
      0.0000000000000000000000000186498294171728
     -0.0000000000000000000000000022180956242072
      0.0000000000000000000000000001297781974948
      0.0000000000000000000000000000011806974748
     -0.0000000000000000000000000000011245843493
      0.0000000000000000000000000000001277085176
     -0.0000000000000000000000000000000073914512
      0.0000000000000000000000000000000000113476
      0.0000000000000000000000000000000000463914
     -0.0000000000000000000000000000000000053474
      0.0000000000000000000000000000000000003208
     -0.0000000000000000000000000000000000000044
     -0.0000000000000000000000000000000000000013
      0.0000000000000000000000000000000000000002
     -0.0000000000000000000000000000000000000000

      0.0000000000000000000000000000000000000000000000000000000000000000000000000000000
      1.0000000000000000000000000000000000000000000000000000000000000000000000000000000
      0.5772156649015328606065120900824024310421593359399235988057672348848677267776685
     -0.6558780715202538810770195151453904812797663804785843472923624456838708383537211
     -0.0420026350340952355290039348754298187113945004011060935220658129761800968759816
      0.1665386113822914895017007951021052357177815022471743405704689031789938660564749
     -0.0421977345555443367482083012891873913016526841898224863769188732754590111855873
     -0.0096219715278769735621149216723481989753629422521130021051388626273116735144613
      0.0072189432466630995423950103404465727099048008802383180010947811736225949741573
     -0.0011651675918590651121139710840183886668093337953840574434075052756200258481671
     -0.0002152416741149509728157299630536478064782419233783387503502674890856394637170
      0.0001280502823881161861531986263281643233948920996936772149005458380412035520444
     -0.0000201348547807882386556893914210218183822948332979791152611626709082291861880
     -0.0000012504934821426706573453594738330922423226556211539598153499231574912124562
      0.0000011330272319816958823741296203307449433240048386210756542955053954604084269
     -0.0000002056338416977607103450154130020572836512579026293379453468317253324568032
      0.0000000061160951044814158178624986828553428672758657197123208673240292772350746
      0.0000000050020076444692229300556650480599913030446127424944817189533788773747207
     -0.0000000011812745704870201445881265654365055777387595049325875909618926316964333
      0.0000000001043426711691100510491540332312250191400709823125812121087107392734757
      0.0000000000077822634399050712540499373113607772260680861813929388194355073269292
     -0.0000000000036968056186422057081878158780857662365709634513609951364845465544300
      0.0000000000005100370287454475979015481322863231802726886069707632117350104856571
     -0.0000000000000205832605356650678322242954485523741974609108081014718805819644440
     -0.0000000000000053481225394230179823700173187279399489897154781206821116809549325
      0.0000000000000012267786282382607901588938466224224281654557504563213660113599962
     -0.0000000000000001181259301697458769513764586842297831211557291804847879837508121
      0.0000000000000000011866922547516003325797772429286740710884940796648271107400607
      0.0000000000000000014123806553180317815558039475667090370863507503345256256412228
     -0.0000000000000000002298745684435370206592478580633699260284505931419036701488980
      0.0000000000000000000171440632192733743338396337026725706681265606251743317464983
      0.0000000000000000000001337351730493693114864781395122268022875059471761894789858
     -0.0000000000000000000002054233551766672789325025351355733796682037935238736412727
      0.0000000000000000000000273603004860799984483150990433098201486531169583636337015
     -0.0000000000000000000000017323564459105166390574284515647797990697491087949984140
     -0.0000000000000000000000000236061902449928728734345073542753100792641355214537049
      0.0000000000000000000000000186498294171729443071841316187866689894586842907366825
     -0.0000000000000000000000000022180956242071972043997169136268603797317795006756760
      0.0000000000000000000000000001297781974947993668824414486330594165619499864639133
      0.0000000000000000000000000000011806974749665284062227454155099715185596846378415
     -0.0000000000000000000000000000011245843492770880902936546742614395121194117955829
      0.0000000000000000000000000000001277085175140866203990206677751124647748772065601
     -0.0000000000000000000000000000000073914511696151408234612893301085528237105689926
      0.0000000000000000000000000000000000113475025755421576095416525946930639300861223
      0.0000000000000000000000000000000000463913464105872202994480490795222846305796868
     -0.0000000000000000000000000000000000053473368184391988750774181967098933209048861
      0.0000000000000000000000000000000000003207995923613352622861237279082794391090148
     -0.0000000000000000000000000000000000000044458297365507568821015903521246436374015
     -0.0000000000000000000000000000000000000013111745188819887129010584943899221902368
      0.0000000000000000000000000000000000000001647033352543813886818259327906394145397
     -0.0000000000000000000000000000000000000000105623317850358121860056107153828504999
