                                               0
                                               1
         1.4142135623730950488016887242096980786
         1.7320508075688772935274463415058723669
                                               2
         2.2360679774997896964091736687312762354
          2.449489742783178098197284074705891392
         2.6457513110645905905016157536392604257
         2.8284271247461900976033774484193961571
                                               3
         3.1622776601683793319988935444327185337
         3.3166247903553998491149327366706866839
         3.4641016151377545870548926830117447339
         3.6055512754639892931192212674704959463
         3.7416573867739413855837487323165493018
         3.8729833462074168851792653997823996108
                                               4
         4.1231056256176605498214098559740770251
         4.2426406871192851464050661726290942357
         4.3588989435406735522369819838596156591
         4.4721359549995793928183473374625524709
          4.582575694955840006588047193728008489
         4.6904157598234295545656301135444662806
           4.79583152331271954159743806416269392
         4.8989794855663561963945681494117827839
                                               5
         5.0990195135927848300282241090227819896
         5.1961524227066318805823390245176171008
         5.2915026221291811810032315072785208514
         5.3851648071345040312507104915403295563
         5.4772255750516611345696978280080213395
         5.5677643628300219221194712989185495205
         5.6568542494923801952067548968387923143
         5.7445626465380286598506114682189293182
         5.8309518948453004708741528775455830765
         5.9160797830996160425673282915616170484
                                               6
         6.0827625302982196889996842452020670621
         6.1644140029689764502501923814542442252
         6.2449979983983982058468931209397944611
         6.3245553203367586639977870888654370674
         6.4031242374328486864882176746218132645
         6.4807406984078602309659674360879966577
         6.5574385243020006523441099976360016279
         6.6332495807107996982298654733413733679
         6.7082039324993690892275210061938287063
         6.7823299831252681390645563266259691052
         6.8556546004010441249358714490848489605
         6.9282032302755091741097853660234894678
                                               7
         7.0710678118654752440084436210484903929
         7.1414284285428499979993998113672652788
         7.2111025509279785862384425349409918925
         7.2801098892805182710973024915270327938
         7.3484692283495342945918522241176741759
          7.416198487095662948711397440800713061
         7.4833147735478827711674974646330986035
         7.5498344352707496972366848069461170582
         7.6157731058639082856614110271583230054
         7.6811457478686081757696870217313724731
         7.7459666924148337703585307995647992217
         7.8102496759066543941297227357591014136
         7.8740078740118110196850344488120078637
         7.9372539331937717715048472609177812771
                                               8
         8.0622577482985496523666132303037711311
         8.1240384046359603604598835682660403485
         8.1853527718724499699537037247339294589
         8.2462112512353210996428197119481540503
         8.3066238629180748525842627449074920103
          8.366600265340755479781720257851874894
         8.4261497731763586306341399062027360316
         8.4852813742385702928101323452581884714
         8.5440037453175311678716483262397064346
          8.602325267042626771729473535049713632
         8.6602540378443864676372317075293618347
         8.7177978870813471044739639677192313183
         8.7749643873921220604063883074163095609
         8.8317608663278468547640427269592539642
         8.8881944173155888500914416754087278171
         8.9442719099991587856366946749251049418
                                               9
         9.0553851381374166265738081669840664131
         9.1104335791442988819456261046886691901
          9.165151389911680013176094387456016978
         9.2195444572928873100022742817627931572
         9.2736184954957037525164160739901746263
         9.3273790530888150455544755423205569833
         9.3808315196468591091312602270889325612
          9.433981132056603811320660377622640717
         9.4868329805051379959966806332981556012
         9.5393920141694564915262158602322654026
           9.59166304662543908319487612832538784
         9.6436507609929549957600310474326631839
         9.6953597148326580281488811508453133937
         9.7467943448089639068384131998996002992
         9.7979589711327123927891362988235655679
         9.8488578017961047217462114149176244817
           9.89949493661166534161182106946788655
         9.9498743710661995473447982100120600518
                                              10
