
// sin table
                                               0
       0.017073043574974718762882820773257311888
       0.034141110185967895282649005473204231765
       0.051199224319833063370012946086534763118
       0.068242413364670975921188479022459023933
        0.08526570905939600519446335453953354004
        0.10226414894203423714127092553269581046
        0.11923277779633106632529432270275432541
        0.13616664909624659076072583338787299145
        0.15306082644791772172837954612872186754
        0.16991038502866666210642777904567113669
        0.18671041302263626776582758905248719612
        0.20345601305263378987802872206157842678
        0.22014230360776560127766758970404730107
        0.23676442046644673699344859932580315094
        0.25331751811437042734862017623625831596
        0.26979677115702427124532852260257053647
        0.28619737572634128695638722033179284963
        0.30251455088107578749021896314738650525
        0.31874354000049585687149993677439014667
        0.33487961217098615195811507084789015751
        0.35091806356515682112647089971457005203
        0.36685421881305651569954491328313069001
        0.38268343236508977172845998403039886676
        0.39840108984624145799788039996967896565
        0.41400260940121352020318523809306448756
         0.4294834430300819004044761443765364092
        0.44483907791408427432676409550714487775
        0.46006503773115212604157575981095179556
        0.47515688396080366919406014530696709447
        0.49011021717801722535995343452843152544
        0.50492067833570788242437904317113700541
        0.51958395003543357813300101132378763315
        0.53409575778596018520704005057378418516
        0.54845187124931871363686165549211982828
         0.5626481054739913919425354713696337561
        0.57668032211486714125104827526685282398
        0.59054443063961081289496585926155270202
        0.60423638952109452076196973228847346645
        0.61775220741554346266431010174768468374
         0.6310879443260527893674001301433105742
        0.64423971275113634440357217733358436296
        0.65720367881797246115728382768907701094
         0.6699760634000164646698365440159744235
         0.6825531432186540828745375453725405781
        0.69493125192857462420870799530287249346
        0.70710678118654752440084436210484903928

// cos table
                                               1
        0.99985424496927901700000137699120903911
        0.99941702236617402894940172475499515053
        0.99868845964547293079958208056211370134
        0.99766876919053919845357828069927831664
        0.99635824825140000142996906884103369249
        0.99475727885809482917906367231236889926
        0.99286632770930989079865544515744871983
        0.99068594603633075234232296009620600514
          0.988216769442352870895335823950371439
        0.98545951771719686801424982593655178113
        0.98241499462748255489221530031432085472
        0.97908408768232287563281488476023713498
        0.97546776787460607120542314279380661516
        0.97156708939794148293436955585770521367
        0.96738318933935150866812116546661480342
        0.96291728734779929501522359737323879936
        0.95817068527864879315980307884712260411
        0.95314476681416082172760374523544680616
          0.947840997060135765918591625272807622
        0.94226092211882049561768422531797213362
        0.93640616863820400441414869235278205742
        0.93027844333783315438563017300813085744
        0.92387953251128675612818318939678828682
        0.91721130150545301784380544796561549369
          0.910275694176762159348284791655147765
         0.9030747323245327046634600051435581146
        0.89561051510159663845095822105198374694
         0.8878852184023752349842692774195844836
        0.87990109422858394171185120116325990538
        0.87166047003275122081963167562062183527
        0.86316574803974271965573710038977430014
        0.85441940454648855254821561955025080005
        0.84542398920011783055885756636643331478
        0.83618212425471087022069762195505534162
        0.82669650380688574546849622418283924326
        0.81696989301044201697341403724498817725
        0.80700512727029057813659496425000934655
        0.79680511141590459530177864842294478583
        0.78637281885453248955414588348557028328
        0.77571129070441980704110101096953689559
        0.76482363490829265236083064555910599401
         0.7537130253273611135174409504536276493
         0.7423827008161067855599310014426418484
         0.7308359642781241016508331160835884644
        0.71907618170329070331611129347485064253
        0.70710678118654752440084436210484903928
