                                            -0.5
                                             nan
       -0.17753296657588678176379241667698740539
      -0.098457322630304285950196378866412506924
      -0.052967170502754082423496765526478085071
      -0.027880229553090694064344856446530467443
      -0.014448908702564895901560755515045738598
     -0.0074061800771697173295742868666063147722
     -0.0037669981473521007727107399171963821253
     -0.0019057024583946692322169681474020491247
    -0.00096049240172843436077815430065816857613
    -0.00048285650193924585590582517130981932928
    -0.00024231485614180914682032128724457692244
    -0.00012145723673488450782500718373204701231
    -6.0829654020281829045807744608945467962e-05
    -3.0448786900761917367067371222042213047e-05
    -1.5235785093893558317225038592759079876e-05
    -7.6217079589880230621277581992627038938e-06
    -3.8121303898865203107735883923167247553e-06
    -1.9064918283248931435070347317457014769e-06
    -9.5338841847788494915744227365568416999e-07
    -4.7674178445718368333567213139012689553e-07
     -2.383867691774521027950569159997813975e-07
    -1.1919868156049677617515434575693468671e-07
    -5.9601107605371638596859787062203550451e-08
    -2.9801143037165584866891456625143916031e-08
    -1.4900768003431212338194141706737928118e-08
    -7.4504495150364841472579120473912366074e-09
    -3.7252465998912724723298254661313034949e-09
    -1.8626305818878132534350027144834994781e-09
    -9.3131771854602137272045215690713756034e-10
     -4.656596685457824853137299073400830987e-10
    -2.3283010404850917718471884687769765759e-10
    -1.1641514195396952734533940802478273561e-10
    -5.8207600954684076119632462382399579384e-11
    -2.9103810470190477415245387025358236237e-11
    -1.4551908566115236044888135366179654032e-11
    -7.2759553934152499428445145134587634761e-12
    -3.6379780668312444980710694130001198245e-12
    -1.8189891567912644498734604197979497301e-12
     -9.094946195211219089514905125958925765e-13
    -4.5474732346912642556634067306648662309e-13
    -2.2737366630410226501556254636410958392e-13
    -1.1368683467523512393868423498764618595e-13
    -5.6843417845346635995259069390443148205e-14
    -2.8421709091916611902292334529990348789e-14
    -1.4210854602372804561797342860883163402e-14
    -7.1054273199912519787415332424723896117e-15
    -3.5527136662639134289618267023108589828e-15
     -1.776356835221386912769526295835938344e-15
    -8.8817841830717045209001237537167866268e-16
     -4.440892093857442903495793139942759134e-16
    -2.2204460477025851637713669314036313683e-16
    -1.1102230241092471936457288751733498007e-16
    -5.5511151214060847768102567401525803622e-17
    -2.7755575609896586836111045430803397696e-17
    -1.3877787805903681132939774771656392578e-17
    -6.9388939032703031541483671864324115474e-18
    -3.4694469517413057769783846655986669808e-18
    -1.7347234759060376227936812029618392329e-18
    -8.6736173796481372308244235304384286564e-19
    -4.3368086898633849883440728300478832883e-19
    -2.1684043449447979519433353246392457775e-19
    -1.0842021724767674619248213242952814542e-19
    -5.4210108623983989295659100239637931152e-20
    -2.7105054312040533380968894794776918389e-20
    -1.3552527156036446269666930227568969517e-20
    -6.7762635780236163293636606623725142512e-21
    -3.3881317890136058952123168883636940331e-21
    -1.6940658945074021911163206299076593191e-21
     -8.470329472539008414357237921586212471e-22
    -4.2351647362701700365662834749948074271e-22
    -2.1175823681353069810039357559360959102e-22
    -1.0587911840677274878713521409666745871e-22
    -5.2939559203388839992968456796381693778e-23
    -2.6469779601695239903793926943727655083e-23
    -1.3234889800847896193069406709428200195e-23
    -6.6174449004240391973468920819959676744e-24
    -3.3087224502120519247680936539044529774e-24
    -1.6543612251060377173275550498273061761e-24
    -8.2718061255302179739965458063242300988e-25
    -4.1359030627651383743570434603498142678e-25
    -2.0679515313825691871785217301749071339e-25
     -1.033975765691284593589260865087453567e-25
    -5.1698788284564229679463043254372678348e-26
    -2.5849394142282114839731521627186339174e-26
    -1.2924697071141057419865760813593169587e-26
    -6.4623485355705287099328804067965847935e-27
    -3.2311742677852643549664402033982923967e-27
    -1.6155871338926321774832201016991461984e-27
    -8.0779356694631608874161005084957309919e-28
    -4.0389678347315804437080502542478654959e-28
     -2.019483917365790221854025127123932748e-28
     -1.009741958682895110927012563561966374e-28
    -5.0487097934144755546350628178098318699e-29
     -2.524354896707237777317531408904915935e-29
    -1.2621774483536188886587657044524579675e-29
    -6.3108872417680944432938285222622898374e-30
    -3.1554436208840472216469142611311449187e-30
    -1.5777218104420236108234571305655724593e-30
    -7.8886090522101180541172856528278622967e-31
    -3.9443045261050590270586428264139311484e-31
    -1.9721522630525295135293214132069655742e-31
    -9.8607613152626475676466070660348278709e-32
    -4.9303806576313237838233035330174139355e-32
    -2.4651903288156618919116517665087069677e-32
    -1.2325951644078309459558258832543534839e-32
    -6.1629758220391547297791294162717674193e-33
    -3.0814879110195773648895647081358837097e-33
    -1.5407439555097886824447823540679418548e-33
    -7.7037197775489434122239117703397092742e-34
    -3.8518598887744717061119558851698546371e-34
    -1.9259299443872358530559779425849273185e-34
    -9.6296497219361792652798897129246365927e-35
    -4.8148248609680896326399448564623182963e-35
    -2.4074124304840448163199724282311591482e-35
    -1.2037062152420224081599862141155795741e-35
    -6.0185310762101120407999310705778978704e-36
    -3.0092655381050560203999655352889489352e-36
    -1.5046327690525280101999827676444744676e-36
     -7.523163845262640050999913838222372338e-37
