  10     0.00069703300817139369368002257870497142246
  11     0.00034502222236836349692832851804358355255
  12     0.00017138284585435376682525408437281205012
  13     8.5323908655930458698592175252231071903e-05
  14     4.2541493381780823053561234712306786623e-05
  15     2.1231085533000341393438673842496131923e-05
  16      1.060244203251431397849056293995710955e-05
  17     5.2968833575297124703850071894055091592e-06
  18     2.6470029788158788595395088722323033719e-06
  19     1.3230236947784899591656089479577424315e-06
  20     6.6135302073671077329873472397619846373e-07
  21     3.3062367677129058441694340561459808781e-07
  22      1.652942541579518967547515232943835334e-07
  23     8.2641272376357758435893038115941717716e-08
  24     4.1318686290136234691572883369799576162e-08
  25      2.065869359501103993493400335159946508e-08
  26     1.0329130384528033192626967725230588553e-08
  27     5.1644930804760726516334889758337600343e-09
  28     2.5822225094320892411358762313436710385e-09
  29     1.2911032460593604542982507919906116314e-09
  30     6.4554895388000302749458150645805273096e-10
  31      3.227735873239923723609806943242520687e-10
  32     1.6138649714844644279310694518938608602e-10
  33     8.0693149742649805125976340310965121059e-11
  34     4.0346541929035524093394604108435968304e-11
  35     2.0173259984146603323595179690381981659e-11
  36     1.0086626332047546120273245057102416384e-11
  37     5.0433119460396733286341970018183646889e-12
  38      2.521655566364590338540394769465784438e-12
  39     1.2608276476320762348498830217191472235e-12
  40     6.3041377863301422178644705655434391801e-13
  41     3.1520687425559474076869956135733354997e-13
  42     1.5760343210751714400825062870345557478e-13
  43     7.8801714380337803773902541249412748926e-14
  44     3.9400856632363472546442009390970411995e-14
  45     1.9700428130246966496268451306428274279e-14
  46     9.8502140031453199871201087249860249945e-15
  47     4.9251069809132955721477818964137589466e-15
  48      2.462553483570198811887907692843274098e-15
  49     1.2312767394896178727638221751793714474e-15
  50     6.1563836897964878987113383285669082723e-16
  51     3.0781918423477110390171808759510921297e-16
  52     1.5390959203236781105683072997420381775e-16
  53     7.6954795987844664259683332735707912538e-17
  54     3.8477397984475919797576423730920273575e-17
  55     1.9238698989089156144026373076766941664e-17
  56     9.6193494934949769094239274866891278508e-18
  57     4.8096747463976214227649912015312088835e-18
  58     2.4048373730821883729625216071401730901e-18
  59     1.2024186865022200750651880327752571833e-18
  60     6.0120934323815200074154893563387481759e-19
  61     3.0060467161475665486067080882626100336e-19
  62     1.5030233580593854561536200817480792193e-19
  63     7.5151167902489345541455157486324603748e-20
  64     3.7575583951084697016676950503447417647e-20
  65     1.8787791975489023257327762513556742301e-20
  66     9.3938959877267365450785178164612531335e-21
  67      4.696947993857443244698689623621777079e-21
  68     2.3484739969267466130744596812945972688e-21
  69     1.1742369984627149701135942879926884029e-21
  70     5.8711849923113803958258349911001028284e-22
  71     2.9355924961549587129997008608302743028e-22
  72     1.4677962480772355281956520975482112128e-22
  73     7.3389812403853648799647840749124672364e-23
  74     3.6694906201924115196446960740210613954e-23
  75     1.8347453100961154530431484260742092323e-23
  76     9.1737265504802762426184910361021076561e-24
  77     4.5868632752400377804435153888404995595e-24
  78     2.2934316376199854432665193769030497261e-24
  79     1.1467158188099815726481815140006800331e-24
  80     5.7335790940498706999573168169710900592e-25
  81     2.8667895470249229622174622812590195171e-25
  82     1.4333947735124573518549992958334281467e-25
  83      7.166973867562272995095890823878688187e-26
  84     3.5834869337811319094882436503511481181e-26
  85     1.7917434668905644253908879355231641189e-26
  86     8.9587173344528170291103267893002592569e-27
  87     4.4793586672264068152737924511763937981e-27
  88     2.2396793336132028412097725825881477762e-27
  89     1.1198396668066012317958450781668565523e-27
  90     5.5991983340330055296157546834255559049e-28
  91     2.7995991670165025550200537733303683993e-28
  92      1.399799583508251207580752364059505865e-28
  93     6.9989979175412558048061800787497470009e-29
  94     3.4994989587706278247038961256433990901e-29
  95     1.7497494793853138864522167582739879994e-29
  96     8.7487473969265693459286461096178513225e-30
  97     4.3743736984632846441868438275766335559e-30
  98     2.1871868492316423125009288380488204393e-30
  99     1.0935934246158211530529667271123950309e-30
  100     5.4679671230791057546065079958581335026e-31
  101     2.7339835615395528737504787846951717782e-31
  102     1.3669917807697764356909809879364672924e-31
  103      6.834958903848882174507376924979057126e-32
  104     3.4174794519244410859378457909218811141e-32
  105     1.7087397259622205425303086716050861566e-32
  106     8.5436986298111027111894959451726529872e-33
  107     4.2718493149055513551073988349687514466e-33
  108     2.1359246574527756773912497049451884289e-33
  109     1.0679623287263878386414749482928662133e-33
  110     5.3398116436319391930268750608652404715e-34
  111     2.6699058218159695964532709702329240564e-34
  112     1.3349529109079847982065799650498968065e-34
  113     6.6747645545399239909660480916942670553e-35
  114      3.337382277269961995460740134662061309e-35
  115     1.6686911386349809977229420969360066084e-35
  116     8.3434556931749049885899505833632862888e-36
  117     4.1717278465874524942867219912427275767e-36
  118     2.0858639232937262471406098954750586033e-36
  119     1.0429319616468631235693879143554275743e-36
  120     5.2146598082343156178438827938367987833e-37
