# numer: (200743.12967246727,-60585.05038737422,-97955.331087777755,42012.698758410166,-4388.307379593507)
# denom: (-200817.88063012835,-38921.00764358732,-8933.3788071299496,-5186.3592530949536)


 0.0314159 -31.3103 -31.3181 0.00785684
 0.0628319 -15.3879 -15.3903 0.00243804
 0.0942478 -10.0724 -10.0733 0.000905067
 0.125664 -7.40902 -7.40933 0.000302529
 0.15708 -5.80685 -5.8069 4.41888e-05
 0.188496 -4.73553 -4.73547 -6.17638e-05
 0.219911 -3.96778 -3.96768 -9.47885e-05
 0.251327 -3.38994 -3.38984 -9.24902e-05
 0.282743 -2.93887 -2.93879 -7.40997e-05
 0.314159 -2.57669 -2.57664 -4.98492e-05
 0.345575 -2.27928 -2.27925 -2.52193e-05
 0.376991 -2.03056 -2.03056 -3.05064e-06
 0.408407 -1.81941 -1.81943 1.53309e-05
 0.439823 -1.63787 -1.6379 2.94802e-05
 0.471239 -1.48009 -1.48013 3.94617e-05
 0.502655 -1.34171 -1.34176 4.56246e-05
 0.534071 -1.21937 -1.21942 4.84646e-05
 0.565487 -1.11046 -1.11051 4.85375e-05
 0.596903 -1.01293 -1.01298 4.64053e-05
 0.628319 -0.925123 -0.925166 4.26036e-05
 0.659734 -0.8457 -0.845738 3.7622e-05
 0.69115 -0.773568 -0.7736 3.18938e-05
 0.722566 -0.707818 -0.707844 2.5792e-05
 0.753982 -0.647695 -0.647715 1.96279e-05
 0.785398 -0.59256 -0.592574 1.36541e-05
 0.816814 -0.541874 -0.541882 8.06786e-06
 0.84823 -0.495173 -0.495176 3.01567e-06
 0.879646 -0.45206 -0.452059 -1.40108e-06
 0.911062 -0.412193 -0.412187 -5.12077e-06
 0.942478 -0.37527 -0.375262 -8.11591e-06
 0.973894 -0.341032 -0.341021 -1.03878e-05
 1.00531 -0.309246 -0.309234 -1.19613e-05
 1.03673 -0.279711 -0.279698 -1.28801e-05
 1.06814 -0.252245 -0.252232 -1.32023e-05
 1.09956 -0.226687 -0.226674 -1.29964e-05
 1.13097 -0.202893 -0.20288 -1.23375e-05
 1.16239 -0.180733 -0.180722 -1.13046e-05
 1.19381 -0.160091 -0.160081 -9.97734e-06
 1.22522 -0.140861 -0.140852 -8.43402e-06
 1.25664 -0.122945 -0.122939 -6.74952e-06
 1.28805 -0.106258 -0.106253 -4.99377e-06
 1.31947 -0.0907185 -0.0907153 -3.23047e-06
 1.35088 -0.076253 -0.0762515 -1.51621e-06
 1.3823 -0.062794 -0.0627941 1.00176e-07
 1.41372 -0.0502794 -0.050281 1.57796e-06
 1.44513 -0.0386514 -0.0386543 2.88468e-06
 1.47655 -0.0278568 -0.0278607 3.99603e-06
 1.50796 -0.0178459 -0.0178508 4.89564e-06
 1.53938 -0.00857261 -0.00857819 5.57466e-06
 1.5708 6.03123e-06 -1.60695e-17 6.03123e-06
 1.60221 0.00793027 0.007924 6.26989e-06
 1.63363 0.0152377 0.0152314 6.30079e-06
 1.66504 0.0219638 0.0219576 6.13902e-06
 1.69646 0.0281415 0.0281357 5.80375e-06
 1.72788 0.0338021 0.0337967 5.31742e-06
 1.75929 0.0389749 0.0389702 4.70495e-06
 1.79071 0.0436877 0.0436837 3.99289e-06
 1.82212 0.0479667 0.0479635 3.20867e-06
 1.85354 0.0518366 0.0518342 2.37988e-06
 1.88496 0.0553208 0.0553193 1.53351e-06
 1.91637 0.0584415 0.0584408 6.95411e-07
 1.94779 0.0612198 0.0612199 -1.10358e-07
 1.9792 0.0636755 0.0636764 -8.61968e-07
 2.01062 0.0658276 0.0658292 -1.54027e-06
 2.04204 0.0676942 0.0676964 -2.12911e-06
 2.07345 0.0692923 0.0692949 -2.61564e-06
 2.10487 0.0706382 0.0706412 -2.99045e-06
 2.13628 0.0717474 0.0717506 -3.24769e-06
 2.1677 0.0726345 0.0726379 -3.38511e-06
 2.19911 0.0733137 0.0733171 -3.40398e-06
 2.23053 0.0737982 0.0738015 -3.30898e-06
 2.26195 0.0741008 0.0741039 -3.10802e-06
 2.29336 0.0742335 0.0742363 -2.81193e-06
 2.32478 0.0742079 0.0742103 -2.4342e-06
 2.35619 0.074035 0.074037 -1.99055e-06
 2.38761 0.0737252 0.0737267 -1.49854e-06
 2.41903 0.0732885 0.0732894 -9.77086e-07
 2.45044 0.0727343 0.0727347 -4.4594e-07
 2.48186 0.0720717 0.0720716 7.48362e-08
 2.51327 0.0713092 0.0713087 5.6545e-07
 2.54469 0.0704551 0.0704541 1.00696e-06
 2.57611 0.0695171 0.0695158 1.3819e-06
 2.60752 0.0685027 0.068501 1.67486e-06
 2.63894 0.0674188 0.0674169 1.87313e-06
 2.67035 0.0662721 0.0662701 1.9673e-06
 2.70177 0.0650689 0.065067 1.9519e-06
 2.73319 0.0638154 0.0638136 1.82593e-06
 2.7646 0.0625172 0.0625156 1.59352e-06
 2.79602 0.0611797 0.0611784 1.26444e-06
 2.82743 0.0598081 0.0598073 8.54632e-07
 2.85885 0.0584073 0.0584069 3.86758e-07
 2.89027 0.0569818 0.0569819 -1.0936e-07
 2.92168 0.055536 0.0555366 -5.96281e-07
 2.9531 0.0540741 0.0540752 -1.02854e-06
 2.98451 0.0526 0.0526013 -1.35229e-06
 3.01593 0.0511172 0.0511187 -1.50494e-06
 3.04734 0.0496294 0.0496308 -1.41493e-06
 3.07876 0.0481397 0.0481407 -1.00141e-06
 3.11018 0.0466512 0.0466514 -1.74098e-07
 3.14159 0.0451669 0.0451657 1.1669e-06
# numer: (-1079131.7911919132,1415264.2198570815,-438520.10227247525,-50301.328934890313,21390.944197490851)
# denom: (1078980.2595621441,-867874.29970494343,376707.32554677606,-165503.09480157663)


 0.0314159 -31.3173 -31.3181 0.000816635
 0.0628319 -15.3889 -15.3903 0.00141688
 0.0942478 -10.0725 -10.0733 0.000794186
 0.125664 -7.40928 -7.40933 4.64989e-05
 0.15708 -5.80752 -5.8069 -0.000622358
 0.188496 -4.73663 -4.73547 -0.0011575
 0.219911 -3.96923 -3.96768 -0.00154647
 0.251327 -3.39164 -3.38984 -0.00179248
 0.282743 -2.9407 -2.93879 -0.00190549
 0.314159 -2.57853 -2.57664 -0.00189853
 0.345575 -2.28104 -2.27925 -0.00178605
 0.376991 -2.03214 -2.03056 -0.00158297
 0.408407 -1.82073 -1.81943 -0.00130421
 0.439823 -1.63886 -1.6379 -0.000964372
 0.471239 -1.48071 -1.48013 -0.000577529
 0.502655 -1.34191 -1.34176 -0.00015708
 0.534071 -1.21913 -1.21942 0.000284342
 0.565487 -1.10978 -1.11051 0.000734946
 0.596903 -1.01179 -1.01298 0.00118382
 0.628319 -0.923545 -0.925166 0.00162097
 0.659734 -0.843701 -0.845738 0.00203732
 0.69115 -0.771175 -0.7736 0.00242472
 0.722566 -0.705068 -0.707844 0.00277593
 0.753982 -0.64463 -0.647715 0.00308457
 0.785398 -0.589229 -0.592574 0.00334512
 0.816814 -0.538329 -0.541882 0.00355284
 0.84823 -0.491472 -0.495176 0.00370371
 0.879646 -0.448265 -0.452059 0.00379437
 0.911062 -0.408365 -0.412187 0.00382201
 0.942478 -0.371478 -0.375262 0.00378426
 0.973894 -0.337342 -0.341021 0.00367909
 1.00531 -0.30573 -0.309234 0.00350461
 1.03673 -0.276439 -0.279698 0.00325894
 1.06814 -0.249292 -0.252232 0.00293991
 1.09956 -0.224129 -0.226674 0.00254476
 1.13097 -0.200811 -0.20288 0.00206977
 1.16239 -0.179212 -0.180722 0.00150959
 1.19381 -0.159225 -0.160081 0.000856476
 1.22522 -0.140753 -0.140852 9.89694e-05
 1.25664 -0.123719 -0.122939 -0.000780056
 1.28805 -0.10806 -0.106253 -0.00180665
 1.31947 -0.0937367 -0.0907153 -0.00302141
 1.35088 -0.0807412 -0.0762515 -0.00448971
 1.3823 -0.0691162 -0.0627941 -0.00632206
 1.41372 -0.058999 -0.050281 -0.00871804
 1.44513 -0.0507284 -0.0386543 -0.0120741
 1.47655 -0.0451586 -0.0278607 -0.0172978
 1.50796 -0.0448576 -0.0178508 -0.0270068
 1.53938 -0.0616636 -0.00857819 -0.0530854
 1.5708 -0.469399 -1.60695e-17 -0.469399
 1.60221 0.079739 0.007924 0.071815
 1.63363 0.0485426 0.0152314 0.0333112
 1.66504 0.0433239 0.0219576 0.0213663
 1.69646 0.0435319 0.0281357 0.0153962
 1.72788 0.0455269 0.0337967 0.0117302
 1.75929 0.0481707 0.0389702 0.00920051
 1.79071 0.051004 0.0436837 0.00732028
 1.82212 0.0538143 0.0479635 0.00585075
 1.85354 0.0564954 0.0518342 0.00466121
 1.88496 0.0589935 0.0553193 0.0036742
 1.91637 0.0612817 0.0584408 0.00284089
 1.94779 0.0633488 0.0612199 0.00212896
 1.9792 0.0651925 0.0636764 0.0015161
 2.01062 0.0668155 0.0658292 0.000986331
 2.04204 0.0682242 0.0676964 0.000527862
 2.07345 0.0694266 0.0692949 0.000131687
 2.10487 0.0704319 0.0706412 -0.00020926
 2.13628 0.0712499 0.0717506 -0.000500686
 2.1677 0.0718906 0.0726379 -0.000747325
 2.19911 0.0723639 0.0733171 -0.000953204
 2.23053 0.0726797 0.0738015 -0.00112183
 2.26195 0.0728475 0.0741039 -0.00125634
 2.29336 0.0728768 0.0742363 -0.00135956
 2.32478 0.0727762 0.0742103 -0.00143411
 2.35619 0.0725545 0.074037 -0.00148243
 2.38761 0.0722198 0.0737267 -0.00150685
 2.41903 0.0717799 0.0732894 -0.00150956
 2.45044 0.071242 0.0727347 -0.00149269
 2.48186 0.0706133 0.0720716 -0.00145828
 2.51327 0.0699004 0.0713087 -0.00140831
 2.54469 0.0691094 0.0704541 -0.00134471
 2.57611 0.0682464 0.0695158 -0.00126935
 2.60752 0.067317 0.068501 -0.00118404
 2.63894 0.0663263 0.0674169 -0.00109057
 2.67035 0.0652794 0.0662701 -0.000990643
 2.70177 0.064181 0.065067 -0.000885942
 2.73319 0.0630355 0.0638136 -0.000778087
 2.7646 0.0618469 0.0625156 -0.000668652
 2.79602 0.0606193 0.0611784 -0.000559158
 2.82743 0.0593562 0.0598073 -0.000451072
 2.85885 0.0580611 0.0584069 -0.000345808
 2.89027 0.0567372 0.0569819 -0.000244725
 2.92168 0.0553875 0.0555366 -0.000149125
 2.9531 0.0540149 0.0540752 -6.02526e-05
 2.98451 0.052622 0.0526013 2.07046e-05
 3.01593 0.0512114 0.0511187 9.26192e-05
 3.04734 0.0497852 0.0496308 0.000154422
 3.07876 0.0483458 0.0481407 0.000205106
 3.11018 0.0468951 0.0466514 0.00024372
 3.14159 0.0454351 0.0451657 0.000269376
# numer: (-3046.1847898776095,5694.9067141280666,-3812.061253622503,1085.965464126871,-115.40777470396459)
# denom: (2948.1537936588538,-3490.5542000891651,1418.1624207409845,-263.76154155318198)


 0.0314159 -32.1798 -31.3181 -0.861614
 0.0628319 -15.7338 -15.3903 -0.343453
 0.0942478 -10.2509 -10.0733 -0.177645
 0.125664 -7.50891 -7.40933 -0.0995853
 0.15708 -5.86326 -5.8069 -0.056357
 0.188496 -4.7658 -4.73547 -0.0303251
 0.219911 -3.98162 -3.96768 -0.0139352
 0.251327 -3.39326 -3.38984 -0.00341378
 0.282743 -2.93546 -2.93879 0.00333236
 0.314159 -2.56908 -2.57664 0.00755572
 0.345575 -2.2692 -2.27925 0.0100501
 0.376991 -2.01922 -2.03056 0.0113416
 0.408407 -1.80764 -1.81943 0.0117913
 0.439823 -1.62624 -1.6379 0.011654
 0.471239 -1.46902 -1.48013 0.0111137
 0.502655 -1.33145 -1.34176 0.0103056
 0.534071 -1.21009 -1.21942 0.00932998
 0.565487 -1.10225 -1.11051 0.00826231
 0.596903 -1.00582 -1.01298 0.00715936
 0.628319 -0.919102 -0.925166 0.00606396
 0.659734 -0.84073 -0.845738 0.00500821
 0.69115 -0.769584 -0.7736 0.00401589
 0.722566 -0.70474 -0.707844 0.00310425
 0.753982 -0.645429 -0.647715 0.00228534
 0.785398 -0.591007 -0.592574 0.00156701
 0.816814 -0.540928 -0.541882 0.000953761
 0.84823 -0.494728 -0.495176 0.000447365
 0.879646 -0.452012 -0.452059 4.73507e-05
 0.911062 -0.412436 -0.412187 -0.000248563
 0.942478 -0.375706 -0.375262 -0.000444127
 0.973894 -0.341565 -0.341021 -0.00054427
 1.00531 -0.309789 -0.309234 -0.000554853
 1.03673 -0.28018 -0.279698 -0.000482442
 1.06814 -0.252566 -0.252232 -0.000334105
 1.09956 -0.226791 -0.226674 -0.000117221
 1.13097 -0.20272 -0.20288 0.000160724
 1.16239 -0.18023 -0.180722 0.000492351
 1.19381 -0.15921 -0.160081 0.00087065
 1.22522 -0.139563 -0.140852 0.00128934
 1.25664 -0.121195 -0.122939 0.00174338
 1.28805 -0.104023 -0.106253 0.00222989
 1.31947 -0.0879655 -0.0907153 0.00274979
 1.35088 -0.0729401 -0.0762515 0.00331136
 1.3823 -0.0588555 -0.0627941 0.00393867
 1.41372 -0.0455847 -0.050281 0.00469621
 1.44513 -0.0328728 -0.0386543 0.00578151
 1.47655 -0.0197614 -0.0278607 0.00809932
 1.50796 0.0182763 -0.0178508 0.0361271
 1.53938 -0.0100656 -0.00857819 -0.00148743
 1.5708 0.00189732 -1.60695e-17 0.00189732
 1.60221 0.0109312 0.007924 0.00300721
 1.63363 0.0188098 0.0152314 0.00357839
 1.66504 0.0258699 0.0219576 0.0039123
 1.69646 0.0322391 0.0281357 0.00410343
 1.72788 0.0379877 0.0337967 0.00419099
 1.75929 0.0431648 0.0389702 0.00419457
 1.79071 0.0478094 0.0436837 0.00412562
 1.82212 0.0519554 0.0479635 0.00399186
 1.85354 0.0556335 0.0518342 0.00379928
 1.88496 0.0588724 0.0553193 0.00355311
 1.91637 0.0616991 0.0584408 0.00325827
 1.94779 0.0641396 0.0612199 0.00291967
 1.9792 0.0662187 0.0636764 0.00254229
 2.01062 0.0679605 0.0658292 0.0021313
 2.04204 0.0693884 0.0676964 0.00169201
 2.07345 0.0705249 0.0692949 0.00122992
 2.10487 0.0713919 0.0706412 0.000750677
 2.13628 0.0720107 0.0717506 0.000260022
 2.1677 0.0724017 0.0726379 -0.000236219
 2.19911 0.0725849 0.0733171 -0.000732198
 2.23053 0.0725794 0.0738015 -0.00122208
 2.26195 0.0724038 0.0741039 -0.00170009
 2.29336 0.0720757 0.0742363 -0.00216057
 2.32478 0.0716123 0.0742103 -0.002598
 2.35619 0.0710299 0.074037 -0.00300704
 2.38761 0.0703441 0.0737267 -0.00338259
 2.41903 0.0695696 0.0732894 -0.00371978
 2.45044 0.0687207 0.0727347 -0.00401406
 2.48186 0.0678104 0.0720716 -0.00426115
 2.51327 0.0668515 0.0713087 -0.00445712
 2.54469 0.0658557 0.0704541 -0.00459839
 2.57611 0.064834 0.0695158 -0.00468172
 2.60752 0.0637968 0.068501 -0.00470423
 2.63894 0.0627534 0.0674169 -0.00466345
 2.67035 0.0617129 0.0662701 -0.00455724
 2.70177 0.0606831 0.065067 -0.00438383
 2.73319 0.0596717 0.0638136 -0.00414184
 2.7646 0.0586854 0.0625156 -0.00383023
 2.79602 0.0577302 0.0611784 -0.00344829
 2.82743 0.0568116 0.0598073 -0.00299566
 2.85885 0.0559346 0.0584069 -0.00247228
 2.89027 0.0551035 0.0569819 -0.0018784
 2.92168 0.0543221 0.0555366 -0.00121455
 2.9531 0.0535937 0.0540752 -0.000481515
 2.98451 0.052921 0.0526013 0.000319675
 3.01593 0.0523065 0.0511187 0.00118776
 3.04734 0.0517521 0.0496308 0.00212128
 3.07876 0.0512593 0.0481407 0.0031186
 3.11018 0.0508293 0.0466514 0.0041779
 3.14159 0.050463 0.0451657 0.00529725
# numer: (-8136.5826262645751,67281.969066398509,-91600.073694660474,42240.674083993013,-6321.8186361165135)
# denom: (8003.9069136418348,-60333.817010924671,42202.15565279896,-7910.52351060211)


 0.0314159 -31.6348 -31.3181 -0.316618
 0.0628319 -15.4891 -15.3903 -0.0987675
 0.0942478 -10.1693 -10.0733 -0.0960606
 0.125664 -7.75791 -7.40933 -0.34858
 0.15708 -4.56506 -5.8069 1.24184
 0.188496 -4.32217 -4.73547 0.413302
 0.219911 -3.6628 -3.96768 0.304882
 0.251327 -3.12885 -3.38984 0.260992
 0.282743 -2.70293 -2.93879 0.235868
 0.314159 -2.35803 -2.57664 0.218608
 0.345575 -2.07386 -2.27925 0.20539
 0.376991 -1.83599 -2.03056 0.19457
 0.408407 -1.63409 -1.81943 0.185336
 0.439823 -1.46065 -1.6379 0.17725
 0.471239 -1.31007 -1.48013 0.170058
 0.502655 -1.17815 -1.34176 0.163603
 0.534071 -1.06164 -1.21942 0.157782
 0.565487 -0.957988 -1.11051 0.152526
 0.596903 -0.865194 -1.01298 0.147785
 0.628319 -0.781643 -0.925166 0.143522
 0.659734 -0.706028 -0.845738 0.13971
 0.69115 -0.637275 -0.7736 0.136324
 0.722566 -0.574498 -0.707844 0.133346
 0.753982 -0.516957 -0.647715 0.130758
 0.785398 -0.464029 -0.592574 0.128545
 0.816814 -0.41519 -0.541882 0.126692
 0.84823 -0.369989 -0.495176 0.125187
 0.879646 -0.328043 -0.452059 0.124016
 0.911062 -0.28902 -0.412187 0.123167
 0.942478 -0.252635 -0.375262 0.122627
 0.973894 -0.218637 -0.341021 0.122384
 1.00531 -0.18681 -0.309234 0.122424
 1.03673 -0.156962 -0.279698 0.122736
 1.06814 -0.128926 -0.252232 0.123305
 1.09956 -0.102554 -0.226674 0.12412
 1.13097 -0.0777154 -0.20288 0.125165
 1.16239 -0.0542945 -0.180722 0.126427
 1.19381 -0.0321888 -0.160081 0.127892
 1.22522 -0.0113077 -0.140852 0.129544
 1.25664 0.00842956 -0.122939 0.131368
 1.28805 0.0270942 -0.106253 0.133347
 1.31947 0.0447493 -0.0907153 0.135465
 1.35088 0.0614502 -0.0762515 0.137702
 1.3823 0.0772453 -0.0627941 0.140039
 1.41372 0.0921768 -0.050281 0.142458
 1.44513 0.10628 -0.0386543 0.144935
 1.47655 0.119586 -0.0278607 0.147447
 1.50796 0.132119 -0.0178508 0.149969
 1.53938 0.143897 -0.00857819 0.152475
 1.5708 0.154934 -1.60695e-17 0.154934
 1.60221 0.165238 0.007924 0.157314
 1.63363 0.17481 0.0152314 0.159578
 1.66504 0.183646 0.0219576 0.161689
 1.69646 0.191737 0.0281357 0.163601
 1.72788 0.199063 0.0337967 0.165266
 1.75929 0.205599 0.0389702 0.166629
 1.79071 0.211311 0.0436837 0.167628
 1.82212 0.216156 0.0479635 0.168193
 1.85354 0.220079 0.0518342 0.168245
 1.88496 0.223014 0.0553193 0.167695
 1.91637 0.224882 0.0584408 0.166441
 1.94779 0.225586 0.0612199 0.164366
 1.9792 0.225017 0.0636764 0.161341
 2.01062 0.223044 0.0658292 0.157215
 2.04204 0.219517 0.0676964 0.15182
 2.07345 0.214264 0.0692949 0.144969
 2.10487 0.207096 0.0706412 0.136454
 2.13628 0.197799 0.0717506 0.126048
 2.1677 0.18615 0.0726379 0.113512
 2.19911 0.171916 0.0733171 0.0985989
 2.23053 0.154876 0.0738015 0.0810747
 2.26195 0.134841 0.0741039 0.0607374
 2.29336 0.11169 0.0742363 0.0374542
 2.32478 0.0854195 0.0742103 0.0112092
 2.35619 0.0562025 0.074037 -0.0178345
 2.38761 0.0244636 0.0737267 -0.0492631
 2.41903 -0.00905233 0.0732894 -0.0823418
 2.45044 -0.0432295 0.0727347 -0.115964
 2.48186 -0.0765791 0.0720716 -0.148651
 2.51327 -0.107315 0.0713087 -0.178623
 2.54469 -0.133522 0.0704541 -0.203976
 2.57611 -0.153409 0.0695158 -0.222924
 2.60752 -0.165585 0.068501 -0.234086
 2.63894 -0.169295 0.0674169 -0.236712
 2.67035 -0.164524 0.0662701 -0.230794
 2.70177 -0.151955 0.065067 -0.217022
 2.73319 -0.13279 0.0638136 -0.196604
 2.7646 -0.108519 0.0625156 -0.171035
 2.79602 -0.0806825 0.0611784 -0.141861
 2.82743 -0.0507004 0.0598073 -0.110508
 2.85885 -0.0197694 0.0584069 -0.0781763
 2.89027 0.0111753 0.0569819 -0.0458066
 2.92168 0.0414517 0.0555366 -0.0140849
 2.9531 0.0705974 0.0540752 0.0165222
 2.98451 0.0983267 0.0526013 0.0457253
 3.01593 0.124487 0.0511187 0.0733687
 3.04734 0.149024 0.0496308 0.0993935
 3.07876 0.171948 0.0481407 0.123807
 3.11018 0.193312 0.0466514 0.14666
 3.14159 0.213196 0.0451657 0.16803
# numer: (-863.62539743870104,1809.7014881876496,-1358.606611538386,436.00065538696299,-50.509247016123567)
# denom: (767.24617383100281,-633.22631968173118,112.36746842261527,4.3825388024715721)


 0.0314159 -34.4132 -31.3181 -3.09503
 0.0628319 -16.5118 -15.3903 -1.12146
 0.0942478 -10.5535 -10.0733 -0.480213
 0.125664 -7.58099 -7.40933 -0.171658
 0.15708 -5.80277 -5.8069 0.00412921
 0.188496 -4.62168 -4.73547 0.113788
 0.219911 -3.78181 -3.96768 0.185876
 0.251327 -3.15517 -3.38984 0.23467
 0.282743 -2.67069 -2.93879 0.268102
 0.314159 -2.28571 -2.57664 0.290926
 0.345575 -1.97308 -2.27925 0.306168
 0.376991 -1.71472 -2.03056 0.315842
 0.408407 -1.49809 -1.81943 0.321342
 0.439823 -1.31424 -1.6379 0.32366
 0.471239 -1.15661 -1.48013 0.323524
 0.502655 -1.02028 -1.34176 0.321477
 0.534071 -0.901486 -1.21942 0.317933
 0.565487 -0.797302 -1.11051 0.313212
 0.596903 -0.705414 -1.01298 0.307564
 0.628319 -0.623975 -0.925166 0.301191
 0.659734 -0.551488 -0.845738 0.294251
 0.69115 -0.486726 -0.7736 0.286873
 0.722566 -0.428679 -0.707844 0.279165
 0.753982 -0.376503 -0.647715 0.271211
 0.785398 -0.32949 -0.592574 0.263084
 0.816814 -0.287039 -0.541882 0.254843
 0.84823 -0.24864 -0.495176 0.246536
 0.879646 -0.213854 -0.452059 0.238205
 0.911062 -0.182303 -0.412187 0.229885
 0.942478 -0.153659 -0.375262 0.221603
 0.973894 -0.127636 -0.341021 0.213385
 1.00531 -0.103984 -0.309234 0.205251
 1.03673 -0.0824809 -0.279698 0.197217
 1.06814 -0.0629328 -0.252232 0.189299
 1.09956 -0.0451655 -0.226674 0.181508
 1.13097 -0.029024 -0.20288 0.173856
 1.16239 -0.0143691 -0.180722 0.166353
 1.19381 -0.00107515 -0.160081 0.159006
 1.22522 0.0109719 -0.140852 0.151824
 1.25664 0.0218763 -0.122939 0.144815
 1.28805 0.0317342 -0.106253 0.137987
 1.31947 0.0406349 -0.0907153 0.13135
 1.35088 0.0486629 -0.0762515 0.124914
 1.3823 0.0558987 -0.0627941 0.118693
 1.41372 0.0624213 -0.050281 0.112702
 1.44513 0.0683095 -0.0386543 0.106964
 1.47655 0.073645 -0.0278607 0.101506
 1.50796 0.0785157 -0.0178508 0.0963665
 1.53938 0.0830208 -0.00857819 0.091599
 1.5708 0.0872781 -1.60695e-17 0.0872781
 1.60221 0.0914364 0.007924 0.0835124
 1.63363 0.0956958 0.0152314 0.0804643
 1.66504 0.100345 0.0219576 0.0783869
 1.69646 0.105829 0.0281357 0.0776938
 1.72788 0.112904 0.0337967 0.0791074
 1.75929 0.122977 0.0389702 0.0840067
 1.79071 0.139064 0.0436837 0.0953807
 1.82212 0.169088 0.0479635 0.121124
 1.85354 0.242867 0.0518342 0.191033
 1.88496 0.65913 0.0553193 0.603811
 1.91637 -0.42985 0.0584408 -0.48829
 1.94779 -0.123848 0.0612199 -0.185068
 1.9792 -0.0601409 0.0636764 -0.123817
 2.01062 -0.0346323 0.0658292 -0.100461
 2.04204 -0.0223829 0.0676964 -0.0900792
 2.07345 -0.0164029 0.0692949 -0.0856978
 2.10487 -0.0139653 0.0706412 -0.0846065
 2.13628 -0.0137865 0.0717506 -0.0855371
 2.1677 -0.0151843 0.0726379 -0.0878222
 2.19911 -0.0177642 0.0733171 -0.0910813
 2.23053 -0.021285 0.0738015 -0.0950865
 2.26195 -0.0255933 0.0741039 -0.0996971
 2.29336 -0.0305906 0.0742363 -0.104827
 2.32478 -0.0362148 0.0742103 -0.110425
 2.35619 -0.0424298 0.074037 -0.116467
 2.38761 -0.0492199 0.0737267 -0.122947
 2.41903 -0.0565867 0.0732894 -0.129876
 2.45044 -0.0645481 0.0727347 -0.137283
 2.48186 -0.0731391 0.0720716 -0.145211
 2.51327 -0.0824137 0.0713087 -0.153722
 2.54469 -0.0924494 0.0704541 -0.162903
 2.57611 -0.103353 0.0695158 -0.172869
 2.60752 -0.11527 0.068501 -0.183771
 2.63894 -0.128403 0.0674169 -0.19582
 2.67035 -0.14303 0.0662701 -0.2093
 2.70177 -0.159546 0.065067 -0.224613
 2.73319 -0.178526 0.0638136 -0.24234
 2.7646 -0.200837 0.0625156 -0.263353
 2.79602 -0.227841 0.0611784 -0.289019
 2.82743 -0.261806 0.0598073 -0.321613
 2.85885 -0.306808 0.0584069 -0.365215
 2.89027 -0.370959 0.0569819 -0.427941
 2.92168 -0.473041 0.0555366 -0.528577
 2.9531 -0.668625 0.0540752 -0.7227
 2.98451 -1.22647 0.0526013 -1.27907
 3.01593 -27.5438 0.0511187 -27.5949
 3.04734 1.11147 0.0496308 1.06184
 3.07876 0.477915 0.0481407 0.429775
 3.11018 0.26801 0.0466514 0.221359
 3.14159 0.160536 0.0451657 0.11537


 dev = 0.0328468
 200743 -60585.1 -97955.3 42012.7 -4388.31
 -200818 -38921 -8933.38 -5186.36


 0.0314159 -31.3103 -31.3181 0.00785684
 0.0628319 -15.3879 -15.3903 0.00243804
 0.0942478 -10.0724 -10.0733 0.000905067
 0.125664 -7.40902 -7.40933 0.000302529
 0.15708 -5.80685 -5.8069 4.41888e-05
 0.188496 -4.73553 -4.73547 -6.17638e-05
 0.219911 -3.96778 -3.96768 -9.47885e-05
 0.251327 -3.38994 -3.38984 -9.24902e-05
 0.282743 -2.93887 -2.93879 -7.40997e-05
 0.314159 -2.57669 -2.57664 -4.98492e-05
 0.345575 -2.27928 -2.27925 -2.52193e-05
 0.376991 -2.03056 -2.03056 -3.05064e-06
 0.408407 -1.81941 -1.81943 1.53309e-05
 0.439823 -1.63787 -1.6379 2.94802e-05
 0.471239 -1.48009 -1.48013 3.94617e-05
 0.502655 -1.34171 -1.34176 4.56246e-05
 0.534071 -1.21937 -1.21942 4.84646e-05
 0.565487 -1.11046 -1.11051 4.85375e-05
 0.596903 -1.01293 -1.01298 4.64053e-05
 0.628319 -0.925123 -0.925166 4.26036e-05
 0.659734 -0.8457 -0.845738 3.7622e-05
 0.69115 -0.773568 -0.7736 3.18938e-05
 0.722566 -0.707818 -0.707844 2.5792e-05
 0.753982 -0.647695 -0.647715 1.96279e-05
 0.785398 -0.59256 -0.592574 1.36541e-05
 0.816814 -0.541874 -0.541882 8.06786e-06
 0.84823 -0.495173 -0.495176 3.01567e-06
 0.879646 -0.45206 -0.452059 -1.40108e-06
 0.911062 -0.412193 -0.412187 -5.12077e-06
 0.942478 -0.37527 -0.375262 -8.11591e-06
 0.973894 -0.341032 -0.341021 -1.03878e-05
 1.00531 -0.309246 -0.309234 -1.19613e-05
 1.03673 -0.279711 -0.279698 -1.28801e-05
 1.06814 -0.252245 -0.252232 -1.32023e-05
 1.09956 -0.226687 -0.226674 -1.29964e-05
 1.13097 -0.202893 -0.20288 -1.23375e-05
 1.16239 -0.180733 -0.180722 -1.13046e-05
 1.19381 -0.160091 -0.160081 -9.97734e-06
 1.22522 -0.140861 -0.140852 -8.43402e-06
 1.25664 -0.122945 -0.122939 -6.74952e-06
 1.28805 -0.106258 -0.106253 -4.99377e-06
 1.31947 -0.0907185 -0.0907153 -3.23047e-06
 1.35088 -0.076253 -0.0762515 -1.51621e-06
 1.3823 -0.062794 -0.0627941 1.00176e-07
 1.41372 -0.0502794 -0.050281 1.57796e-06
 1.44513 -0.0386514 -0.0386543 2.88468e-06
 1.47655 -0.0278568 -0.0278607 3.99603e-06
 1.50796 -0.0178459 -0.0178508 4.89564e-06
 1.53938 -0.00857261 -0.00857819 5.57466e-06
 1.5708 6.03123e-06 -1.60695e-17 6.03123e-06
 1.60221 0.00793027 0.007924 6.26989e-06
 1.63363 0.0152377 0.0152314 6.30079e-06
 1.66504 0.0219638 0.0219576 6.13902e-06
 1.69646 0.0281415 0.0281357 5.80375e-06
 1.72788 0.0338021 0.0337967 5.31742e-06
 1.75929 0.0389749 0.0389702 4.70495e-06
 1.79071 0.0436877 0.0436837 3.99289e-06
 1.82212 0.0479667 0.0479635 3.20867e-06
 1.85354 0.0518366 0.0518342 2.37988e-06
 1.88496 0.0553208 0.0553193 1.53351e-06
 1.91637 0.0584415 0.0584408 6.95411e-07
 1.94779 0.0612198 0.0612199 -1.10358e-07
 1.9792 0.0636755 0.0636764 -8.61968e-07
 2.01062 0.0658276 0.0658292 -1.54027e-06
 2.04204 0.0676942 0.0676964 -2.12911e-06
 2.07345 0.0692923 0.0692949 -2.61564e-06
 2.10487 0.0706382 0.0706412 -2.99045e-06
 2.13628 0.0717474 0.0717506 -3.24769e-06
 2.1677 0.0726345 0.0726379 -3.38511e-06
 2.19911 0.0733137 0.0733171 -3.40398e-06
 2.23053 0.0737982 0.0738015 -3.30898e-06
 2.26195 0.0741008 0.0741039 -3.10802e-06
 2.29336 0.0742335 0.0742363 -2.81193e-06
 2.32478 0.0742079 0.0742103 -2.4342e-06
 2.35619 0.074035 0.074037 -1.99055e-06
 2.38761 0.0737252 0.0737267 -1.49854e-06
 2.41903 0.0732885 0.0732894 -9.77086e-07
 2.45044 0.0727343 0.0727347 -4.4594e-07
 2.48186 0.0720717 0.0720716 7.48362e-08
 2.51327 0.0713092 0.0713087 5.6545e-07
 2.54469 0.0704551 0.0704541 1.00696e-06
 2.57611 0.0695171 0.0695158 1.3819e-06
 2.60752 0.0685027 0.068501 1.67486e-06
 2.63894 0.0674188 0.0674169 1.87313e-06
 2.67035 0.0662721 0.0662701 1.9673e-06
 2.70177 0.0650689 0.065067 1.9519e-06
 2.73319 0.0638154 0.0638136 1.82593e-06
 2.7646 0.0625172 0.0625156 1.59352e-06
 2.79602 0.0611797 0.0611784 1.26444e-06
 2.82743 0.0598081 0.0598073 8.54632e-07
 2.85885 0.0584073 0.0584069 3.86758e-07
 2.89027 0.0569818 0.0569819 -1.0936e-07
 2.92168 0.055536 0.0555366 -5.96281e-07
 2.9531 0.0540741 0.0540752 -1.02854e-06
 2.98451 0.0526 0.0526013 -1.35229e-06
 3.01593 0.0511172 0.0511187 -1.50494e-06
 3.04734 0.0496294 0.0496308 -1.41493e-06
 3.07876 0.0481397 0.0481407 -1.00141e-06
 3.11018 0.0466512 0.0466514 -1.74098e-07
 3.14159 0.0451669 0.0451657 1.1669e-06
