# numer: (200743.12967246727,-60585.05038737422,-97955.331087777755,42012.698758410166,-4388.307379593507)
# denom: (-200817.88063012835,-38921.00764358732,-8933.3788071299496,-5186.3592530949536)


 0.0314159 -31.3152 -31.3181 0.00292343
 0.0628319 -15.3891 -15.3903 0.0012333
 0.0942478 -10.0729 -10.0733 0.00038262
 0.125664 -7.40931 -7.40933 1.61139e-05
 0.15708 -5.80703 -5.8069 -0.000134256
 0.188496 -4.73565 -4.73547 -0.000182256
 0.219911 -3.96786 -3.96768 -0.000180763
 0.251327 -3.39 -3.38984 -0.000156342
 0.282743 -2.93892 -2.93879 -0.000122979
 0.314159 -2.57672 -2.57664 -8.81604e-05
 0.345575 -2.27931 -2.27925 -5.58189e-05
 0.376991 -2.03059 -2.03056 -2.78679e-05
 0.408407 -1.81943 -1.81943 -5.05259e-06
 0.439823 -1.63788 -1.6379 1.25612e-05
 0.471239 -1.48011 -1.48013 2.52935e-05
 0.502655 -1.34172 -1.34176 3.36707e-05
 0.534071 -1.21938 -1.21942 3.83145e-05
 0.565487 -1.11047 -1.11051 3.98722e-05
 0.596903 -1.01294 -1.01298 3.89733e-05
 0.628319 -0.92513 -0.925166 3.62043e-05
 0.659734 -0.845706 -0.845738 3.20935e-05
 0.69115 -0.773572 -0.7736 2.71045e-05
 0.722566 -0.707822 -0.707844 2.16334e-05
 0.753982 -0.647699 -0.647715 1.60104e-05
 0.785398 -0.592564 -0.592574 1.05027e-05
 0.816814 -0.541876 -0.541882 5.31967e-06
 0.84823 -0.495175 -0.495176 6.175e-07
 0.879646 -0.452062 -0.452059 -3.49444e-06
 0.911062 -0.412194 -0.412187 -6.94793e-06
 0.942478 -0.375272 -0.375262 -9.71003e-06
 0.973894 -0.341033 -0.341021 -1.17774e-05
 1.00531 -0.309247 -0.309234 -1.31712e-05
 1.03673 -0.279712 -0.279698 -1.39318e-05
 1.06814 -0.252246 -0.252232 -1.41144e-05
 1.09956 -0.226688 -0.226674 -1.37853e-05
 1.13097 -0.202893 -0.20288 -1.30177e-05
 1.16239 -0.180734 -0.180722 -1.18885e-05
 1.19381 -0.160092 -0.160081 -1.04762e-05
 1.22522 -0.140861 -0.140852 -8.85754e-06
 1.25664 -0.122946 -0.122939 -7.10643e-06
 1.28805 -0.106258 -0.106253 -5.29174e-06
 1.31947 -0.0907187 -0.0907153 -3.47634e-06
 1.35088 -0.0762532 -0.0762515 -1.71603e-06
 1.3823 -0.0627942 -0.0627941 -5.90023e-08
 1.41372 -0.0502795 -0.050281 1.45462e-06
 1.44513 -0.0386515 -0.0386543 2.79289e-06
 1.47655 -0.0278568 -0.0278607 3.93196e-06
 1.50796 -0.0178459 -0.0178508 4.85587e-06
 1.53938 -0.00857263 -0.00857819 5.55614e-06
 1.5708 6.03125e-06 -1.60695e-17 6.03125e-06
 1.60221 0.00793029 0.007924 6.28599e-06
 1.63363 0.0152378 0.0152314 6.3308e-06
 1.66504 0.0219638 0.0219576 6.18099e-06
 1.69646 0.0281415 0.0281357 5.85594e-06
 1.72788 0.0338021 0.0337967 5.37827e-06
 1.75929 0.038975 0.0389702 4.77308e-06
 1.79071 0.0436878 0.0436837 4.06705e-06
 1.82212 0.0479668 0.0479635 3.28778e-06
 1.85354 0.0518367 0.0518342 2.46294e-06
 1.88496 0.0553209 0.0553193 1.61967e-06
 1.91637 0.0584416 0.0584408 7.83878e-07
 1.94779 0.0612199 0.0612199 -2.02593e-08
 1.9792 0.0636756 0.0636764 -7.70842e-07
 2.01062 0.0658277 0.0658292 -1.44864e-06
 2.04204 0.0676943 0.0676964 -2.03746e-06
 2.07345 0.0692924 0.0692949 -2.52437e-06
 2.10487 0.0706383 0.0706412 -2.89991e-06
 2.13628 0.0717475 0.0717506 -3.1582e-06
 2.1677 0.0726346 0.0726379 -3.29693e-06
 2.19911 0.0733138 0.0733171 -3.31733e-06
 2.23053 0.0737983 0.0738015 -3.22407e-06
 2.26195 0.0741009 0.0741039 -3.025e-06
 2.29336 0.0742336 0.0742363 -2.73093e-06
 2.32478 0.074208 0.0742103 -2.35533e-06
 2.35619 0.0740351 0.074037 -1.9139e-06
 2.38761 0.0737253 0.0737267 -1.42418e-06
 2.41903 0.0732885 0.0732894 -9.05064e-07
 2.45044 0.0727343 0.0727347 -3.76288e-07
 2.48186 0.0720717 0.0720716 1.421e-07
 2.51327 0.0713093 0.0713087 6.30317e-07
 2.54469 0.0704552 0.0704541 1.06944e-06
 2.57611 0.0695172 0.0695158 1.442e-06
 2.60752 0.0685027 0.068501 1.7326e-06
 2.63894 0.0674188 0.0674169 1.92854e-06
 2.67035 0.0662721 0.0662701 2.02042e-06
 2.70177 0.065069 0.065067 2.00276e-06
 2.73319 0.0638154 0.0638136 1.87459e-06
 2.7646 0.0625172 0.0625156 1.64002e-06
 2.79602 0.0611798 0.0611784 1.30883e-06
 2.82743 0.0598082 0.0598073 8.96979e-07
 2.85885 0.0584073 0.0584069 4.27112e-07
 2.89027 0.0569818 0.0569819 -7.09407e-08
 2.92168 0.0555361 0.0555366 -5.59736e-07
 2.9531 0.0540742 0.0540752 -9.93811e-07
 2.98451 0.0526 0.0526013 -1.31931e-06
 3.01593 0.0511173 0.0511187 -1.47366e-06
 3.04734 0.0496294 0.0496308 -1.38527e-06
 3.07876 0.0481397 0.0481407 -9.7332e-07
 3.11018 0.0466513 0.0466514 -1.47518e-07
 3.14159 0.0451669 0.0451657 1.19203e-06
# numer: (-1397425.2856747969,1558976.3397358339,-224861.25816487221,-200086.02666275555,45582.637001511248)
# denom: (1397262.4399056411,-854034.67405225011,322789.52648204332,-172021.69391570575)


 0.0314159 -31.3178 -31.3181 0.000356071
 0.0628319 -15.3896 -15.3903 0.000737722
 0.0942478 -10.0728 -10.0733 0.000489371
 0.125664 -7.40918 -7.40933 0.000144765
 0.15708 -5.80707 -5.8069 -0.000172218
 0.188496 -4.7359 -4.73547 -0.000425741
 0.219911 -3.96829 -3.96768 -0.000607182
 0.251327 -3.39056 -3.38984 -0.000718268
 0.282743 -2.93956 -2.93879 -0.000765108
 0.314159 -2.57739 -2.57664 -0.000755697
 0.345575 -2.27995 -2.27925 -0.000698739
 0.376991 -2.03116 -2.03056 -0.000603036
 0.408407 -1.8199 -1.81943 -0.000477154
 0.439823 -1.63823 -1.6379 -0.000329222
 0.471239 -1.4803 -1.48013 -0.000166819
 0.502655 -1.34175 -1.34176 3.10003e-06
 0.534071 -1.21924 -1.21942 0.00017424
 0.565487 -1.11017 -1.11051 0.000340984
 0.596903 -1.01248 -1.01298 0.000498398
 0.628319 -0.924524 -0.925166 0.000642223
 0.659734 -0.844969 -0.845738 0.000768857
 0.69115 -0.772724 -0.7736 0.000875331
 0.722566 -0.706885 -0.707844 0.000959284
 0.753982 -0.646696 -0.647715 0.00101893
 0.785398 -0.591521 -0.592574 0.001053
 0.816814 -0.540821 -0.541882 0.00106075
 0.84823 -0.494134 -0.495176 0.00104186
 0.879646 -0.451062 -0.452059 0.000996454
 0.911062 -0.411262 -0.412187 0.00092499
 0.942478 -0.374434 -0.375262 0.000828263
 0.973894 -0.340314 -0.341021 0.000707343
 1.00531 -0.308671 -0.309234 0.000563524
 1.03673 -0.2793 -0.279698 0.000398288
 1.06814 -0.252018 -0.252232 0.000213249
 1.09956 -0.226664 -0.226674 1.0109e-05
 1.13097 -0.20309 -0.20288 -0.000209392
 1.16239 -0.181165 -0.180722 -0.00044353
 1.19381 -0.160772 -0.160081 -0.000690653
 1.22522 -0.141801 -0.140852 -0.000949244
 1.25664 -0.124157 -0.122939 -0.00121801
 1.28805 -0.107749 -0.106253 -0.00149595
 1.31947 -0.0924978 -0.0907153 -0.00178253
 1.35088 -0.0783293 -0.0762515 -0.00207781
 1.3823 -0.0651769 -0.0627941 -0.00238275
 1.41372 -0.0529806 -0.050281 -0.00269961
 1.44513 -0.0416869 -0.0386543 -0.0030326
 1.47655 -0.0312498 -0.0278607 -0.0033891
 1.50796 -0.0216326 -0.0178508 -0.0037818
 1.53938 -0.0128113 -0.00857819 -0.00423309
 1.5708 -0.00478468 -1.60695e-17 -0.00478468
 1.60221 0.00240207 0.007924 -0.00552194
 1.63363 0.00858385 0.0152314 -0.00664759
 1.66504 0.0131749 0.0219576 -0.00878273
 1.69646 0.0129627 0.0281357 -0.015173
 1.72788 0.253057 0.0337967 0.21926
 1.75929 0.0469659 0.0389702 0.0079957
 1.79071 0.0462554 0.0436837 0.00257165
 1.82212 0.0486544 0.0479635 0.000690917
 1.85354 0.0515772 0.0518342 -0.000257044
 1.88496 0.0545031 0.0553193 -0.00081623
 1.91637 0.0572694 0.0584408 -0.00117143
 1.94779 0.0598169 0.0612199 -0.00140298
 1.9792 0.0621247 0.0636764 -0.00155168
 2.01062 0.0641885 0.0658292 -0.00164071
 2.04204 0.0660119 0.0676964 -0.0016844
 2.07345 0.0676026 0.0692949 -0.0016923
 2.10487 0.06897 0.0706412 -0.00167117
 2.13628 0.0701245 0.0717506 -0.00162609
 2.1677 0.0710769 0.0726379 -0.00156104
 2.19911 0.0718378 0.0733171 -0.00147933
 2.23053 0.0724177 0.0738015 -0.00138377
 2.26195 0.072827 0.0741039 -0.00127684
 2.29336 0.0730755 0.0742363 -0.0011608
 2.32478 0.0731726 0.0742103 -0.00103772
 2.35619 0.0731274 0.074037 -0.000909555
 2.38761 0.0729485 0.0737267 -0.000778149
 2.41903 0.0726442 0.0732894 -0.000645267
 2.45044 0.0722221 0.0727347 -0.000512603
 2.48186 0.0716898 0.0720716 -0.000381793
 2.51327 0.0710542 0.0713087 -0.000254414
 2.54469 0.0703221 0.0704541 -0.000131995
 2.57611 0.0694998 0.0695158 -1.60127e-05
 2.60752 0.0685931 0.068501 9.21043e-05
 2.63894 0.0676079 0.0674169 0.000190977
 2.67035 0.0665494 0.0662701 0.000279275
 2.70177 0.0654227 0.065067 0.00035572
 2.73319 0.0642327 0.0638136 0.000419081
 2.7646 0.0629838 0.0625156 0.000468183
 2.79602 0.0616803 0.0611784 0.000501902
 2.82743 0.0603264 0.0598073 0.000519168
 2.85885 0.0589259 0.0584069 0.000518964
 2.89027 0.0574822 0.0569819 0.000500331
 2.92168 0.055999 0.0555366 0.000462366
 2.9531 0.0544794 0.0540752 0.00040422
 2.98451 0.0529264 0.0526013 0.000325101
 3.01593 0.051343 0.0511187 0.000224277
 3.04734 0.0497319 0.0496308 0.00010107
 3.07876 0.0480956 0.0481407 -4.51399e-05
 3.11018 0.0464365 0.0466514 -0.000214918
 3.14159 0.0447569 0.0451657 -0.000408771
# numer: (-737.83292927393984,1900.8707327593218,-1713.7139626897585,638.52677272683195,-81.1697479970762)
# denom: (677.70927600195284,-1130.0823735784736,407.9784877239257,12.938852925505586)


 0.0314159 -32.0833 -31.3181 -0.765164
 0.0628319 -15.9352 -15.3903 -0.544892
 0.0942478 -10.3915 -10.0733 -0.318259
 0.125664 -7.59109 -7.40933 -0.181761
 0.15708 -5.90322 -5.8069 -0.0963174
 0.188496 -4.77595 -4.73547 -0.0404822
 0.219911 -3.97065 -3.96768 -0.00297176
 0.251327 -3.3673 -3.38984 0.0225452
 0.282743 -2.89894 -2.93879 0.0398569
 0.314159 -2.52528 -2.57664 0.0513555
 0.345575 -2.22063 -2.27925 0.0586184
 0.376991 -1.96784 -2.03056 0.0627233
 0.408407 -1.755 -1.81943 0.0644265
 0.439823 -1.57363 -1.6379 0.0642692
 0.471239 -1.41749 -1.48013 0.0626424
 0.502655 -1.28193 -1.34176 0.0598283
 0.534071 -1.16339 -1.21942 0.0560247
 0.565487 -1.05915 -1.11051 0.0513595
 0.596903 -0.967083 -1.01298 0.0458958
 0.628319 -0.885539 -0.925166 0.039627
 0.659734 -0.813279 -0.845738 0.0324592
 0.69115 -0.749431 -0.7736 0.0241688
 0.722566 -0.693534 -0.707844 0.0143102
 0.753982 -0.645712 -0.647715 0.00200225
 0.785398 -0.607203 -0.592574 -0.0146285
 0.816814 -0.582089 -0.541882 -0.0402071
 0.84823 -0.584941 -0.495176 -0.0897656
 0.879646 -0.706497 -0.452059 -0.254438
 0.911062 0.712161 -0.412187 1.12435
 0.942478 -0.160221 -0.375262 0.215041
 0.973894 -0.214925 -0.341021 0.126096
 1.00531 -0.218659 -0.309234 0.090575
 1.03673 -0.209192 -0.279698 0.0705058
 1.06814 -0.19515 -0.252232 0.057082
 1.09956 -0.179501 -0.226674 0.0471723
 1.13097 -0.163497 -0.20288 0.0393832
 1.16239 -0.147722 -0.180722 0.0329996
 1.19381 -0.132465 -0.160081 0.0276161
 1.22522 -0.117867 -0.140852 0.0229847
 1.25664 -0.103994 -0.122939 0.0189443
 1.28805 -0.0908685 -0.106253 0.0153846
 1.31947 -0.0784884 -0.0907153 0.0122268
 1.35088 -0.0668397 -0.0762515 0.00941179
 1.3823 -0.0559009 -0.0627941 0.00689323
 1.41372 -0.045648 -0.050281 0.00463298
 1.44513 -0.0360569 -0.0386543 0.00259742
 1.47655 -0.0271065 -0.0278607 0.000754271
 1.50796 -0.0187822 -0.0178508 -0.000931448
 1.53938 -0.0110825 -0.00857819 -0.0025043
 1.5708 -0.00403383 -1.60695e-17 -0.00403383
 1.60221 0.00226599 0.007924 -0.00565801
 1.63363 0.00748367 0.0152314 -0.00774778
 1.66504 0.0100154 0.0219576 -0.0119422
 1.69646 -0.0413346 0.0281357 -0.0694703
 1.72788 0.0380815 0.0337967 0.00428481
 1.75929 0.0377098 0.0389702 -0.00126036
 1.79071 0.040613 0.0436837 -0.00307074
 1.82212 0.0439903 0.0479635 -0.00397327
 1.85354 0.0473556 0.0518342 -0.00447868
 1.88496 0.0505647 0.0553193 -0.00475461
 1.91637 0.0535657 0.0584408 -0.00487514
 1.94779 0.0563398 0.0612199 -0.00488008
 1.9792 0.0588822 0.0636764 -0.00479415
 2.01062 0.0611947 0.0658292 -0.00463452
 2.04204 0.0632822 0.0676964 -0.00441418
 2.07345 0.0651513 0.0692949 -0.00414361
 2.10487 0.0668095 0.0706412 -0.00383171
 2.13628 0.0682644 0.0717506 -0.00348624
 2.1677 0.0695237 0.0726379 -0.0031142
 2.19911 0.0705951 0.0733171 -0.00272198
 2.23053 0.071486 0.0738015 -0.00231549
 2.26195 0.0722036 0.0741039 -0.00190024
 2.29336 0.0727549 0.0742363 -0.00148143
 2.32478 0.0731464 0.0742103 -0.00106393
 2.35619 0.0733846 0.074037 -0.000652374
 2.38761 0.0734755 0.0737267 -0.00025114
 2.41903 0.073425 0.0732894 0.000135619
 2.45044 0.0732387 0.0727347 0.00050396
 2.48186 0.0729217 0.0720716 0.000850144
 2.51327 0.0724793 0.0713087 0.00117063
 2.54469 0.0719162 0.0704541 0.00146205
 2.57611 0.071237 0.0695158 0.00172123
 2.60752 0.0704462 0.068501 0.00194516
 2.63894 0.0695479 0.0674169 0.002131
 2.67035 0.0685462 0.0662701 0.00227609
 2.70177 0.0674449 0.065067 0.00237791
 2.73319 0.0662477 0.0638136 0.00243409
 2.7646 0.064958 0.0625156 0.00244245
 2.79602 0.0635794 0.0611784 0.00240091
 2.82743 0.0621148 0.0598073 0.00230756
 2.85885 0.0605675 0.0584069 0.00216063
 2.89027 0.0589404 0.0569819 0.00195847
 2.92168 0.0572362 0.0555366 0.00169959
 2.9531 0.0554578 0.0540752 0.0013826
 2.98451 0.0536076 0.0526013 0.00100626
 3.01593 0.0516882 0.0511187 0.000569424
 3.04734 0.0497019 0.0496308 7.10887e-05
 3.07876 0.047651 0.0481407 -0.000489647
 3.11018 0.0455378 0.0466514 -0.00111357
 3.14159 0.0433643 0.0451657 -0.00180137
# numer: (-2128.6741371642406,6351.9916356704543,-6746.9388344536064,2995.040482988391,-457.95951822626432)
# denom: (2024.9145420734139,-4051.8890268152586,2277.349912293414,-361.47858241166546)


 0.0314159 -31.8969 -31.3181 -0.578738
 0.0628319 -15.5637 -15.3903 -0.173427
 0.0942478 -10.0645 -10.0733 0.00879857
 0.125664 -7.30554 -7.40933 0.103785
 0.15708 -5.64793 -5.8069 0.158968
 0.188496 -4.54247 -4.73547 0.193007
 0.219911 -3.75309 -3.96768 0.214596
 0.251327 -3.16154 -3.38984 0.228307
 0.282743 -2.70203 -2.93879 0.236766
 0.314159 -2.33505 -2.57664 0.241585
 0.345575 -2.03545 -2.27925 0.243802
 0.376991 -1.78645 -2.03056 0.244114
 0.408407 -1.57643 -1.81943 0.243002
 0.439823 -1.39709 -1.6379 0.240802
 0.471239 -1.24238 -1.48013 0.237754
 0.502655 -1.10773 -1.34176 0.234024
 0.534071 -0.989697 -1.21942 0.229722
 0.565487 -0.885603 -1.11051 0.22491
 0.596903 -0.793376 -1.01298 0.219603
 0.628319 -0.71141 -0.925166 0.213755
 0.659734 -0.638496 -0.845738 0.207243
 0.69115 -0.573806 -0.7736 0.199794
 0.722566 -0.517002 -0.707844 0.190842
 0.753982 -0.468631 -0.647715 0.179084
 0.785398 -0.431725 -0.592574 0.160849
 0.816814 -0.421333 -0.541882 0.120548
 0.84823 -0.717816 -0.495176 -0.22264
 0.879646 -0.133122 -0.452059 0.318937
 0.911062 -0.170975 -0.412187 0.241213
 0.942478 -0.159244 -0.375262 0.216019
 0.973894 -0.139645 -0.341021 0.201376
 1.00531 -0.118719 -0.309234 0.190515
 1.03673 -0.0983649 -0.279698 0.181333
 1.06814 -0.0792951 -0.252232 0.172936
 1.09956 -0.0618167 -0.226674 0.164857
 1.13097 -0.0460789 -0.20288 0.156802
 1.16239 -0.0321682 -0.180722 0.148554
 1.19381 -0.0201524 -0.160081 0.139929
 1.22522 -0.010104 -0.140852 0.130748
 1.25664 -0.00211579 -0.122939 0.120823
 1.28805 0.00368555 -0.106253 0.109939
 1.31947 0.00712541 -0.0907153 0.0978407
 1.35088 0.00796308 -0.0762515 0.0842145
 1.3823 0.00586684 -0.0627941 0.068661
 1.41372 0.000377457 -0.050281 0.0506584
 1.44513 -0.0091475 -0.0386543 0.0295068
 1.47655 -0.0236221 -0.0278607 0.00423865
 1.50796 -0.0443783 -0.0178508 -0.0265276
 1.53938 -0.0734198 -0.00857819 -0.0648417
 1.5708 -0.113888 -1.60695e-17 -0.113888
 1.60221 -0.170983 0.007924 -0.178907
 1.63363 -0.253949 0.0152314 -0.269181
 1.66504 -0.380931 0.0219576 -0.402889
 1.69646 -0.593008 0.0281357 -0.621144
 1.72788 -1.0071 0.0337967 -1.0409
 1.75929 -2.14069 0.0389702 -2.17966
 1.79071 -16.8546 0.0436837 -16.8983
 1.82212 3.79903 0.0479635 3.75107
 1.85354 1.91249 0.0518342 1.86065
 1.88496 1.35998 0.0553193 1.30466
 1.91637 1.09677 0.0584408 1.03833
 1.94779 0.942924 0.0612199 0.881705
 1.9792 0.841913 0.0636764 0.778237
 2.01062 0.770298 0.0658292 0.704469
 2.04204 0.716609 0.0676964 0.648913
 2.07345 0.674565 0.0692949 0.60527
 2.10487 0.640437 0.0706412 0.569796
 2.13628 0.611867 0.0717506 0.540117
 2.1677 0.58729 0.0726379 0.514652
 2.19911 0.565619 0.0733171 0.492302
 2.23053 0.546077 0.0738015 0.472276
 2.26195 0.528089 0.0741039 0.453985
 2.29336 0.511214 0.0742363 0.436978
 2.32478 0.495111 0.0742103 0.4209
 2.35619 0.479502 0.074037 0.405465
 2.38761 0.464158 0.0737267 0.390432
 2.41903 0.448887 0.0732894 0.375598
 2.45044 0.433519 0.0727347 0.360784
 2.48186 0.417901 0.0720716 0.345829
 2.51327 0.401892 0.0713087 0.330583
 2.54469 0.385358 0.0704541 0.314904
 2.57611 0.368168 0.0695158 0.298653
 2.60752 0.350191 0.068501 0.28169
 2.63894 0.33129 0.0674169 0.263873
 2.67035 0.311324 0.0662701 0.245054
 2.70177 0.29014 0.065067 0.225073
 2.73319 0.267575 0.0638136 0.203761
 2.7646 0.243445 0.0625156 0.18093
 2.79602 0.217549 0.0611784 0.156371
 2.82743 0.189658 0.0598073 0.129851
 2.85885 0.15951 0.0584069 0.101103
 2.89027 0.126806 0.0569819 0.0698236
 2.92168 0.0911954 0.0555366 0.0356587
 2.9531 0.0522707 0.0540752 -0.00180445
 2.98451 0.00954807 0.0526013 -0.0430533
 3.01593 -0.0375498 0.0511187 -0.0886685
 3.04734 -0.0897184 0.0496308 -0.139349
 3.07876 -0.147805 0.0481407 -0.195945
 3.11018 -0.212851 0.0466514 -0.259503
 3.14159 -0.286158 0.0451657 -0.331323
# numer: (-1514.5211740212108,3499.5208574319909,-2798.8527180617034,933.5793410018789,-111.14995398469063)
# denom: (1431.0033201450092,-1756.0409909762404,685.51228497618501,-85.742548032176344)


 0.0314159 -31.8078 -31.3181 -0.489641
 0.0628319 -15.5137 -15.3903 -0.123415
 0.0942478 -10.0034 -10.0733 0.0698821
 0.125664 -7.23372 -7.40933 0.175607
 0.15708 -5.5676 -5.8069 0.239302
 0.188496 -4.4553 -4.73547 0.280176
 0.219911 -3.66023 -3.96768 0.30745
 0.251327 -3.06378 -3.38984 0.326063
 0.282743 -2.59991 -2.93879 0.338885
 0.314159 -2.22894 -2.57664 0.347695
 0.345575 -1.9256 -2.27925 0.353652
 0.376991 -1.67302 -2.03056 0.357541
 0.408407 -1.45951 -1.81943 0.359914
 0.439823 -1.27673 -1.6379 0.361168
 0.471239 -1.11854 -1.48013 0.361594
 0.502655 -0.980344 -1.34176 0.361412
 0.534071 -0.85863 -1.21942 0.360789
 0.565487 -0.750659 -1.11051 0.359855
 0.596903 -0.65427 -1.01298 0.358708
 0.628319 -0.567737 -0.925166 0.357429
 0.659734 -0.489657 -0.845738 0.356081
 0.69115 -0.418888 -0.7736 0.354712
 0.722566 -0.354482 -0.707844 0.353362
 0.753982 -0.295653 -0.647715 0.352062
 0.785398 -0.241738 -0.592574 0.350837
 0.816814 -0.192176 -0.541882 0.349705
 0.84823 -0.146493 -0.495176 0.348683
 0.879646 -0.104278 -0.452059 0.34778
 0.911062 -0.0651815 -0.412187 0.347006
 0.942478 -0.0288972 -0.375262 0.346365
 0.973894 0.0048397 -0.341021 0.345861
 1.00531 0.0362609 -0.309234 0.345495
 1.03673 0.06557 -0.279698 0.345268
 1.06814 0.0929462 -0.252232 0.345178
 1.09956 0.118548 -0.226674 0.345222
 1.13097 0.142517 -0.20288 0.345398
 1.16239 0.164979 -0.180722 0.3457
 1.19381 0.186044 -0.160081 0.346126
 1.22522 0.205816 -0.140852 0.346668
 1.25664 0.224383 -0.122939 0.347322
 1.28805 0.24183 -0.106253 0.348083
 1.31947 0.25823 -0.0907153 0.348945
 1.35088 0.273653 -0.0762515 0.349904
 1.3823 0.288162 -0.0627941 0.350957
 1.41372 0.30182 -0.050281 0.352101
 1.44513 0.314686 -0.0386543 0.35334
 1.47655 0.32682 -0.0278607 0.354681
 1.50796 0.338291 -0.0178508 0.356142
 1.53938 0.349178 -0.00857819 0.357756
 1.5708 0.359595 -1.60695e-17 0.359595
 1.60221 0.369728 0.007924 0.361804
 1.63363 0.379945 0.0152314 0.364713
 1.66504 0.391201 0.0219576 0.369243
 1.69646 0.407212 0.0281357 0.379077
 1.72788 0.473961 0.0337967 0.440164
 1.75929 0.354658 0.0389702 0.315688
 1.79071 0.386507 0.0436837 0.342824
 1.82212 0.397784 0.0479635 0.34982
 1.85354 0.404953 0.0518342 0.353119
 1.88496 0.410323 0.0553193 0.355004
 1.91637 0.41457 0.0584408 0.35613
 1.94779 0.417966 0.0612199 0.356746
 1.9792 0.420639 0.0636764 0.356963
 2.01062 0.422658 0.0658292 0.356829
 2.04204 0.424061 0.0676964 0.356365
 2.07345 0.424869 0.0692949 0.355574
 2.10487 0.425093 0.0706412 0.354452
 2.13628 0.424736 0.0717506 0.352986
 2.1677 0.423799 0.0726379 0.351161
 2.19911 0.422277 0.0733171 0.34896
 2.23053 0.420161 0.0738015 0.34636
 2.26195 0.417444 0.0741039 0.34334
 2.29336 0.414115 0.0742363 0.339879
 2.32478 0.410164 0.0742103 0.335954
 2.35619 0.405583 0.074037 0.331546
 2.38761 0.400368 0.0737267 0.326641
 2.41903 0.394526 0.0732894 0.321236
 2.45044 0.388082 0.0727347 0.315347
 2.48186 0.381097 0.0720716 0.309025
 2.51327 0.373703 0.0713087 0.302395
 2.54469 0.36618 0.0704541 0.295726
 2.57611 0.359145 0.0695158 0.289629
 2.60752 0.354131 0.068501 0.28563
 2.63894 0.355845 0.0674169 0.288428
 2.67035 0.387432 0.0662701 0.321162
 2.70177 2.56222 0.065067 2.49715
 2.73319 0.1455 0.0638136 0.0816865
 2.7646 0.178405 0.0625156 0.115889
 2.79602 0.172095 0.0611784 0.110916
 2.82743 0.154315 0.0598073 0.0945077
 2.85885 0.13014 0.0584069 0.0717334
 2.89027 0.100953 0.0569819 0.0439713
 2.92168 0.0670371 0.0555366 0.0115005
 2.9531 0.0281973 0.0540752 -0.0258778
 2.98451 -0.0160547 0.0526013 -0.0686561
 3.01593 -0.0664545 0.0511187 -0.117573
 3.04734 -0.123997 0.0496308 -0.173628
 3.07876 -0.189987 0.0481407 -0.238128
 3.11018 -0.266134 0.0466514 -0.312785
 3.14159 -0.354688 0.0451657 -0.399853


 dev = 0.0132564
 -1.39743e+06 1.55898e+06 -224861 -200086 45582.6
 1.39726e+06 -854035 322790 -172022


 0.0314159 -31.3178 -31.3181 0.000356071
 0.0628319 -15.3896 -15.3903 0.000737722
 0.0942478 -10.0728 -10.0733 0.000489371
 0.125664 -7.40918 -7.40933 0.000144765
 0.15708 -5.80707 -5.8069 -0.000172218
 0.188496 -4.7359 -4.73547 -0.000425741
 0.219911 -3.96829 -3.96768 -0.000607182
 0.251327 -3.39056 -3.38984 -0.000718268
 0.282743 -2.93956 -2.93879 -0.000765108
 0.314159 -2.57739 -2.57664 -0.000755697
 0.345575 -2.27995 -2.27925 -0.000698739
 0.376991 -2.03116 -2.03056 -0.000603036
 0.408407 -1.8199 -1.81943 -0.000477154
 0.439823 -1.63823 -1.6379 -0.000329222
 0.471239 -1.4803 -1.48013 -0.000166819
 0.502655 -1.34175 -1.34176 3.10003e-06
 0.534071 -1.21924 -1.21942 0.00017424
 0.565487 -1.11017 -1.11051 0.000340984
 0.596903 -1.01248 -1.01298 0.000498398
 0.628319 -0.924524 -0.925166 0.000642223
 0.659734 -0.844969 -0.845738 0.000768857
 0.69115 -0.772724 -0.7736 0.000875331
 0.722566 -0.706885 -0.707844 0.000959284
 0.753982 -0.646696 -0.647715 0.00101893
 0.785398 -0.591521 -0.592574 0.001053
 0.816814 -0.540821 -0.541882 0.00106075
 0.84823 -0.494134 -0.495176 0.00104186
 0.879646 -0.451062 -0.452059 0.000996454
 0.911062 -0.411262 -0.412187 0.00092499
 0.942478 -0.374434 -0.375262 0.000828263
 0.973894 -0.340314 -0.341021 0.000707343
 1.00531 -0.308671 -0.309234 0.000563524
 1.03673 -0.2793 -0.279698 0.000398288
 1.06814 -0.252018 -0.252232 0.000213249
 1.09956 -0.226664 -0.226674 1.0109e-05
 1.13097 -0.20309 -0.20288 -0.000209392
 1.16239 -0.181165 -0.180722 -0.00044353
 1.19381 -0.160772 -0.160081 -0.000690653
 1.22522 -0.141801 -0.140852 -0.000949244
 1.25664 -0.124157 -0.122939 -0.00121801
 1.28805 -0.107749 -0.106253 -0.00149595
 1.31947 -0.0924978 -0.0907153 -0.00178253
 1.35088 -0.0783293 -0.0762515 -0.00207781
 1.3823 -0.0651769 -0.0627941 -0.00238275
 1.41372 -0.0529806 -0.050281 -0.00269961
 1.44513 -0.0416869 -0.0386543 -0.0030326
 1.47655 -0.0312498 -0.0278607 -0.0033891
 1.50796 -0.0216326 -0.0178508 -0.0037818
 1.53938 -0.0128113 -0.00857819 -0.00423309
 1.5708 -0.00478468 -1.60695e-17 -0.00478468
 1.60221 0.00240207 0.007924 -0.00552194
 1.63363 0.00858385 0.0152314 -0.00664759
 1.66504 0.0131749 0.0219576 -0.00878273
 1.69646 0.0129627 0.0281357 -0.015173
 1.72788 0.253057 0.0337967 0.21926
 1.75929 0.0469659 0.0389702 0.0079957
 1.79071 0.0462554 0.0436837 0.00257165
 1.82212 0.0486544 0.0479635 0.000690917
 1.85354 0.0515772 0.0518342 -0.000257044
 1.88496 0.0545031 0.0553193 -0.00081623
 1.91637 0.0572694 0.0584408 -0.00117143
 1.94779 0.0598169 0.0612199 -0.00140298
 1.9792 0.0621247 0.0636764 -0.00155168
 2.01062 0.0641885 0.0658292 -0.00164071
 2.04204 0.0660119 0.0676964 -0.0016844
 2.07345 0.0676026 0.0692949 -0.0016923
 2.10487 0.06897 0.0706412 -0.00167117
 2.13628 0.0701245 0.0717506 -0.00162609
 2.1677 0.0710769 0.0726379 -0.00156104
 2.19911 0.0718378 0.0733171 -0.00147933
 2.23053 0.0724177 0.0738015 -0.00138377
 2.26195 0.072827 0.0741039 -0.00127684
 2.29336 0.0730755 0.0742363 -0.0011608
 2.32478 0.0731726 0.0742103 -0.00103772
 2.35619 0.0731274 0.074037 -0.000909555
 2.38761 0.0729485 0.0737267 -0.000778149
 2.41903 0.0726442 0.0732894 -0.000645267
 2.45044 0.0722221 0.0727347 -0.000512603
 2.48186 0.0716898 0.0720716 -0.000381793
 2.51327 0.0710542 0.0713087 -0.000254414
 2.54469 0.0703221 0.0704541 -0.000131995
 2.57611 0.0694998 0.0695158 -1.60127e-05
 2.60752 0.0685931 0.068501 9.21043e-05
 2.63894 0.0676079 0.0674169 0.000190977
 2.67035 0.0665494 0.0662701 0.000279275
 2.70177 0.0654227 0.065067 0.00035572
 2.73319 0.0642327 0.0638136 0.000419081
 2.7646 0.0629838 0.0625156 0.000468183
 2.79602 0.0616803 0.0611784 0.000501902
 2.82743 0.0603264 0.0598073 0.000519168
 2.85885 0.0589259 0.0584069 0.000518964
 2.89027 0.0574822 0.0569819 0.000500331
 2.92168 0.055999 0.0555366 0.000462366
 2.9531 0.0544794 0.0540752 0.00040422
 2.98451 0.0529264 0.0526013 0.000325101
 3.01593 0.051343 0.0511187 0.000224277
 3.04734 0.0497319 0.0496308 0.00010107
 3.07876 0.0480956 0.0481407 -4.51399e-05
 3.11018 0.0464365 0.0466514 -0.000214918
 3.14159 0.0447569 0.0451657 -0.000408771
