# numer: (-6.897954971975262e-13,-8.0063017847409323e-14,6.3714111027055043e-13,-2.3104031166530647e-13,2.2804913678482232e-14)
# denom: (-0.99999999999999967,7.0636703951298951e-13,3.7563311836019686e-13,-3.6795436489378552e-14,4.3859792913433088e-14)


 0.0314159 -30.2436 -31.3181 1.07455
 0.0628319 -14.9911 -15.3903 0.399211
 0.0942478 -9.86051 -10.0733 0.212769
 0.125664 -7.27158 -7.40933 0.137747
 0.15708 -5.7076 -5.8069 0.0993019
 0.188496 -4.66225 -4.73547 0.0732236
 0.219911 -3.91288 -3.96768 0.054805
 0.251327 -3.34663 -3.38984 0.0432159
 0.282743 -2.90468 -2.93879 0.0341183
 0.314159 -2.54865 -2.57664 0.0279885
 0.345575 -2.25556 -2.27925 0.0236941
 0.376991 -2.01069 -2.03056 0.0198684
 0.408407 -1.80294 -1.81943 0.016488
 0.439823 -1.62392 -1.6379 0.0139796
 0.471239 -1.46807 -1.48013 0.0120581
 0.502655 -1.33122 -1.34176 0.0105352
 0.534071 -1.21013 -1.21942 0.00928497
 0.565487 -1.10253 -1.11051 0.00798621
 0.596903 -1.00589 -1.01298 0.00708904
 0.628319 -0.918888 -0.925166 0.00627795
 0.659734 -0.84021 -0.845738 0.00552834
 0.69115 -0.768775 -0.7736 0.00482429
 0.722566 -0.703577 -0.707844 0.0042668
 0.753982 -0.643909 -0.647715 0.00380576
 0.785398 -0.589167 -0.592574 0.00340671
 0.816814 -0.538908 -0.541882 0.00297412
 0.84823 -0.492529 -0.495176 0.00264692
 0.879646 -0.449671 -0.452059 0.00238743
 0.911062 -0.410113 -0.412187 0.00207425
 0.942478 -0.373411 -0.375262 0.00185065
 0.973894 -0.339373 -0.341021 0.00164804
 1.00531 -0.30787 -0.309234 0.00136405
 1.03673 -0.278478 -0.279698 0.00121973
 1.06814 -0.251137 -0.252232 0.00109407
 1.09956 -0.225695 -0.226674 0.00097827
 1.13097 -0.202065 -0.20288 0.00081512
 1.16239 -0.180009 -0.180722 0.000712899
 1.19381 -0.159445 -0.160081 0.000635591
 1.22522 -0.140312 -0.140852 0.000540025
 1.25664 -0.122532 -0.122939 0.000407099
 1.28805 -0.105899 -0.106253 0.000354299
 1.31947 -0.0904179 -0.0907153 0.000297359
 1.35088 -0.0760134 -0.0762515 0.000238046
 1.3823 -0.0626195 -0.0627941 0.000174595
 1.41372 -0.0501382 -0.050281 0.000142705
 1.44513 -0.0385605 -0.0386543 9.37741e-05
 1.47655 -0.0278056 -0.0278607 5.51463e-05
 1.50796 -0.0178306 -0.0178508 2.01444e-05
 1.53938 -0.00859336 -0.00857819 -1.51769e-05
 1.5708 -4.63336e-05 -1.60695e-17 -4.63336e-05
 1.60221 0.00784823 0.007924 -7.57727e-05
 1.63363 0.0151259 0.0152314 -0.0001055
 1.66504 0.0218232 0.0219576 -0.000134421
 1.69646 0.0279783 0.0281357 -0.00015741
 1.72788 0.0336139 0.0337967 -0.000182881
 1.75929 0.0387695 0.0389702 -0.000200747
 1.79071 0.0434521 0.0436837 -0.000231652
 1.82212 0.0477102 0.0479635 -0.00025336
 1.85354 0.051557 0.0518342 -0.000277192
 1.88496 0.0550167 0.0553193 -0.000302558
 1.91637 0.0581228 0.0584408 -0.00031805
 1.94779 0.0608828 0.0612199 -0.000337053
 1.9792 0.0633133 0.0636764 -0.000363044
 2.01062 0.0654515 0.0658292 -0.000377692
 2.04204 0.0672971 0.0676964 -0.000399272
 2.07345 0.0688727 0.0692949 -0.000422254
 2.10487 0.0702001 0.0706412 -0.00044112
 2.13628 0.0712875 0.0717506 -0.000463163
 2.1677 0.072155 0.0726379 -0.000482871
 2.19911 0.072816 0.0733171 -0.000501129
 2.23053 0.0732887 0.0738015 -0.000512826
 2.26195 0.0735713 0.0741039 -0.000532595
 2.29336 0.0736871 0.0742363 -0.000549218
 2.32478 0.0736468 0.0742103 -0.000563518
 2.35619 0.0734572 0.074037 -0.000579758
 2.38761 0.0731336 0.0737267 -0.000593115
 2.41903 0.0726851 0.0732894 -0.000604299
 2.45044 0.0721192 0.0727347 -0.000615521
 2.48186 0.0714399 0.0720716 -0.000631735
 2.51327 0.0706766 0.0713087 -0.00063201
 2.54469 0.0698158 0.0704541 -0.000638292
 2.57611 0.0688683 0.0695158 -0.000647427
 2.60752 0.0678535 0.068501 -0.000647515
 2.63894 0.0667633 0.0674169 -0.000653586
 2.67035 0.0656182 0.0662701 -0.000651873
 2.70177 0.0644109 0.065067 -0.000656046
 2.73319 0.0631558 0.0638136 -0.00065776
 2.7646 0.0618676 0.0625156 -0.000648002
 2.79602 0.0605303 0.0611784 -0.000648179
 2.82743 0.0591654 0.0598073 -0.000641818
 2.85885 0.0577735 0.0584069 -0.000633375
 2.89027 0.0563605 0.0569819 -0.000621388
 2.92168 0.0549247 0.0555366 -0.000611963
 2.9531 0.0534775 0.0540752 -0.000597715
 2.98451 0.0520156 0.0526013 -0.000585778
 3.01593 0.05055 0.0511187 -0.000568761
 3.04734 0.0490777 0.0496308 -0.000553124
 3.07876 0.0476102 0.0481407 -0.000530453
 3.11018 0.046141 0.0466514 -0.000510369
 3.14159 0.0446795 0.0451657 -0.000486192
# numer: (1.60945443941518e-11,-1.9478957584651986e-11,5.7331052043948995e-12,5.082268101609872e-13,-2.5255025887471367e-13)
# denom: (-1.0000000000000007,-1.6067817373185121e-11,1.1146405937561578e-11,-4.9622457139878977e-12,1.7962847195936602e-12)


 0.0314159 -31.3215 -31.3181 -0.00334609
 0.0628319 -15.3945 -15.3903 -0.00421731
 0.0942478 -10.0777 -10.0733 -0.00438165
 0.125664 -7.41331 -7.40933 -0.00398059
 0.15708 -5.8111 -5.8069 -0.00420083
 0.188496 -4.7403 -4.73547 -0.00482316
 0.219911 -3.973 -3.96768 -0.00531867
 0.251327 -3.39602 -3.38984 -0.00617327
 0.282743 -2.94535 -2.93879 -0.00655596
 0.314159 -2.58381 -2.57664 -0.00717594
 0.345575 -2.28682 -2.27925 -0.00756639
 0.376991 -2.03847 -2.03056 -0.00790728
 0.408407 -1.82761 -1.81943 -0.00818644
 0.439823 -1.64628 -1.6379 -0.00838724
 0.471239 -1.48869 -1.48013 -0.00855394
 0.502655 -1.35036 -1.34176 -0.00859862
 0.534071 -1.22803 -1.21942 -0.00860743
 0.565487 -1.1191 -1.11051 -0.00858526
 0.596903 -1.02151 -1.01298 -0.00853106
 0.628319 -0.933607 -0.925166 -0.0084412
 0.659734 -0.854077 -0.845738 -0.00833919
 0.69115 -0.781812 -0.7736 -0.00821228
 0.722566 -0.715939 -0.707844 -0.00809534
 0.753982 -0.655703 -0.647715 -0.00798809
 0.785398 -0.600444 -0.592574 -0.00787021
 0.816814 -0.549641 -0.541882 -0.00775972
 0.84823 -0.502843 -0.495176 -0.0076669
 0.879646 -0.459656 -0.452059 -0.00759678
 0.911062 -0.419738 -0.412187 -0.00755093
 0.942478 -0.382791 -0.375262 -0.00752866
 0.973894 -0.348559 -0.341021 -0.00753765
 1.00531 -0.316789 -0.309234 -0.00755511
 1.03673 -0.287318 -0.279698 -0.00762032
 1.06814 -0.259939 -0.252232 -0.00770732
 1.09956 -0.23451 -0.226674 -0.0078361
 1.13097 -0.210858 -0.20288 -0.00797748
 1.16239 -0.18887 -0.180722 -0.00814794
 1.19381 -0.168433 -0.160081 -0.0083522
 1.22522 -0.149435 -0.140852 -0.00858333
 1.25664 -0.131771 -0.122939 -0.00883184
 1.28805 -0.115364 -0.106253 -0.0091107
 1.31947 -0.100121 -0.0907153 -0.00940615
 1.35088 -0.0859759 -0.0762515 -0.00972441
 1.3823 -0.0728578 -0.0627941 -0.0100637
 1.41372 -0.0607011 -0.050281 -0.0104202
 1.44513 -0.0494456 -0.0386543 -0.0107913
 1.47655 -0.0390407 -0.0278607 -0.01118
 1.50796 -0.0294384 -0.0178508 -0.0115876
 1.53938 -0.0205904 -0.00857819 -0.0120122
 1.5708 -0.0124583 -1.60695e-17 -0.0124583
 1.60221 -0.00500432 0.007924 -0.0129283
 1.63363 0.00180284 0.0152314 -0.0134286
 1.66504 0.00798811 0.0219576 -0.0139695
 1.69646 0.0135659 0.0281357 -0.0145697
 1.72788 0.0185434 0.0337967 -0.0152534
 1.75929 0.0228939 0.0389702 -0.0160763
 1.79071 0.0265689 0.0436837 -0.0171149
 1.82212 0.0293875 0.0479635 -0.018576
 1.85354 0.0309293 0.0518342 -0.0209049
 1.88496 0.0296961 0.0553193 -0.0256232
 1.91637 0.0162712 0.0584408 -0.0421696
 1.94779 0.141378 0.0612199 0.0801582
 1.9792 0.0678639 0.0636764 0.00418758
 2.01062 0.0619414 0.0658292 -0.00388776
 2.04204 0.0606441 0.0676964 -0.00705226
 2.07345 0.0605364 0.0692949 -0.00875849
 2.10487 0.0608018 0.0706412 -0.00983942
 2.13628 0.0611747 0.0717506 -0.0105759
 2.1677 0.0615209 0.0726379 -0.011117
 2.19911 0.0617945 0.0733171 -0.0115225
 2.23053 0.0619708 0.0738015 -0.0118307
 2.26195 0.0620347 0.0741039 -0.0120692
 2.29336 0.0619831 0.0742363 -0.0122532
 2.32478 0.0618161 0.0742103 -0.0123942
 2.35619 0.061538 0.074037 -0.012499
 2.38761 0.0611511 0.0737267 -0.0125756
 2.41903 0.0606625 0.0732894 -0.012627
 2.45044 0.0600771 0.0727347 -0.0126576
 2.48186 0.0593997 0.0720716 -0.0126719
 2.51327 0.0586387 0.0713087 -0.0126699
 2.54469 0.0577966 0.0704541 -0.0126575
 2.57611 0.0568808 0.0695158 -0.0126349
 2.60752 0.0558966 0.068501 -0.0126044
 2.63894 0.0548481 0.0674169 -0.0125688
 2.67035 0.0537411 0.0662701 -0.0125289
 2.70177 0.0525797 0.065067 -0.0124872
 2.73319 0.0513685 0.0638136 -0.012445
 2.7646 0.0501124 0.0625156 -0.0124032
 2.79602 0.0488145 0.0611784 -0.0123639
 2.82743 0.0474792 0.0598073 -0.0123281
 2.85885 0.0461097 0.0584069 -0.0122972
 2.89027 0.0447096 0.0569819 -0.0122723
 2.92168 0.0432815 0.0555366 -0.0122551
 2.9531 0.0418294 0.0540752 -0.0122457
 2.98451 0.0403549 0.0526013 -0.0122464
 3.01593 0.0388614 0.0511187 -0.0122573
 3.04734 0.0373515 0.0496308 -0.0122793
 3.07876 0.0358272 0.0481407 -0.0123135
 3.11018 0.0342903 0.0466514 -0.0123611
 3.14159 0.0327435 0.0451657 -0.0124223
# numer: (4.4896811962624739e-16,1.302560490024085e-15,-2.9657266226168488e-15,1.6258695778592624e-15,-2.3796882433341215e-16)
# denom: (-0.99999999999999956,3.6132663701338164e-15,1.0373646386341306e-15,-3.6522434382346702e-15,1.0286368111456223e-15)


 0.0314159 0.877324 -31.3181 32.1955
 0.0628319 0.779876 -15.3903 16.1702
 0.0942478 0.703501 -10.0733 10.7768
 0.125664 0.640622 -7.40933 8.04995
 0.15708 0.587023 -5.8069 6.39392
 0.188496 0.54017 -4.73547 5.27564
 0.219911 0.498446 -3.96768 4.46613
 0.251327 0.460769 -3.38984 3.85061
 0.282743 0.426385 -2.93879 3.36518
 0.314159 0.394752 -2.57664 2.97139
 0.345575 0.365471 -2.27925 2.64472
 0.376991 0.338238 -2.03056 2.3688
 0.408407 0.312818 -1.81943 2.13225
 0.439823 0.289025 -1.6379 1.92692
 0.471239 0.281527 -1.48013 1.76166
 0.502655 0.258685 -1.34176 1.60044
 0.534071 0.23735 -1.21942 1.45677
 0.565487 0.228266 -1.11051 1.33878
 0.596903 0.208183 -1.01298 1.22116
 0.628319 0.198492 -0.925166 1.12366
 0.659734 0.179844 -0.845738 1.02558
 0.69115 0.169919 -0.7736 0.943519
 0.722566 0.152824 -0.707844 0.860668
 0.753982 0.142973 -0.647715 0.790687
 0.785398 0.133044 -0.592574 0.725618
 0.816814 0.123103 -0.541882 0.664984
 0.84823 0.113212 -0.495176 0.608388
 0.879646 0.103433 -0.452059 0.555492
 0.911062 0.0938238 -0.412187 0.506011
 0.942478 0.0844409 -0.375262 0.459703
 0.973894 0.0753383 -0.341021 0.41636
 1.00531 0.0729081 -0.309234 0.382142
 1.03673 0.0669076 -0.279698 0.346606
 1.06814 0.0607958 -0.252232 0.313027
 1.09956 0.0491512 -0.226674 0.275825
 1.13097 0.0433083 -0.20288 0.246189
 1.16239 0.0397392 -0.180722 0.220461
 1.19381 0.0285287 -0.160081 0.18861
 1.22522 0.0235079 -0.140852 0.16436
 1.25664 0.0177583 -0.122939 0.140697
 1.28805 0.0136654 -0.106253 0.119919
 1.31947 0.00951923 -0.0907153 0.100234
 1.35088 0.00725586 -0.0762515 0.0835073
 1.3823 0.00616167 -0.0627941 0.0689558
 1.41372 0.00360487 -0.050281 0.0538858
 1.44513 0.00550419 -0.0386543 0.0441585
 1.47655 0.00691575 -0.0278607 0.0347765
 1.50796 0.00964624 -0.0178508 0.027497
 1.53938 0.0209029 -0.00857819 0.0294811
 1.5708 0.0452432 -1.60695e-17 0.0452432
 1.60221 0.0626073 0.007924 0.0546833
 1.63363 0.166958 0.0152314 0.151726
 1.66504 0.107882 0.0219576 0.0859244
 1.69646 0.407497 0.0281357 0.379361
 1.72788 0.502011 0.0337967 0.468214
 1.75929 -0.607185 0.0389702 -0.646155
 1.79071 0.72299 0.0436837 0.679307
 1.82212 -0.849374 0.0479635 -0.897338
 1.85354 1.97252 0.0518342 1.92068
 1.88496 -1.13354 0.0553193 -1.18886
 1.91637 -0.645543 0.0584408 -0.703984
 1.94779 -0.364687 0.0612199 -0.425907
 1.9792 -0.818172 0.0636764 -0.881849
 2.01062 -0.364735 0.0658292 -0.430564
 2.04204 -0.336751 0.0676964 -0.404447
 2.07345 -0.371098 0.0692949 -0.440393
 2.10487 -0.40694 0.0706412 -0.477581
 2.13628 -0.380765 0.0717506 -0.452516
 2.1677 -0.482902 0.0726379 -0.55554
 2.19911 -0.522909 0.0733171 -0.596226
 2.23053 -0.483585 0.0738015 -0.557387
 2.26195 -0.519991 0.0741039 -0.594095
 2.29336 -0.557365 0.0742363 -0.631601
 2.32478 -0.521186 0.0742103 -0.595396
 2.35619 -0.634751 0.074037 -0.708788
 2.38761 -0.674623 0.0737267 -0.748349
 2.41903 -1.00125 0.0732894 -1.07454
 2.45044 -0.882403 0.0727347 -0.955138
 2.48186 -1.86208 0.0720716 -1.93415
 2.51327 -0.980189 0.0713087 -1.0515
 2.54469 -1.54461 0.0704541 -1.61507
 2.57611 -3.23878 0.0695158 -3.3083
 2.60752 -6.77777 0.068501 -6.84627
 2.63894 inf 0.0674169 inf
 2.67035 -7.37864 0.0662701 -7.44491
 2.70177 5.11855 0.065067 5.05348
 2.73319 2.27861 0.0638136 2.2148
 2.7646 2.75659 0.0625156 2.69408
 2.79602 1.22299 0.0611784 1.16181
 2.82743 1.0409 0.0598073 0.981097
 2.85885 0.702248 0.0584069 0.643841
 2.89027 0.648594 0.0569819 0.591612
 2.92168 0.552739 0.0555366 0.497202
 2.9531 0.484547 0.0540752 0.430472
 2.98451 0.424354 0.0526013 0.371753
 3.01593 0.379119 0.0511187 0.328
 3.04734 0.343741 0.0496308 0.29411
 3.07876 0.339815 0.0481407 0.291675
 3.11018 0.295441 0.0466514 0.248789
 3.14159 0.281742 0.0451657 0.236576
# numer: (-1.7812658357867217e-13,3.2275614472720981e-13,-1.6962624881100563e-13,2.8540483778399794e-14,-3.4691759014104928e-16)
# denom: (-0.99999999999999045,5.3492163498182477e-15,-1.0068728077856914e-14,2.7328162790444394e-15,-9.2788012448735517e-17)


 0.0314159 -17.4091 -31.3181 13.909
 0.0628319 -16.0419 -15.3903 -0.651602
 0.0942478 -14.931 -10.0733 -4.8577
 0.125664 -13.876 -7.40933 -6.4667
 0.15708 -13.0162 -5.8069 -7.20931
 0.188496 -12.0544 -4.73547 -7.31897
 0.219911 -11.2638 -3.96768 -7.29615
 0.251327 -10.3895 -3.38984 -6.99962
 0.282743 -9.66454 -2.93879 -6.72575
 0.314159 -8.96745 -2.57664 -6.39082
 0.345575 -8.29769 -2.27925 -6.01844
 0.376991 -7.65475 -2.03056 -5.62419
 0.408407 -7.11463 -1.81943 -5.2952
 0.439823 -6.51739 -1.6379 -4.87949
 0.471239 -6.01107 -1.48013 -4.53094
 0.502655 -5.51913 -1.34176 -4.17737
 0.534071 -4.98551 -1.21942 -3.76609
 0.565487 -4.52678 -1.11051 -3.41627
 0.596903 -4.08225 -1.01298 -3.06928
 0.628319 -3.69434 -0.925166 -2.76918
 0.659734 -3.27367 -0.845738 -2.42794
 0.69115 -2.86713 -0.7736 -2.09353
 0.722566 -2.47466 -0.707844 -1.76682
 0.753982 -2.1221 -0.647715 -1.47439
 0.785398 -1.75341 -0.592574 -1.16084
 0.816814 -1.41664 -0.541882 -0.874763
 0.84823 -1.0858 -0.495176 -0.590626
 0.879646 -0.76074 -0.452059 -0.308681
 0.911062 -0.435261 -0.412187 -0.0230734
 0.942478 -0.125535 -0.375262 0.249727
 0.973894 0.178754 -0.341021 0.519775
 1.00531 0.492502 -0.309234 0.801737
 1.03673 0.809167 -0.279698 1.08887
 1.06814 1.09585 -0.252232 1.34808
 1.09956 1.34579 -0.226674 1.57246
 1.13097 1.71344 -0.20288 1.91632
 1.16239 1.93697 -0.180722 2.11769
 1.19381 2.17622 -0.160081 2.3363
 1.22522 2.4935 -0.140852 2.63436
 1.25664 3.07614 -0.122939 3.19908
 1.28805 3.17454 -0.106253 3.2808
 1.31947 3.38923 -0.0907153 3.47994
 1.35088 3.94824 -0.0762515 4.0245
 1.3823 4.38696 -0.0627941 4.44975
 1.41372 4.36112 -0.050281 4.4114
 1.44513 4.67195 -0.0386543 4.71061
 1.47655 4.85042 -0.0278607 4.87828
 1.50796 4.87115 -0.0178508 4.889
 1.53938 5.87625 -0.00857819 5.88483
 1.5708 5.65241 -1.60695e-17 5.65241
 1.60221 6.22286 0.007924 6.21494
 1.63363 6.37655 0.0152314 6.36132
 1.66504 6.26676 0.0219576 6.2448
 1.69646 7.59512 0.0281357 7.56698
 1.72788 8.18522 0.0337967 8.15143
 1.75929 10.7889 0.0389702 10.75
 1.79071 8.59521 0.0436837 8.55152
 1.82212 10.8295 0.0479635 10.7815
 1.85354 11.257 0.0518342 11.2051
 1.88496 10.7552 0.0553193 10.6999
 1.91637 15.3454 0.0584408 15.287
 1.94779 58.1147 0.0612199 58.0535
 1.9792 36.5016 0.0636764 36.4379
 2.01062 51.316 0.0658292 51.2502
 2.04204 inf 0.0676964 inf
 2.07345 -44.3078 0.0692949 -44.3771
 2.10487 81.5581 0.0706412 81.4874
 2.13628 -37.2625 0.0717506 -37.3342
 2.1677 -11.2598 0.0726379 -11.3325
 2.19911 -10.1172 0.0733171 -10.1905
 2.23053 -9.0001 0.0738015 -9.0739
 2.26195 -5.93666 0.0741039 -6.01077
 2.29336 -6.8707 0.0742363 -6.94493
 2.32478 -4.40447 0.0742103 -4.47868
 2.35619 -3.6963 0.074037 -3.77034
 2.38761 -2.42706 0.0737267 -2.50079
 2.41903 -3.22978 0.0732894 -3.30307
 2.45044 -1.8671 0.0727347 -1.93983
 2.48186 -1.83119 0.0720716 -1.90326
 2.51327 -0.630981 0.0713087 -0.70229
 2.54469 -0.591595 0.0704541 -0.662049
 2.57611 -0.314003 0.0695158 -0.383518
 2.60752 -0.0951432 0.068501 -0.163644
 2.63894 -0.0115987 0.0674169 -0.0790156
 2.67035 0.00277255 0.0662701 -0.0634975
 2.70177 -0.108029 0.065067 -0.173096
 2.73319 -1.07272 0.0638136 -1.13653
 2.7646 -0.563887 0.0625156 -0.626403
 2.79602 -3.8933 0.0611784 -3.95448
 2.82743 inf 0.0598073 inf
 2.85885 5.74417 0.0584069 5.68576
 2.89027 23.4854 0.0569819 23.4284
 2.92168 5.13552 0.0555366 5.07999
 2.9531 5.60811 0.0540752 5.55404
 2.98451 4.07144 0.0526013 4.01884
 3.01593 4.26112 0.0511187 4.21
 3.04734 4.4808 0.0496308 4.43117
 3.07876 4.72274 0.0481407 4.6746
 3.11018 4.74504 0.0466514 4.69839
 3.14159 5.25651 0.0451657 5.21135
# numer: (7.6033563126132186e-12,-1.7300390287022793e-11,1.4247349827689604e-11,-5.0506886541991369e-12,6.5166914155504949e-13)
# denom: (-0.99999999999992362,-1.6208608179322636e-13,1.2807183394044405e-13,-4.4764939944165558e-14,5.8423126625349576e-15)


 0.0314159 99.0898 -31.3181 130.408
 0.0628319 98.4849 -15.3903 113.875
 0.0942478 98.0371 -10.0733 108.11
 0.125664 97.396 -7.40933 104.805
 0.15708 96.7102 -5.8069 102.517
 0.188496 96.1738 -4.73547 100.909
 0.219911 95.3522 -3.96768 99.3199
 0.251327 94.6604 -3.38984 98.0503
 0.282743 93.8549 -2.93879 96.7937
 0.314159 93.1791 -2.57664 95.7557
 0.345575 92.3482 -2.27925 94.6274
 0.376991 91.3119 -2.03056 93.3425
 0.408407 90.3594 -1.81943 92.1789
 0.439823 89.1212 -1.6379 90.7591
 0.471239 87.9216 -1.48013 89.4018
 0.502655 86.7579 -1.34176 88.0997
 0.534071 85.6257 -1.21942 86.8451
 0.565487 84.0027 -1.11051 85.1133
 0.596903 82.8614 -1.01298 83.8744
 0.628319 81.1031 -0.925166 82.0283
 0.659734 79.2037 -0.845738 80.0494
 0.69115 77.113 -0.7736 77.8866
 0.722566 74.7687 -0.707844 75.4766
 0.753982 72.9231 -0.647715 73.5708
 0.785398 69.8847 -0.592574 70.4773
 0.816814 67.2801 -0.541882 67.822
 0.84823 64.1525 -0.495176 64.6477
 0.879646 61.4926 -0.452059 61.9447
 0.911062 56.9161 -0.412187 57.3283
 0.942478 52.5998 -0.375262 52.975
 0.973894 48.5514 -0.341021 48.8924
 1.00531 44.7897 -0.309234 45.0989
 1.03673 36.5868 -0.279698 36.8665
 1.06814 31.0649 -0.252232 31.3172
 1.09956 20.966 -0.226674 21.1927
 1.13097 15.4583 -0.20288 15.6612
 1.16239 0.729122 -0.180722 0.909844
 1.19381 -11.9069 -0.160081 -11.7468
 1.22522 -21.9426 -0.140852 -21.8017
 1.25664 -64.83 -0.122939 -64.707
 1.28805 -76.4728 -0.106253 -76.3666
 1.31947 -83.7833 -0.0907153 -83.6926
 1.35088 -145.525 -0.0762515 -145.449
 1.3823 -437.973 -0.0627941 -437.91
 1.41372 -141.868 -0.050281 -141.817
 1.44513 100.455 -0.0386543 100.494
 1.47655 -inf -0.0278607 -inf
 1.50796 -164.384 -0.0178508 -164.366
 1.53938 141.761 -0.00857819 141.77
 1.5708 117.461 -1.60695e-17 117.461
 1.60221 46.1593 0.007924 46.1514
 1.63363 67.1004 0.0152314 67.0852
 1.66504 -85.0097 0.0219576 -85.0316
 1.69646 -inf 0.0281357 -inf
 1.72788 inf 0.0337967 inf
 1.75929 -10.797 0.0389702 -10.836
 1.79071 38.09 0.0436837 38.0463
 1.82212 51.5017 0.0479635 51.4537
 1.85354 123.085 0.0518342 123.033
 1.88496 135.99 0.0553193 135.935
 1.91637 -70.7095 0.0584408 -70.768
 1.94779 -34.8027 0.0612199 -34.8639
 1.9792 43.1139 0.0636764 43.0502
 2.01062 -27.9811 0.0658292 -28.0469
 2.04204 -43.6046 0.0676964 -43.6723
 2.07345 -13.896 0.0692949 -13.9653
 2.10487 inf 0.0706412 inf
 2.13628 13.0802 0.0717506 13.0084
 2.1677 18.7046 0.0726379 18.6319
 2.19911 -inf 0.0733171 -inf
 2.23053 45.7559 0.0738015 45.6821
 2.26195 60.0715 0.0741039 59.9974
 2.29336 -inf 0.0742363 -inf
 2.32478 177.195 0.0742103 177.121
 2.35619 204.062 0.074037 203.988
 2.38761 228.673 0.0737267 228.599
 2.41903 -166.719 0.0732894 -166.792
 2.45044 -178.175 0.0727347 -178.247
 2.48186 -186.092 0.0720716 -186.164
 2.51327 -284.552 0.0713087 -284.623
 2.54469 -112.912 0.0704541 -112.983
 2.57611 -90.344 0.0695158 -90.4135
 2.60752 -55.4327 0.068501 -55.5012
 2.63894 -36.0161 0.0674169 -36.0835
 2.67035 -33.8966 0.0662701 -33.9629
 2.70177 -14.4054 0.065067 -14.4704
 2.73319 -3.17199 0.0638136 -3.2358
 2.7646 6.59395 0.0625156 6.53143
 2.79602 14.5561 0.0611784 14.4949
 2.82743 20.6286 0.0598073 20.5688
 2.85885 24.6781 0.0584069 24.6197
 2.89027 31.8271 0.0569819 31.7701
 2.92168 35.3291 0.0555366 35.2735
 2.9531 39.5758 0.0540752 39.5218
 2.98451 43.2187 0.0526013 43.1661
 3.01593 47.0018 0.0511187 46.9507
 3.04734 49.7135 0.0496308 49.6638
 3.07876 55.0477 0.0481407 54.9996
 3.11018 55.8752 0.0466514 55.8285
 3.14159 60.8995 0.0451657 60.8544


 dev = 0.0669731
 -6.89795e-13 -8.0063e-14 6.37141e-13 -2.3104e-13 2.28049e-14
 -1 7.06367e-13 3.75633e-13 -3.67954e-14 4.38598e-14


 0.0314159 -30.2436 -31.3181 1.07455
 0.0628319 -14.9911 -15.3903 0.399211
 0.0942478 -9.86051 -10.0733 0.212769
 0.125664 -7.27158 -7.40933 0.137747
 0.15708 -5.7076 -5.8069 0.0993019
 0.188496 -4.66225 -4.73547 0.0732236
 0.219911 -3.91288 -3.96768 0.054805
 0.251327 -3.34663 -3.38984 0.0432159
 0.282743 -2.90468 -2.93879 0.0341183
 0.314159 -2.54865 -2.57664 0.0279885
 0.345575 -2.25556 -2.27925 0.0236941
 0.376991 -2.01069 -2.03056 0.0198684
 0.408407 -1.80294 -1.81943 0.016488
 0.439823 -1.62392 -1.6379 0.0139796
 0.471239 -1.46807 -1.48013 0.0120581
 0.502655 -1.33122 -1.34176 0.0105352
 0.534071 -1.21013 -1.21942 0.00928497
 0.565487 -1.10253 -1.11051 0.00798621
 0.596903 -1.00589 -1.01298 0.00708904
 0.628319 -0.918888 -0.925166 0.00627795
 0.659734 -0.84021 -0.845738 0.00552834
 0.69115 -0.768775 -0.7736 0.00482429
 0.722566 -0.703577 -0.707844 0.0042668
 0.753982 -0.643909 -0.647715 0.00380576
 0.785398 -0.589167 -0.592574 0.00340671
 0.816814 -0.538908 -0.541882 0.00297412
 0.84823 -0.492529 -0.495176 0.00264692
 0.879646 -0.449671 -0.452059 0.00238743
 0.911062 -0.410113 -0.412187 0.00207425
 0.942478 -0.373411 -0.375262 0.00185065
 0.973894 -0.339373 -0.341021 0.00164804
 1.00531 -0.30787 -0.309234 0.00136405
 1.03673 -0.278478 -0.279698 0.00121973
 1.06814 -0.251137 -0.252232 0.00109407
 1.09956 -0.225695 -0.226674 0.00097827
 1.13097 -0.202065 -0.20288 0.00081512
 1.16239 -0.180009 -0.180722 0.000712899
 1.19381 -0.159445 -0.160081 0.000635591
 1.22522 -0.140312 -0.140852 0.000540025
 1.25664 -0.122532 -0.122939 0.000407099
 1.28805 -0.105899 -0.106253 0.000354299
 1.31947 -0.0904179 -0.0907153 0.000297359
 1.35088 -0.0760134 -0.0762515 0.000238046
 1.3823 -0.0626195 -0.0627941 0.000174595
 1.41372 -0.0501382 -0.050281 0.000142705
 1.44513 -0.0385605 -0.0386543 9.37741e-05
 1.47655 -0.0278056 -0.0278607 5.51463e-05
 1.50796 -0.0178306 -0.0178508 2.01444e-05
 1.53938 -0.00859336 -0.00857819 -1.51769e-05
 1.5708 -4.63336e-05 -1.60695e-17 -4.63336e-05
 1.60221 0.00784823 0.007924 -7.57727e-05
 1.63363 0.0151259 0.0152314 -0.0001055
 1.66504 0.0218232 0.0219576 -0.000134421
 1.69646 0.0279783 0.0281357 -0.00015741
 1.72788 0.0336139 0.0337967 -0.000182881
 1.75929 0.0387695 0.0389702 -0.000200747
 1.79071 0.0434521 0.0436837 -0.000231652
 1.82212 0.0477102 0.0479635 -0.00025336
 1.85354 0.051557 0.0518342 -0.000277192
 1.88496 0.0550167 0.0553193 -0.000302558
 1.91637 0.0581228 0.0584408 -0.00031805
 1.94779 0.0608828 0.0612199 -0.000337053
 1.9792 0.0633133 0.0636764 -0.000363044
 2.01062 0.0654515 0.0658292 -0.000377692
 2.04204 0.0672971 0.0676964 -0.000399272
 2.07345 0.0688727 0.0692949 -0.000422254
 2.10487 0.0702001 0.0706412 -0.00044112
 2.13628 0.0712875 0.0717506 -0.000463163
 2.1677 0.072155 0.0726379 -0.000482871
 2.19911 0.072816 0.0733171 -0.000501129
 2.23053 0.0732887 0.0738015 -0.000512826
 2.26195 0.0735713 0.0741039 -0.000532595
 2.29336 0.0736871 0.0742363 -0.000549218
 2.32478 0.0736468 0.0742103 -0.000563518
 2.35619 0.0734572 0.074037 -0.000579758
 2.38761 0.0731336 0.0737267 -0.000593115
 2.41903 0.0726851 0.0732894 -0.000604299
 2.45044 0.0721192 0.0727347 -0.000615521
 2.48186 0.0714399 0.0720716 -0.000631735
 2.51327 0.0706766 0.0713087 -0.00063201
 2.54469 0.0698158 0.0704541 -0.000638292
 2.57611 0.0688683 0.0695158 -0.000647427
 2.60752 0.0678535 0.068501 -0.000647515
 2.63894 0.0667633 0.0674169 -0.000653586
 2.67035 0.0656182 0.0662701 -0.000651873
 2.70177 0.0644109 0.065067 -0.000656046
 2.73319 0.0631558 0.0638136 -0.00065776
 2.7646 0.0618676 0.0625156 -0.000648002
 2.79602 0.0605303 0.0611784 -0.000648179
 2.82743 0.0591654 0.0598073 -0.000641818
 2.85885 0.0577735 0.0584069 -0.000633375
 2.89027 0.0563605 0.0569819 -0.000621388
 2.92168 0.0549247 0.0555366 -0.000611963
 2.9531 0.0534775 0.0540752 -0.000597715
 2.98451 0.0520156 0.0526013 -0.000585778
 3.01593 0.05055 0.0511187 -0.000568761
 3.04734 0.0490777 0.0496308 -0.000553124
 3.07876 0.0476102 0.0481407 -0.000530453
 3.11018 0.046141 0.0466514 -0.000510369
 3.14159 0.0446795 0.0451657 -0.000486192
